Carrier Code,Date (MM/DD/YYYY),Flight Number,Tail Number,Destination Airport,Scheduled departure time,Actual departure time,Departure delay (Minutes),Delay Carrier (Minutes),Delay Weather (Minutes),Delay National Aviation System (Minutes),Delay Security (Minutes),Delay Late Aircraft Arrival (Minutes)
"F9","01/01/2024","0458","N613FR","MSP","10:30","10:30","0","0","0","0","0","0"
"F9","01/01/2024","0692","N309FR","DCA","16:43","16:44","1","0","0","0","0","0"
"F9","01/01/2024","0694","N336FR","DCA","11:48","12:15","27","27","0","8","0","0"
"F9","01/01/2024","0696","N228FR","DCA","07:25","07:15","-10","0","0","0","0","0"
"F9","01/01/2024","0738","N722FR","TPA","06:10","06:09","-1","0","0","0","0","0"
"F9","01/01/2024","0761","N622FR","PHX","18:54","18:47","-7","0","0","0","0","0"
"F9","01/01/2024","1128","N701FR","OMA","18:30","18:20","-10","0","0","0","0","0"
"F9","01/01/2024","1162","N312FR","HOU","16:06","19:03","177","43","0","0","0","117"
"F9","01/01/2024","1229","N606FR","SFO","06:00","05:58","-2","0","0","0","0","0"
"F9","01/01/2024","1248","N229FR","GRR","05:55","05:46","-9","0","0","19","0","0"
"F9","01/01/2024","1261","N713FR","ONT","10:33","10:26","-7","0","0","0","0","0"
"F9","01/01/2024","1280","N375FR","MIA","22:35","22:31","-4","0","0","0","0","0"
"F9","01/01/2024","1292","N634FR","MSP","16:04","17:36","92","70","0","22","0","22"
"F9","01/01/2024","1362","N381FR","CLT","15:35","15:50","15","12","0","13","0","3"
"F9","01/01/2024","1450","N318FR","ATL","00:59","03:46","167","167","0","27","0","0"
"F9","01/01/2024","1499","N372FR","ONT","23:08","22:56","-12","0","0","0","0","0"
"F9","01/01/2024","1530","N396FR","CLT","05:30","05:30","0","0","0","0","0","0"
"F9","01/01/2024","1560","N364FR","MSN","06:00","05:49","-11","0","0","0","0","0"
"F9","01/01/2024","1608","N613FR","MKE","17:43","17:41","-2","0","0","0","0","0"
"F9","01/01/2024","1734","N346FR","MCO","00:49","00:38","-11","0","0","0","0","0"
"F9","01/01/2024","1789","N605FR","PDX","21:32","21:38","6","0","0","0","0","0"
"F9","01/01/2024","1928","N235FR","OKC","16:33","16:29","-4","0","0","0","0","0"
"F9","01/01/2024","1993","N373FR","LAS","18:58","18:59","1","0","0","0","0","0"
"F9","01/01/2024","2015","N373FR","LAS","12:57","12:51","-6","0","0","0","0","0"
"F9","01/01/2024","2141","N229FR","PHX","13:40","13:30","-10","0","0","0","0","0"
"F9","01/01/2024","2148","N364FR","DFW","19:33","19:20","-13","0","0","0","0","0"
"F9","01/01/2024","2210","N352FR","MDW","21:27","21:26","-1","0","0","0","0","0"
"F9","01/01/2024","2348","N372FR","IND","15:47","15:37","-10","0","0","0","0","0"
"F9","01/01/2024","2349","N349FR","LAS","15:47","15:48","1","0","0","0","0","0"
"F9","01/01/2024","2360","N713FR","MSY","17:35","17:33","-2","0","0","0","0","0"
"F9","01/01/2024","2429","N702FR","LAS","22:20","22:14","-6","0","0","0","0","0"
"F9","01/01/2024","2706","N381FR","BWI","06:05","06:07","2","2","0","31","0","0"
"F9","01/01/2024","2712","N334FR","PNS","17:34","17:38","4","0","0","0","0","0"
"F9","01/01/2024","3138","N396FR","RSW","14:27","14:20","-7","0","0","0","0","0"
"F9","01/01/2024","3230","N721FR","IAH","09:00","08:54","-6","0","0","0","0","0"
"F9","01/01/2024","3286","N611FR","CVG","05:35","05:25","-10","0","0","0","0","0"
"F9","01/01/2024","3294","N332FR","ATL","07:00","06:53","-7","0","0","0","0","0"
"F9","01/01/2024","3312","N332FR","MCO","15:13","15:11","-2","0","0","0","0","0"
"F9","01/01/2024","3340","N316FR","PHL","00:34","00:35","1","0","0","0","0","0"
"F9","01/01/2024","3578","N702FR","DTW","05:30","05:27","-3","0","0","0","0","0"
"F9","01/01/2024","3843","N373FR","LAS","07:00","06:59","-1","0","0","0","0","0"
"F9","01/01/2024","3981","N701FR","SLC","07:30","07:22","-8","0","0","0","0","0"
"F9","01/01/2024","4070","N375FR","DFW","15:57","15:56","-1","0","0","0","0","0"
"F9","01/01/2024","4128","N312FR","CVG","08:18","10:32","134","129","0","0","0","0"
"F9","01/01/2024","4251","N228FR","SLC","23:03","23:18","15","0","0","0","0","0"
"F9","01/01/2024","4309","N336FR","SFO","22:00","21:50","-10","0","0","0","0","0"
"F9","01/01/2024","4344","N228FR","XNA","16:55","16:45","-10","0","0","0","0","0"
"F9","01/01/2024","4370","N338FR","TYS","17:16","17:25","9","0","0","0","0","0"
"F9","01/01/2024","4371","N352FR","SNA","10:29","10:19","-10","0","0","0","0","0"
"F9","01/01/2024","4452","N723FR","RDU","08:40","08:33","-7","0","0","0","0","0"
"F9","01/01/2024","4464","N334FR","DFW","10:56","10:47","-9","0","0","0","0","0"
"F9","01/01/2024","4564","N702FR","BNA","14:44","14:46","2","0","0","0","0","0"
"F9","01/01/2024","4568","N337FR","STL","07:05","06:59","-6","0","0","0","0","0"
"F9","01/01/2024","4626","N338FR","MEM","10:25","10:16","-9","0","0","0","0","0"
"F9","01/01/2024","4635","N235FR","PHX","22:09","22:02","-7","0","0","0","0","0"
"F9","01/01/2024","4714","N713FR","TPA","00:09","00:02","-7","0","0","0","0","0"
"F9","01/01/2024","4748","N235FR","JAX","07:30","07:32","2","0","0","0","0","0"
"F9","01/01/2024","4776","N309FR","LIT","10:25","10:15","-10","0","0","0","0","0"
"F9","01/01/2024","4811","N375FR","PHX","10:15","10:07","-8","0","0","0","0","0"
"F9","01/01/2024","4920","N372FR","MCO","06:00","05:52","-8","0","0","0","0","0"
"F9","01/01/2024","4927","N364FR","SAN","12:43","12:32","-11","0","0","0","0","0"
"F9","01/01/2024","4989","N607FR","SAN","22:40","22:39","-1","0","0","0","0","0"
"F9","01/02/2024","0665","N604FR","SFO","21:54","22:04","10","0","0","0","0","0"
"F9","01/02/2024","0692","N324FR","DCA","16:43","16:32","-11","0","0","0","0","0"
"F9","01/02/2024","0694","N384FR","DCA","11:48","11:49","1","0","0","0","0","0"
"F9","01/02/2024","0696","N364FR","DCA","06:55","06:47","-8","0","0","0","0","0"
"F9","01/02/2024","0761","N622FR","PHX","18:54","18:42","-12","0","0","0","0","0"
"F9","01/02/2024","0793","N311FR","PDX","21:52","21:48","-4","0","0","0","0","0"
"F9","01/02/2024","1063","N301FR","SMF","16:08","16:21","13","0","0","0","0","0"
"F9","01/02/2024","1162","N228FR","HOU","08:18","08:10","-8","0","0","0","0","0"
"F9","01/02/2024","1229","N702FR","SFO","06:00","05:58","-2","0","0","0","0","0"
"F9","01/02/2024","1261","N607FR","ONT","11:46","11:42","-4","0","0","0","0","0"
"F9","01/02/2024","1280","N619FR","MIA","23:05","23:11","6","0","0","0","0","0"
"F9","01/02/2024","1292","N369FR","MSP","08:45","08:34","-11","0","0","0","0","0"
"F9","01/02/2024","1362","N713FR","CLT","12:45","12:39","-6","0","0","0","0","0"
"F9","01/02/2024","1402","N382FR","BNA","17:26","17:14","-12","0","0","0","0","0"
"F9","01/02/2024","1450","N332FR","ATL","00:59","01:00","1","0","0","0","0","0"
"F9","01/02/2024","1499","N364FR","ONT","23:10","23:03","-7","0","0","0","0","0"
"F9","01/02/2024","1560","N301FR","MSN","06:05","06:03","-2","0","0","0","0","0"
"F9","01/02/2024","1734","N381FR","MCO","00:23","00:20","-3","0","0","0","0","0"
"F9","01/02/2024","1816","N228FR","AUS","16:16","16:08","-8","0","0","0","0","0"
"F9","01/02/2024","1928","N613FR","OKC","06:20","06:10","-10","0","0","0","0","0"
"F9","01/02/2024","1993","N336FR","LAS","19:58","19:51","-7","0","0","0","0","0"
"F9","01/02/2024","2108","N334FR","FSD","16:11","16:04","-7","0","0","0","0","0"
"F9","01/02/2024","2141","N322FR","PHX","14:00","13:51","-9","0","0","0","0","0"
"F9","01/02/2024","2148","N701FR","DFW","19:08","19:28","20","20","0","13","0","0"
"F9","01/02/2024","2210","N334FR","MDW","21:27","21:26","-1","0","0","0","0","0"
"F9","01/02/2024","2349","N336FR","LAS","13:56","13:56","0","0","0","0","0","0"
"F9","01/02/2024","2356","N382FR","SAT","10:12","10:15","3","0","0","0","0","0"
"F9","01/02/2024","2429","N713FR","LAS","22:14","22:08","-6","0","0","0","0","0"
"F9","01/02/2024","2454","N369FR","PNS","13:51","15:29","98","42","0","0","0","35"
"F9","01/02/2024","2746","N709FR","TPA","19:20","20:04","44","0","0","7","0","28"
"F9","01/02/2024","3230","N359FR","IAH","11:18","11:16","-2","0","0","0","0","0"
"F9","01/02/2024","3294","N363FR","ATL","16:06","16:04","-2","0","0","32","0","0"
"F9","01/02/2024","3312","N619FR","MCO","12:46","12:49","3","0","0","0","0","0"
"F9","01/02/2024","3340","N347FR","PHL","00:19","00:53","34","0","0","6","0","34"
"F9","01/02/2024","3405","N322FR","SEA","05:30","05:23","-7","0","0","0","0","0"
"F9","01/02/2024","3467","N309FR","PHX","10:12","10:03","-9","0","0","0","0","0"
"F9","01/02/2024","3843","N336FR","LAS","08:00","07:58","-2","0","0","0","0","0"
"F9","01/02/2024","3981","N334FR","SLC","06:00","05:55","-5","0","0","0","0","0"
"F9","01/02/2024","4074","N354FR","DFW","15:54","16:10","16","0","0","0","0","0"
"F9","01/02/2024","4128","N309FR","CVG","16:04","15:56","-8","0","0","0","0","0"
"F9","01/02/2024","4251","N301FR","SLC","23:05","23:12","7","0","0","0","0","0"
"F9","01/02/2024","4371","N349FR","SNA","10:29","10:27","-2","0","0","0","0","0"
"F9","01/02/2024","4452","N721FR","RDU","09:10","09:02","-8","0","0","0","0","0"
"F9","01/02/2024","4464","N605FR","DFW","11:06","11:04","-2","0","0","0","0","0"
"F9","01/02/2024","4568","N607FR","STL","18:52","18:42","-10","0","0","0","0","0"
"F9","01/02/2024","4576","N363FR","CMH","08:00","07:51","-9","0","0","0","0","0"
"F9","01/02/2024","4635","N354FR","PHX","22:06","22:05","-1","0","0","0","0","0"
"F9","01/02/2024","4638","N312FR","CLE","05:30","05:12","-18","0","0","0","0","0"
"F9","01/02/2024","4714","N701FR","TPA","00:09","23:53","-16","0","0","0","0","0"
"F9","01/02/2024","4828","N606FR","MCI","06:25","06:23","-2","0","0","0","0","0"
"F9","01/02/2024","4876","N364FR","CID","16:35","16:23","-12","0","0","0","0","0"
"F9","01/02/2024","4920","N338FR","MCO","06:00","06:09","9","9","0","17","0","0"
"F9","01/02/2024","4927","N701FR","SAN","11:53","11:55","2","0","0","0","0","0"
"F9","01/02/2024","4989","N369FR","SAN","22:40","23:12","32","0","0","0","0","0"
"F9","01/03/2024","0692","N380FR","DCA","16:43","16:36","-7","0","0","0","0","0"
"F9","01/03/2024","0694","N335FR","DCA","11:48","11:38","-10","0","0","0","0","0"
"F9","01/03/2024","0696","N382FR","DCA","07:05","06:57","-8","0","0","0","0","0"
"F9","01/03/2024","1128","N702FR","OMA","17:44","17:32","-12","0","0","0","0","0"
"F9","01/03/2024","1150","N382FR","MSP","16:28","16:25","-3","0","0","0","0","0"
"F9","01/03/2024","1162","N311FR","HOU","06:10","06:04","-6","0","0","0","0","0"
"F9","01/03/2024","1229","N721FR","SFO","06:00","05:52","-8","0","0","0","0","0"
"F9","01/03/2024","1261","N329FR","ONT","13:38","13:34","-4","0","0","0","0","0"
"F9","01/03/2024","1292","N604FR","MSP","07:30","07:24","-6","0","0","15","0","0"
"F9","01/03/2024","1324","N389FR","DFW","13:14","13:08","-6","0","0","0","0","0"
"F9","01/03/2024","1362","N383FR","CLT","15:50","15:51","1","0","0","0","0","0"
"F9","01/03/2024","1375","N322FR","PHX","18:54","19:28","34","27","0","0","0","0"
"F9","01/03/2024","1450","N336FR","ATL","08:14","08:04","-10","0","0","0","0","0"
"F9","01/03/2024","1499","N702FR","ONT","23:10","22:59","-11","0","0","0","0","0"
"F9","01/03/2024","1560","N349FR","MSN","06:00","05:46","-14","0","0","15","0","0"
"F9","01/03/2024","1734","N723FR","MCO","00:46","00:50","4","0","0","0","0","0"
"F9","01/03/2024","1789","N626FR","PDX","21:59","21:55","-4","0","0","0","0","0"
"F9","01/03/2024","1928","N301FR","OKC","08:18","08:08","-10","0","0","0","0","0"
"F9","01/03/2024","1993","N229FR","LAS","19:00","18:51","-9","0","0","0","0","0"
"F9","01/03/2024","2015","N229FR","LAS","12:57","12:44","-13","0","0","0","0","0"
"F9","01/03/2024","2141","N228FR","PHX","14:04","13:54","-10","0","0","0","0","0"
"F9","01/03/2024","2210","N301FR","MDW","21:27","21:50","23","20","0","0","0","0"
"F9","01/03/2024","2261","N309FR","ELP","16:52","16:39","-13","0","0","0","0","0"
"F9","01/03/2024","2348","N702FR","IND","09:00","08:54","-6","0","0","0","0","0"
"F9","01/03/2024","2360","N364FR","MSY","17:03","16:58","-5","0","0","0","0","0"
"F9","01/03/2024","2374","N349FR","TYS","17:09","19:56","167","33","0","0","0","122"
"F9","01/03/2024","2429","N309FR","LAS","22:14","22:04","-10","0","0","0","0","0"
"F9","01/03/2024","2706","N383FR","BWI","06:00","05:59","-1","0","0","27","0","0"
"F9","01/03/2024","2712","N311FR","PNS","15:02","15:01","-1","0","0","0","0","0"
"F9","01/03/2024","3138","N396FR","RSW","14:30","14:15","-15","0","0","0","0","0"
"F9","01/03/2024","3230","N710FR","IAH","11:08","11:07","-1","0","0","0","0","0"
"F9","01/03/2024","3286","N607FR","CVG","05:30","05:28","-2","0","0","0","0","0"
"F9","01/03/2024","3294","N303FR","ATL","00:49","02:36","107","105","0","0","0","0"
"F9","01/03/2024","3302","N605FR","STL","06:40","06:38","-2","0","0","0","0","0"
"F9","01/03/2024","3312","N708FR","MCO","16:07","16:01","-6","0","0","0","0","0"
"F9","01/03/2024","3340","N351FR","PHL","00:09","00:08","-1","0","0","0","0","0"
"F9","01/03/2024","3405","N228FR","SEA","05:55","05:45","-10","0","0","0","0","0"
"F9","01/03/2024","3578","N396FR","DTW","05:35","05:26","-9","0","0","0","0","0"
"F9","01/03/2024","3726","N626FR","CVG","12:03","11:56","-7","0","0","0","0","0"
"F9","01/03/2024","3825","N329FR","ONT","21:00","20:53","-7","0","0","0","0","0"
"F9","01/03/2024","3843","N229FR","LAS","07:00","06:55","-5","0","0","0","0","0"
"F9","01/03/2024","3981","N309FR","SLC","06:30","06:28","-2","0","0","0","0","0"
"F9","01/03/2024","4074","N335FR","DFW","19:28","20:44","76","0","0","0","0","62"
"F9","01/03/2024","4251","N382FR","SLC","23:06","22:59","-7","0","0","0","0","0"
"F9","01/03/2024","4309","N609FR","SFO","21:54","21:56","2","0","0","0","0","0"
"F9","01/03/2024","4344","N324FR","XNA","15:57","15:47","-10","0","0","0","0","0"
"F9","01/03/2024","4371","N392FR","SNA","10:29","10:21","-8","0","0","0","0","0"
"F9","01/03/2024","4452","N701FR","RDU","09:10","09:04","-6","0","0","0","0","0"
"F9","01/03/2024","4464","N369FR","DFW","10:56","10:49","-7","0","0","0","0","0"
"F9","01/03/2024","4564","N301FR","BNA","13:25","13:17","-8","0","0","0","0","0"
"F9","01/03/2024","4626","N364FR","MEM","10:12","10:08","-4","0","0","0","0","0"
"F9","01/03/2024","4633","N324FR","PHX","21:35","21:26","-9","0","0","39","0","0"
"F9","01/03/2024","4714","N634FR","TPA","00:19","00:34","15","0","0","0","0","0"
"F9","01/03/2024","4716","N709FR","TPA","19:10","19:09","-1","0","0","0","0","0"
"F9","01/03/2024","4776","N380FR","LIT","10:25","10:19","-6","0","0","0","0","0"
"F9","01/03/2024","4811","N324FR","PHX","10:15","10:06","-9","0","0","0","0","0"
"F9","01/03/2024","4920","N708FR","MCO","06:00","05:58","-2","0","0","0","0","0"
"F9","01/03/2024","4927","N349FR","SAN","12:41","12:32","-9","0","0","0","0","0"
"F9","01/03/2024","4989","N311FR","SAN","22:37","22:51","14","0","0","0","0","0"
"F9","01/04/2024","0686","N364FR","DCA","07:00","06:50","-10","0","0","0","0","0"
"F9","01/04/2024","0688","N339FR","DCA","11:51","11:40","-11","0","0","0","0","0"
"F9","01/04/2024","0690","N301FR","DCA","16:38","16:33","-5","0","0","0","0","0"
"F9","01/04/2024","1063","N335FR","SMF","17:38","17:31","-7","0","0","0","0","0"
"F9","01/04/2024","1093","N382FR","SFO","10:29","10:23","-6","0","0","0","0","0"
"F9","01/04/2024","1114","N616FR","TPA","00:59","00:54","-5","0","0","0","0","0"
"F9","01/04/2024","1150","N364FR","MSP","16:30","16:28","-2","0","0","0","0","0"
"F9","01/04/2024","1162","N392FR","HOU","08:25","08:20","-5","0","0","0","0","0"
"F9","01/04/2024","1175","N361FR","SEA","05:45","05:36","-9","0","0","0","0","0"
"F9","01/04/2024","1261","N347FR","ONT","12:39","12:38","-1","0","0","0","0","0"
"F9","01/04/2024","1280","N347FR","MIA","00:59","00:52","-7","0","0","0","0","0"
"F9","01/04/2024","1362","N346FR","CLT","06:00","06:12","12","0","0","0","0","0"
"F9","01/04/2024","1402","N710FR","BNA","14:41","14:33","-8","0","0","0","0","0"
"F9","01/04/2024","1450","N229FR","ATL","00:57","01:06","9","0","0","0","0","0"
"F9","01/04/2024","1678","N361FR","DSM","17:05","16:59","-6","0","0","0","0","0"
"F9","01/04/2024","1789","N339FR","PDX","21:37","21:43","6","6","0","10","0","0"
"F9","01/04/2024","1816","N702FR","AUS","17:06","17:04","-2","0","0","0","0","0"
"F9","01/04/2024","1819","N380FR","PHX","10:12","10:07","-5","0","0","0","0","0"
"F9","01/04/2024","1864","N609FR","OKC","06:55","06:46","-9","0","0","0","0","0"
"F9","01/04/2024","1918","N606FR","CLE","05:30","05:27","-3","0","0","0","0","0"
"F9","01/04/2024","1995","N228FR","LAS","08:00","07:52","-8","0","0","0","0","0"
"F9","01/04/2024","2015","N310FR","LAS","11:46","11:43","-3","0","0","0","0","0"
"F9","01/04/2024","2105","N353FR","PHX","13:40","13:26","-14","0","0","0","0","0"
"F9","01/04/2024","2148","N311FR","DFW","10:53","10:45","-8","0","0","0","0","0"
"F9","01/04/2024","2210","N310FR","MDW","21:15","21:15","0","0","0","18","0","0"
"F9","01/04/2024","2349","N228FR","LAS","13:56","13:50","-6","0","0","0","0","0"
"F9","01/04/2024","2356","N702FR","SAT","10:15","10:05","-10","0","0","0","0","0"
"F9","01/04/2024","2438","N721FR","RDU","07:30","07:24","-6","0","0","0","0","0"
"F9","01/04/2024","2632","N380FR","DFW","16:11","16:13","2","0","0","0","0","0"
"F9","01/04/2024","2710","N301FR","FAR","10:35","10:25","-10","0","0","0","0","0"
"F9","01/04/2024","2746","N609FR","TPA","12:35","12:30","-5","0","0","0","0","0"
"F9","01/04/2024","2817","N716FR","SAN","11:55","11:50","-5","0","0","0","0","0"
"F9","01/04/2024","3230","N708FR","IAH","06:30","06:25","-5","0","0","0","0","0"
"F9","01/04/2024","3266","N396FR","PHL","00:27","00:19","-8","0","0","0","0","0"
"F9","01/04/2024","3286","N392FR","CVG","13:40","14:41","61","0","0","0","0","46"
"F9","01/04/2024","3294","N710FR","ATL","06:00","05:54","-6","0","0","0","0","0"
"F9","01/04/2024","3302","N381FR","STL","18:30","18:21","-9","0","0","0","0","0"
"F9","01/04/2024","3312","N349FR","MCO","06:00","05:53","-7","0","0","0","0","0"
"F9","01/04/2024","3376","N626FR","MCI","06:00","05:54","-6","0","0","0","0","0"
"F9","01/04/2024","3467","N367FR","PHX","18:10","18:13","3","0","0","0","0","0"
"F9","01/04/2024","3566","N377FR","DTW","06:00","05:51","-9","0","0","0","0","0"
"F9","01/04/2024","3674","N721FR","MKE","17:15","17:01","-14","0","0","0","0","0"
"F9","01/04/2024","3719","N380FR","PHX","22:29","22:28","-1","0","0","0","0","0"
"F9","01/04/2024","3825","N364FR","ONT","23:00","22:59","-1","0","0","0","0","0"
"F9","01/04/2024","3843","N228FR","LAS","19:53","20:00","7","0","0","0","0","0"
"F9","01/04/2024","3861","N335FR","SLC","07:05","06:57","-8","0","0","0","0","0"
"F9","01/04/2024","4074","N716FR","DFW","19:06","18:57","-9","0","0","0","0","0"
"F9","01/04/2024","4251","N361FR","SLC","23:00","22:50","-10","0","0","0","0","0"
"F9","01/04/2024","4386","N313FR","CID","16:20","16:24","4","0","0","0","0","0"
"F9","01/04/2024","4611","N607FR","LAS","22:24","22:30","6","0","0","0","0","0"
"F9","01/04/2024","4836","N368FR","MCO","16:00","15:56","-4","0","0","0","0","0"
"F9","01/04/2024","4989","N313FR","SAN","22:30","22:21","-9","0","0","0","0","0"
"F9","01/05/2024","0686","N347FR","DCA","07:00","06:45","-15","0","0","15","0","0"
"F9","01/05/2024","0688","N343FR","DCA","11:51","11:44","-7","0","0","0","0","0"
"F9","01/05/2024","0690","N362FR","DCA","16:38","16:44","6","0","0","0","0","0"
"F9","01/05/2024","1082","N387FR","IND","15:20","15:10","-10","0","0","0","0","0"
"F9","01/05/2024","1093","N387FR","SFO","05:30","07:05","95","85","0","0","0","0"
"F9","01/05/2024","1114","N381FR","TPA","00:59","00:48","-11","0","0","0","0","0"
"F9","01/05/2024","1150","N708FR","MSP","16:15","16:30","15","0","0","0","0","0"
"F9","01/05/2024","1162","N235FR","HOU","08:25","09:22","57","38","0","0","0","0"
"F9","01/05/2024","1175","N607FR","SEA","16:00","15:58","-2","0","0","0","0","0"
"F9","01/05/2024","1261","N392FR","ONT","11:40","11:32","-8","0","0","0","0","0"
"F9","01/05/2024","1280","N392FR","MIA","00:59","00:52","-7","0","0","0","0","0"
"F9","01/05/2024","1362","N228FR","CLT","06:30","06:22","-8","0","0","0","0","0"
"F9","01/05/2024","1450","N335FR","ATL","00:47","00:45","-2","0","0","0","0","0"
"F9","01/05/2024","1560","N339FR","MSN","06:00","05:51","-9","0","0","0","0","0"
"F9","01/05/2024","1789","N717FR","PDX","21:59","21:56","-3","0","0","0","0","0"
"F9","01/05/2024","1819","N301FR","PHX","10:12","10:00","-12","0","0","0","0","0"
"F9","01/05/2024","1864","N362FR","OKC","11:25","11:42","17","0","0","0","0","15"
"F9","01/05/2024","1938","N354FR","PNS","16:06","16:06","0","0","0","0","0","0"
"F9","01/05/2024","1993","N361FR","LAS","07:30","08:25","55","0","0","0","0","33"
"F9","01/05/2024","2015","N361FR","LAS","13:29","13:25","-4","0","0","0","0","0"
"F9","01/05/2024","2105","N353FR","PHX","13:30","13:39","9","0","0","0","0","0"
"F9","01/05/2024","2108","N312FR","FSD","12:55","12:45","-10","0","0","0","0","0"
"F9","01/05/2024","2148","N313FR","DFW","10:57","10:56","-1","0","0","0","0","0"
"F9","01/05/2024","2210","N379FR","MDW","21:20","21:14","-6","0","0","0","0","0"
"F9","01/05/2024","2324","N312FR","OMA","18:12","18:02","-10","0","0","0","0","0"
"F9","01/05/2024","2349","N613FR","LAS","15:41","15:45","4","0","0","0","0","0"
"F9","01/05/2024","2438","N609FR","RDU","06:00","05:51","-9","0","0","0","0","0"
"F9","01/05/2024","2452","N721FR","MSY","17:54","17:59","5","0","0","0","0","0"
"F9","01/05/2024","2632","N301FR","DFW","16:11","16:10","-1","0","0","0","0","0"
"F9","01/05/2024","2710","N354FR","FAR","09:00","10:08","68","0","0","0","0","46"
"F9","01/05/2024","2746","N607FR","TPA","06:05","06:01","-4","0","0","0","0","0"
"F9","01/05/2024","2817","N339FR","SAN","12:41","12:30","-11","0","0","16","0","0"
"F9","01/05/2024","3230","N702FR","IAH","06:30","06:27","-3","0","0","0","0","0"
"F9","01/05/2024","3264","N612FR","STL","07:00","06:57","-3","0","0","0","0","0"
"F9","01/05/2024","3266","N326FR","PHL","00:27","00:24","-3","0","0","0","0","0"
"F9","01/05/2024","3286","N609FR","CVG","15:46","15:41","-5","0","0","0","0","0"
"F9","01/05/2024","3312","N708FR","MCO","06:00","05:53","-7","0","0","0","0","0"
"F9","01/05/2024","3376","N716FR","MCI","06:00","05:52","-8","0","0","0","0","0"
"F9","01/05/2024","3467","N359FR","PHX","19:00","18:54","-6","0","0","0","0","0"
"F9","01/05/2024","3566","N353FR","DTW","05:30","05:21","-9","0","0","0","0","0"
"F9","01/05/2024","3674","N392FR","MKE","18:21","18:09","-12","0","0","0","0","0"
"F9","01/05/2024","3719","N301FR","PHX","22:29","22:19","-10","0","0","0","0","0"
"F9","01/05/2024","3825","N708FR","ONT","22:55","22:54","-1","0","0","0","0","0"
"F9","01/05/2024","3843","N361FR","LAS","19:39","19:28","-11","0","0","0","0","0"
"F9","01/05/2024","3861","N721FR","SLC","06:45","06:38","-7","0","0","0","0","0"
"F9","01/05/2024","4070","N339FR","DFW","19:33","19:33","0","0","0","0","0","0"
"F9","01/05/2024","4104","N229FR","ATL","18:51","18:44","-7","0","0","0","0","0"
"F9","01/05/2024","4251","N343FR","SLC","22:45","22:36","-9","0","0","0","0","0"
"F9","01/05/2024","4344","N307FR","XNA","17:06","17:15","9","0","0","0","0","0"
"F9","01/05/2024","4370","N313FR","TYS","17:15","17:08","-7","0","0","0","0","0"
"F9","01/05/2024","4371","N316FR","SNA","10:38","10:33","-5","0","0","0","0","0"
"F9","01/05/2024","4417","N369FR","ELP","19:09","18:59","-10","0","0","0","0","0"
"F9","01/05/2024","4611","N228FR","LAS","22:21","22:17","-4","0","0","0","0","0"
"F9","01/05/2024","4626","N235FR","MEM","16:20","16:20","0","0","0","0","0","0"
"F9","01/05/2024","4836","N347FR","MCO","16:28","16:25","-3","0","0","0","0","0"
"F9","01/05/2024","4989","N307FR","SAN","22:51","22:50","-1","0","0","0","0","0"
"F9","01/06/2024","0686","N313FR","DCA","07:00","06:47","-13","0","0","0","0","0"
"F9","01/06/2024","0688","N353FR","DCA","11:51","11:42","-9","0","0","0","0","0"
"F9","01/06/2024","0690","N313FR","DCA","16:38","16:32","-6","0","0","0","0","0"
"F9","01/06/2024","1093","N392FR","SFO","06:00","07:55","115","95","0","0","0","0"
"F9","01/06/2024","1114","N354FR","TPA","00:59","01:34","35","0","17","0","0","0"
"F9","01/06/2024","1280","N303FR","MIA","00:59","00:54","-5","0","0","0","0","0"
"F9","01/06/2024","1292","N616FR","MSP","18:54","18:47","-7","0","0","0","0","0"
"F9","01/06/2024","1362","N710FR","CLT","07:25","07:20","-5","0","0","0","0","0"
"F9","01/06/2024","1375","N633FR","PHX","07:45","07:35","-10","0","0","0","0","0"
"F9","01/06/2024","1450","N350FR","ATL","00:57","00:45","-12","0","0","0","0","0"
"F9","01/06/2024","1560","N339FR","MSN","06:00","05:50","-10","0","0","0","0","0"
"F9","01/06/2024","1789","N353FR","PDX","21:52","21:48","-4","0","0","0","0","0"
"F9","01/06/2024","1819","N362FR","PHX","10:12","10:06","-6","0","0","0","0","0"
"F9","01/06/2024","1864","N303FR","OKC","11:50","11:45","-5","0","0","0","0","0"
"F9","01/06/2024","1918","N228FR","CLE","06:00","05:47","-13","0","0","0","0","0"
"F9","01/06/2024","1938","N343FR","PNS","08:25","08:14","-11","0","0","0","0","0"
"F9","01/06/2024","1993","N361FR","LAS","07:45","07:39","-6","0","0","0","0","0"
"F9","01/06/2024","2105","N391FR","PHX","13:30","13:27","-3","0","0","0","0","0"
"F9","01/06/2024","2148","N384FR","DFW","10:53","10:53","0","0","0","0","0","0"
"F9","01/06/2024","2210","N382FR","MDW","21:20","21:16","-4","0","0","0","0","0"
"F9","01/06/2024","2349","N361FR","LAS","13:44","13:38","-6","0","0","0","0","0"
"F9","01/06/2024","2452","N605FR","MSY","17:54","17:44","-10","0","0","0","0","0"
"F9","01/06/2024","2632","N362FR","DFW","16:11","16:02","-9","0","0","0","0","0"
"F9","01/06/2024","2710","N228FR","FAR","15:50","15:43","-7","0","0","0","0","0"
"F9","01/06/2024","2817","N339FR","SAN","12:41","12:35","-6","0","0","0","0","0"
"F9","01/06/2024","3230","N702FR","IAH","06:30","06:27","-3","0","0","0","0","0"
"F9","01/06/2024","3264","N717FR","STL","06:00","05:52","-8","0","0","0","0","0"
"F9","01/06/2024","3266","N235FR","PHL","00:29","00:22","-7","0","0","0","0","0"
"F9","01/06/2024","3286","N609FR","CVG","05:10","05:21","11","0","0","0","0","0"
"F9","01/06/2024","3294","N607FR","ATL","06:00","05:58","-2","0","0","37","0","0"
"F9","01/06/2024","3312","N387FR","MCO","06:00","05:54","-6","0","0","0","0","0"
"F9","01/06/2024","3496","N312FR","HOU","17:27","17:23","-4","0","0","0","0","0"
"F9","01/06/2024","3566","N634FR","DTW","15:45","16:09","24","0","0","0","0","0"
"F9","01/06/2024","3719","N362FR","PHX","22:29","22:22","-7","0","0","0","0","0"
"F9","01/06/2024","3825","N387FR","ONT","22:49","22:44","-5","0","0","0","0","0"
"F9","01/06/2024","3843","N361FR","LAS","19:41","19:29","-12","0","0","0","0","0"
"F9","01/06/2024","3861","N721FR","SLC","06:45","06:40","-5","0","0","0","0","0"
"F9","01/06/2024","4070","N339FR","DFW","19:33","19:23","-10","0","0","0","0","0"
"F9","01/06/2024","4251","N322FR","SLC","23:00","22:57","-3","0","0","0","0","0"
"F9","01/06/2024","4371","N379FR","SNA","10:38","11:10","32","0","0","0","0","0"
"F9","01/06/2024","4564","N384FR","BNA","17:15","17:07","-8","0","0","0","0","0"
"F9","01/06/2024","4611","N607FR","LAS","22:20","22:19","-1","0","0","0","0","0"
"F9","01/06/2024","4626","N387FR","MEM","16:00","15:52","-8","0","0","0","0","0"
"F9","01/06/2024","4714","N633FR","TPA","18:22","18:44","22","0","0","59","0","22"
"F9","01/06/2024","4748","N341FR","JAX","13:30","14:02","32","0","0","0","0","24"
"F9","01/06/2024","4836","N392FR","MCO","16:29","16:38","9","0","0","0","0","0"
"F9","01/06/2024","4927","N228FR","SAN","22:15","22:10","-5","0","0","0","0","0"
"F9","01/07/2024","0686","N303FR","DCA","07:00","06:52","-8","0","0","0","0","0"
"F9","01/07/2024","0688","N359FR","DCA","11:51","12:09","18","0","0","0","0","0"
"F9","01/07/2024","0690","N361FR","DCA","16:38","18:06","88","1","0","0","0","61"
"F9","01/07/2024","1063","N710FR","SMF","17:49","19:12","83","0","0","0","0","62"
"F9","01/07/2024","1093","N382FR","SFO","10:38","11:33","55","29","0","0","0","4"
"F9","01/07/2024","1114","N312FR","TPA","00:59","00:51","-8","0","0","0","0","0"
"F9","01/07/2024","1150","N384FR","MSP","16:25","16:58","33","0","0","0","0","0"
"F9","01/07/2024","1162","N341FR","HOU","08:25","08:46","21","0","0","0","0","0"
"F9","01/07/2024","1214","N341FR","AUS","16:25","16:45","20","18","0","0","0","0"
"F9","01/07/2024","1261","N312FR","ONT","12:00","12:16","16","16","0","23","0","0"
"F9","01/07/2024","1280","N702FR","MIA","00:59","00:56","-3","0","0","0","0","0"
"F9","01/07/2024","1362","N391FR","CLT","06:00","05:59","-1","0","0","0","0","0"
"F9","01/07/2024","1450","N326FR","ATL","00:59","00:49","-10","0","0","0","0","0"
"F9","01/07/2024","1678","N228FR","DSM","17:05","17:03","-2","0","0","0","0","0"
"F9","01/07/2024","1789","N359FR","PDX","21:52","21:50","-2","0","0","0","0","0"
"F9","01/07/2024","1819","N313FR","PHX","10:12","10:05","-7","0","0","0","0","0"
"F9","01/07/2024","1864","N353FR","OKC","12:15","12:15","0","0","0","0","0","0"
"F9","01/07/2024","1918","N718FR","CLE","05:30","05:30","0","0","0","0","0","0"
"F9","01/07/2024","1993","N338FR","LAS","07:45","07:51","6","0","0","0","0","0"
"F9","01/07/2024","2015","N607FR","LAS","11:06","11:04","-2","0","0","23","0","0"
"F9","01/07/2024","2105","N238FR","PHX","13:30","13:58","28","0","0","4","0","28"
"F9","01/07/2024","2141","N605FR","PHX","16:30","16:30","0","0","0","36","0","0"
"F9","01/07/2024","2148","N228FR","DFW","10:53","11:12","19","0","0","0","0","0"
"F9","01/07/2024","2210","N316FR","MDW","21:00","20:57","-3","0","0","0","0","0"
"F9","01/07/2024","2349","N338FR","LAS","13:44","14:01","17","0","0","0","0","0"
"F9","01/07/2024","2356","N322FR","SAT","10:20","10:13","-7","0","0","20","0","0"
"F9","01/07/2024","2438","N634FR","RDU","06:00","06:01","1","0","0","0","0","0"
"F9","01/07/2024","2632","N313FR","DFW","16:11","16:28","17","17","0","7","0","0"
"F9","01/07/2024","2710","N384FR","FAR","10:35","10:33","-2","0","0","27","0","0"
"F9","01/07/2024","2817","N621FR","SAN","12:15","12:16","1","1","0","24","0","0"
"F9","01/07/2024","3209","N354FR","SEA","17:00","17:26","26","0","0","0","0","0"
"F9","01/07/2024","3230","N705FR","IAH","06:30","06:34","4","0","0","0","0","0"
"F9","01/07/2024","3264","N721FR","STL","07:00","06:53","-7","0","0","0","0","0"
"F9","01/07/2024","3266","N235FR","PHL","00:26","00:24","-2","0","0","0","0","0"
"F9","01/07/2024","3286","N634FR","CVG","15:46","15:42","-4","0","0","0","0","0"
"F9","01/07/2024","3294","N361FR","ATL","08:00","08:05","5","0","0","0","0","0"
"F9","01/07/2024","3312","N343FR","MCO","06:00","05:58","-2","0","0","0","0","0"
"F9","01/07/2024","3376","N616FR","MCI","06:00","05:57","-3","0","0","0","0","0"
"F9","01/07/2024","3674","N322FR","MKE","17:03","17:25","22","0","0","0","0","0"
"F9","01/07/2024","3719","N313FR","PHX","22:29","22:25","-4","0","0","0","0","0"
"F9","01/07/2024","3825","N384FR","ONT","23:00","23:04","4","0","0","0","0","0"
"F9","01/07/2024","3843","N303FR","LAS","19:41","19:42","1","0","0","0","0","0"
"F9","01/07/2024","3861","N710FR","SLC","06:30","06:22","-8","0","0","0","0","0"
"F9","01/07/2024","4070","N621FR","DFW","19:21","20:01","40","6","0","0","0","30"
"F9","01/07/2024","4251","N228FR","SLC","23:00","22:51","-9","0","0","0","0","0"
"F9","01/07/2024","4386","N353FR","CID","06:00","05:53","-7","0","0","0","0","0"
"F9","01/07/2024","4564","N353FR","BNA","17:28","17:31","3","0","0","0","0","0"
"F9","01/07/2024","4566","N721FR","TPA","14:48","14:44","-4","0","0","0","0","0"
"F9","01/07/2024","4611","N609FR","LAS","22:19","22:13","-6","0","0","0","0","0"
"F9","01/07/2024","4836","N387FR","MCO","16:15","16:19","4","0","0","0","0","0"
"F9","01/07/2024","4989","N338FR","SAN","22:52","00:42","110","91","0","0","0","0"
"F9","01/08/2024","0686","N354FR","DCA","07:00","08:14","74","72","0","0","0","0"
"F9","01/08/2024","0688","N313FR","DCA","11:51","11:56","5","0","0","0","0","0"
"F9","01/08/2024","0690","N380FR","DCA","16:38","16:58","20","20","0","14","0","0"
"F9","01/08/2024","1082","N358FR","IND","14:43","14:33","-10","0","0","0","0","0"
"F9","01/08/2024","1093","N238FR","SFO","05:30","05:30","0","0","0","0","0","0"
"F9","01/08/2024","1114","N605FR","TPA","00:59","00:47","-12","0","0","0","0","0"
"F9","01/08/2024","1162","N309FR","HOU","15:31","20:00","269","1","0","0","0","255"
"F9","01/08/2024","1261","N613FR","ONT","10:51","11:10","19","0","0","0","0","0"
"F9","01/08/2024","1280","N322FR","MIA","00:59","01:01","2","2","0","21","0","0"
"F9","01/08/2024","1292","N613FR","MSP","18:04","18:04","0","0","0","0","0","0"
"F9","01/08/2024","1362","N619FR","CLT","06:00","06:05","5","0","0","0","0","0"
"F9","01/08/2024","1450","N229FR","ATL","00:47","01:36","49","49","0","13","0","0"
"F9","01/08/2024","1560","N359FR","MSN","06:00","05:58","-2","0","0","0","0","0"
"F9","01/08/2024","1608","N721FR","MKE","16:45","16:37","-8","0","0","0","0","0"
"F9","01/08/2024","1819","N361FR","PHX","10:12","10:11","-1","0","0","0","0","0"
"F9","01/08/2024","1864","N312FR","OKC","13:22","13:20","-2","0","0","0","0","0"
"F9","01/08/2024","1993","N312FR","LAS","07:00","07:18","18","0","0","0","0","0"
"F9","01/08/2024","2015","N238FR","LAS","12:59","13:19","20","0","0","0","0","0"
"F9","01/08/2024","2105","N332FR","PHX","13:30","13:24","-6","0","0","0","0","0"
"F9","01/08/2024","2108","N356FR","FSD","11:25","11:27","2","0","2","25","0","0"
"F9","01/08/2024","2148","N351FR","DFW","10:53","11:07","14","14","0","11","0","0"
"F9","01/08/2024","2210","N304FR","MDW","21:20","06:17","537","0","537","21","0","0"
"F9","01/08/2024","2261","N705FR","ELP","16:55","16:46","-9","0","0","0","0","0"
"F9","01/08/2024","2324","N710FR","OMA","17:38","17:32","-6","0","0","0","0","0"
"F9","01/08/2024","2349","N356FR","LAS","16:20","17:10","50","0","0","0","0","30"
"F9","01/08/2024","2429","N238FR","LAS","18:55","19:03","8","0","0","0","0","0"
"F9","01/08/2024","2438","N721FR","RDU","07:00","06:58","-2","0","0","0","0","0"
"F9","01/08/2024","2452","N621FR","MSY","17:12","17:23","11","11","0","18","0","0"
"F9","01/08/2024","2454","N228FR","PNS","17:33","17:33","0","0","0","19","0","0"
"F9","01/08/2024","2632","N361FR","DFW","16:11","16:05","-6","0","0","0","0","0"
"F9","01/08/2024","2687","N313FR","PDX","22:04","22:02","-2","0","0","0","0","0"
"F9","01/08/2024","2710","N228FR","FAR","08:25","08:27","2","0","0","0","0","0"
"F9","01/08/2024","2746","N705FR","TPA","06:05","06:27","22","0","22","16","0","0"
"F9","01/08/2024","2817","N359FR","SAN","12:41","12:39","-2","0","0","0","0","0"
"F9","01/08/2024","3209","N312FR","SEA","18:37","18:47","10","0","0","0","0","0"
"F9","01/08/2024","3230","N634FR","IAH","06:30","06:31","1","1","0","37","0","0"
"F9","01/08/2024","3264","N341FR","STL","07:05","06:59","-6","0","0","0","0","0"
"F9","01/08/2024","3266","N395FR","PHL","00:29","00:59","30","30","0","8","0","0"
"F9","01/08/2024","3286","N711FR","CVG","05:10","05:13","3","3","0","44","0","0"
"F9","01/08/2024","3294","N338FR","ATL","11:51","12:11","20","20","0","42","0","0"
"F9","01/08/2024","3312","N377FR","MCO","06:00","05:57","-3","0","0","23","0","0"
"F9","01/08/2024","3467","N359FR","PHX","19:12","19:31","19","0","0","0","0","0"
"F9","01/08/2024","3566","N391FR","DTW","05:25","05:23","-2","0","0","0","0","0"
"F9","01/08/2024","3719","N361FR","PHX","22:29","22:19","-10","0","0","0","0","0"
"F9","01/08/2024","3825","N308FR","ONT","23:00","04:23","323","155","0","0","0","136"
"F9","01/08/2024","3861","N710FR","SLC","06:30","06:51","21","0","21","8","0","0"
"F9","01/08/2024","4070","N625FR","DFW","19:33","21:35","122","45","0","10","0","77"
"F9","01/08/2024","4086","N354FR","XNA","16:55","16:45","-10","0","0","0","0","0"
"F9","01/08/2024","4251","N354FR","SLC","23:00","22:50","-10","0","0","0","0","0"
"F9","01/08/2024","4370","N351FR","TYS","17:02","17:41","39","0","0","26","0","39"
"F9","01/08/2024","4371","N303FR","SNA","10:38","10:47","9","0","0","0","0","0"
"F9","01/08/2024","4611","N721FR","LAS","22:20","01:06","166","72","0","0","0","72"
"F9","01/08/2024","4626","N373FR","MEM","10:20","10:43","23","23","0","14","0","0"
"F9","01/08/2024","4836","N391FR","MCO","15:54","15:54","0","0","0","19","0","0"
"F9","01/08/2024","4989","N705FR","SAN","22:54","22:51","-3","0","0","0","0","0"
"F9","01/09/2024","0686","N373FR","DCA","07:00","06:52","-8","0","0","0","0","0"
"F9","01/09/2024","0688","N336FR","DCA","11:51","11:49","-2","0","0","0","0","0"
"F9","01/09/2024","0690","N332FR","DCA","16:38","16:28","-10","0","0","0","0","0"
"F9","01/09/2024","1093","N236FR","SFO","10:38","11:22","44","43","0","0","0","0"
"F9","01/09/2024","1114","N710FR","TPA","00:59","01:03","4","4","0","19","0","0"
"F9","01/09/2024","1150","N332FR","MSP","08:45","08:35","-10","0","0","0","0","0"
"F9","01/09/2024","1162","N354FR","HOU","08:25","08:19","-6","0","0","0","0","0"
"F9","01/09/2024","1214","N354FR","AUS","16:20","17:10","50","0","0","0","0","40"
"F9","01/09/2024","1280","N619FR","MIA","00:44","01:01","17","17","0","50","0","0"
"F9","01/09/2024","1362","N621FR","CLT","06:10","06:09","-1","0","0","0","0","0"
"F9","01/09/2024","1375","N358FR","PHX","07:48","08:30","42","0","42","0","0","0"
"F9","01/09/2024","1402","N633FR","BNA","15:00","15:00","0","0","0","0","0","0"
"F9","01/09/2024","1450","N228FR","ATL","00:57","02:36","99","34","0","30","0","65"
"F9","01/09/2024","1819","N380FR","PHX","10:12","10:05","-7","0","0","0","0","0"
"F9","01/09/2024","1864","N613FR","OKC","06:20","06:27","7","0","0","0","0","0"
"F9","01/09/2024","1918","N351FR","CLE","05:30","05:15","-15","0","0","0","0","0"
"F9","01/09/2024","1993","N312FR","LAS","07:45","07:39","-6","0","0","0","0","0"
"F9","01/09/2024","2105","N353FR","PHX","13:30","13:26","-4","0","0","0","0","0"
"F9","01/09/2024","2148","N705FR","DFW","11:06","11:26","20","0","0","19","0","0"
"F9","01/09/2024","2210","N330FR","MDW","21:00","20:52","-8","0","0","0","0","0"
"F9","01/09/2024","2349","N312FR","LAS","13:44","13:32","-12","0","0","0","0","0"
"F9","01/09/2024","2356","N308FR","SAT","10:20","10:38","18","0","0","0","0","0"
"F9","01/09/2024","2632","N380FR","DFW","16:11","16:08","-3","0","0","0","0","0"
"F9","01/09/2024","2817","N613FR","SAN","12:05","11:58","-7","0","0","0","0","0"
"F9","01/09/2024","3230","N389FR","IAH","06:30","06:30","0","0","0","0","0","0"
"F9","01/09/2024","3266","N393FR","PHL","00:29","00:54","25","0","0","0","0","19"
"F9","01/09/2024","3286","N342FR","CVG","15:05","15:24","19","0","0","0","0","0"
"F9","01/09/2024","3294","N634FR","ATL","15:30","16:40","70","0","0","0","0","52"
"F9","01/09/2024","3302","N309FR","STL","17:01","16:51","-10","0","0","0","0","0"
"F9","01/09/2024","3312","N313FR","MCO","06:00","05:53","-7","0","0","0","0","0"
"F9","01/09/2024","3376","N609FR","MCI","06:00","06:29","29","29","0","0","0","0"
"F9","01/09/2024","3719","N380FR","PHX","22:29","22:29","0","0","0","0","0","0"
"F9","01/09/2024","3825","N633FR","ONT","22:55","23:52","57","0","0","0","0","48"
"F9","01/09/2024","3843","N312FR","LAS","19:41","19:44","3","0","0","0","0","0"
"F9","01/09/2024","3861","N309FR","SLC","06:30","06:38","8","0","0","0","0","0"
"F9","01/09/2024","4074","N613FR","DFW","19:20","19:15","-5","0","0","31","0","0"
"F9","01/09/2024","4251","N304FR","SLC","23:00","23:23","23","0","0","0","0","0"
"F9","01/09/2024","4611","N621FR","LAS","22:14","22:06","-8","0","0","0","0","0"
"F9","01/09/2024","4716","N710FR","TPA","19:16","20:25","69","0","0","0","0","56"
"F9","01/09/2024","4836","N313FR","MCO","16:00","16:42","42","8","0","22","0","34"
"F9","01/09/2024","4989","N354FR","SAN","22:47","23:13","26","0","0","0","0","24"
"F9","01/10/2024","0686","N389FR","DCA","07:00","06:54","-6","0","0","0","0","0"
"F9","01/10/2024","0688","N323FR","DCA","11:51","12:11","20","0","0","8","0","20"
"F9","01/10/2024","0690","N389FR","DCA","16:38","16:32","-6","0","0","0","0","0"
"F9","01/10/2024","1082","N625FR","IND","12:45","12:38","-7","0","0","0","0","0"
"F9","01/10/2024","1114","N358FR","TPA","00:59","00:55","-4","0","0","0","0","0"
"F9","01/10/2024","1150","N348FR","MSP","16:05","15:57","-8","0","0","0","0","0"
"F9","01/10/2024","1162","N233FR","HOU","06:00","07:15","75","46","0","0","0","0"
"F9","01/10/2024","1280","N611FR","MIA","00:59","01:22","23","0","0","0","0","0"
"F9","01/10/2024","1324","N317FR","DFW","08:14","08:32","18","0","0","0","0","0"
"F9","01/10/2024","1362","N719FR","CLT","06:00","05:52","-8","0","0","0","0","0"
"F9","01/10/2024","1375","N308FR","PHX","08:00","07:47","-13","0","0","0","0","0"
"F9","01/10/2024","1450","N309FR","ATL","00:32","00:26","-6","0","0","0","0","0"
"F9","01/10/2024","1560","N634FR","MSN","06:00","05:51","-9","0","0","0","0","0"
"F9","01/10/2024","1819","N330FR","PHX","10:12","10:29","17","9","0","0","0","8"
"F9","01/10/2024","1864","N304FR","OKC","08:25","08:18","-7","0","0","0","0","0"
"F9","01/10/2024","1993","N336FR","LAS","07:00","06:55","-5","0","0","0","0","0"
"F9","01/10/2024","2015","N368FR","LAS","12:59","13:43","44","0","0","0","0","42"
"F9","01/10/2024","2105","N303FR","PHX","13:10","13:16","6","0","0","0","0","0"
"F9","01/10/2024","2108","N358FR","FSD","11:15","11:07","-8","0","0","0","0","0"
"F9","01/10/2024","2148","N354FR","DFW","10:53","10:43","-10","0","0","0","0","0"
"F9","01/10/2024","2210","N347FR","MDW","21:20","21:15","-5","0","0","0","0","0"
"F9","01/10/2024","2324","N633FR","OMA","17:26","17:35","9","9","0","32","0","0"
"F9","01/10/2024","2360","N605FR","MSY","16:00","15:54","-6","0","0","0","0","0"
"F9","01/10/2024","2429","N330FR","LAS","18:55","18:56","1","1","0","21","0","0"
"F9","01/10/2024","2632","N358FR","DFW","16:11","16:38","27","0","0","0","0","0"
"F9","01/10/2024","2817","N634FR","SAN","12:47","12:42","-5","0","0","0","0","0"
"F9","01/10/2024","3230","N613FR","IAH","06:30","06:32","2","0","0","0","0","0"
"F9","01/10/2024","3264","N353FR","STL","06:40","06:31","-9","0","0","0","0","0"
"F9","01/10/2024","3286","N621FR","CVG","05:10","05:27","17","0","0","0","0","0"
"F9","01/10/2024","3294","N332FR","ATL","09:37","10:33","56","0","0","0","0","43"
"F9","01/10/2024","3312","N348FR","MCO","06:00","05:52","-8","0","0","0","0","0"
"F9","01/10/2024","3566","N304FR","DTW","14:55","14:46","-9","0","0","0","0","0"
"F9","01/10/2024","3719","N358FR","PHX","22:29","22:25","-4","0","0","0","0","0"
"F9","01/10/2024","3825","N633FR","ONT","23:00","23:09","9","0","0","0","0","0"
"F9","01/10/2024","3861","N373FR","SLC","06:30","06:21","-9","0","0","0","0","0"
"F9","01/10/2024","4251","N236FR","SLC","23:06","23:11","5","0","0","0","0","0"
"F9","01/10/2024","4371","N363FR","SNA","10:38","10:37","-1","0","0","0","0","0"
"F9","01/10/2024","4611","N356FR","LAS","22:14","23:16","62","53","0","0","0","0"
"F9","01/10/2024","4626","N633FR","MEM","10:10","10:02","-8","0","0","0","0","0"
"F9","01/10/2024","4714","N614FR","TPA","18:22","18:24","2","0","0","0","0","0"
"F9","01/10/2024","4836","N233FR","MCO","14:45","14:51","6","0","0","0","0","0"
"F9","01/10/2024","4927","N348FR","SAN","22:25","23:18","53","50","0","0","0","0"
"F9","01/11/2024","0686","N323FR","DCA","07:00","06:59","-1","0","0","0","0","0"
"F9","01/11/2024","0688","N317FR","DCA","11:51","11:45","-6","0","0","0","0","0"
"F9","01/11/2024","0690","N389FR","DCA","16:38","16:30","-8","0","0","0","0","0"
"F9","01/11/2024","1082","N303FR","IND","05:45","05:43","-2","0","0","0","0","0"
"F9","01/11/2024","1093","N394FR","SFO","10:38","10:37","-1","0","0","0","0","0"
"F9","01/11/2024","1128","N354FR","OMA","08:25","10:52","147","143","0","0","0","0"
"F9","01/11/2024","1150","N330FR","MSP","16:30","16:33","3","0","0","0","0","0"
"F9","01/11/2024","1175","N373FR","SEA","05:30","05:28","-2","0","0","0","0","0"
"F9","01/11/2024","1261","N385FR","ONT","13:27","13:45","18","0","0","0","0","0"
"F9","01/11/2024","1280","N304FR","MIA","13:36","14:12","36","1","0","5","0","35"
"F9","01/11/2024","1362","N324FR","CLT","06:00","05:52","-8","0","0","0","0","0"
"F9","01/11/2024","1402","N634FR","BNA","14:50","14:43","-7","0","0","0","0","0"
"F9","01/11/2024","1450","N342FR","ATL","00:59","01:12","13","0","0","0","0","0"
"F9","01/11/2024","1789","N717FR","PDX","21:37","21:43","6","0","0","0","0","0"
"F9","01/11/2024","1816","N633FR","AUS","17:06","17:01","-5","0","0","0","0","0"
"F9","01/11/2024","1819","N307FR","PHX","10:12","10:22","10","0","0","0","0","0"
"F9","01/11/2024","1918","N613FR","CLE","05:30","05:27","-3","0","0","0","0","0"
"F9","01/11/2024","1993","N304FR","LAS","08:00","08:30","30","30","0","5","0","0"
"F9","01/11/2024","2015","N356FR","LAS","10:56","10:52","-4","0","0","0","0","0"
"F9","01/11/2024","2105","N303FR","PHX","13:09","13:01","-8","0","0","0","0","0"
"F9","01/11/2024","2148","N348FR","DFW","10:53","10:45","-8","0","0","0","0","0"
"F9","01/11/2024","2210","N384FR","MDW","21:15","21:07","-8","0","0","0","0","0"
"F9","01/11/2024","2349","N354FR","LAS","13:56","15:51","115","0","0","0","0","93"
"F9","01/11/2024","2356","N633FR","SAT","10:15","10:13","-2","0","0","0","0","0"
"F9","01/11/2024","2438","N612FR","RDU","07:30","07:25","-5","0","0","0","0","0"
"F9","01/11/2024","2632","N307FR","DFW","16:11","16:06","-5","0","0","0","0","0"
"F9","01/11/2024","2710","N389FR","FAR","10:35","10:25","-10","0","0","0","0","0"
"F9","01/11/2024","2746","N308FR","TPA","07:10","07:09","-1","0","0","0","0","0"
"F9","01/11/2024","2817","N715FR","SAN","12:12","12:23","11","11","0","4","0","0"
"F9","01/11/2024","3230","N392FR","IAH","06:00","05:53","-7","0","0","0","0","0"
"F9","01/11/2024","3286","N373FR","CVG","13:40","13:54","14","14","0","24","0","0"
"F9","01/11/2024","3294","N634FR","ATL","06:00","05:56","-4","0","0","0","0","0"
"F9","01/11/2024","3302","N236FR","STL","18:30","18:27","-3","0","0","0","0","0"
"F9","01/11/2024","3376","N616FR","MCI","06:00","05:51","-9","0","0","0","0","0"
"F9","01/11/2024","3467","N392FR","PHX","19:06","18:55","-11","0","0","0","0","0"
"F9","01/11/2024","3496","N348FR","HOU","17:32","17:32","0","0","0","0","0","0"
"F9","01/11/2024","3566","N367FR","DTW","06:00","05:54","-6","0","0","0","0","0"
"F9","01/11/2024","3674","N612FR","MKE","17:15","17:05","-10","0","0","0","0","0"
"F9","01/11/2024","3719","N307FR","PHX","22:37","22:30","-7","0","0","0","0","0"
"F9","01/11/2024","3825","N324FR","ONT","23:00","22:57","-3","0","0","0","0","0"
"F9","01/11/2024","3843","N343FR","LAS","19:53","20:50","57","11","0","0","0","42"
"F9","01/11/2024","3861","N330FR","SLC","06:00","05:49","-11","0","0","0","0","0"
"F9","01/11/2024","4074","N715FR","DFW","19:23","19:19","-4","0","0","0","0","0"
"F9","01/11/2024","4251","N330FR","SLC","23:00","22:53","-7","0","0","0","0","0"
"F9","01/11/2024","4386","N308FR","CID","16:40","16:39","-1","0","0","0","0","0"
"F9","01/11/2024","4566","N625FR","TPA","12:51","12:49","-2","0","0","0","0","0"
"F9","01/11/2024","4611","N634FR","LAS","22:35","22:45","10","0","0","0","0","0"
"F9","01/11/2024","4776","N625FR","LIT","06:00","05:58","-2","0","0","0","0","0"
"F9","01/11/2024","4836","N323FR","MCO","16:12","16:57","45","15","0","0","0","5"
"F9","01/11/2024","4920","N303FR","MCO","19:32","19:27","-5","0","0","37","0","0"
"F9","01/11/2024","4989","N308FR","SAN","22:51","22:48","-3","0","0","0","0","0"
"F9","01/12/2024","0686","N373FR","DCA","07:00","06:55","-5","0","0","0","0","0"
"F9","01/12/2024","0688","N387FR","DCA","11:51","11:57","6","0","0","0","0","0"
"F9","01/12/2024","0690","N373FR","DCA","16:38","16:29","-9","0","0","0","0","0"
"F9","01/12/2024","1082","N389FR","IND","16:28","16:20","-8","0","0","0","0","0"
"F9","01/12/2024","1093","N375FR","SFO","06:05","06:01","-4","0","0","0","0","0"
"F9","01/12/2024","1114","N715FR","TPA","06:00","06:00","0","0","0","0","0","0"
"F9","01/12/2024","1150","N612FR","MSP","15:46","15:54","8","0","0","0","0","0"
"F9","01/12/2024","1162","N392FR","HOU","08:25","08:16","-9","0","0","0","0","0"
"F9","01/12/2024","1175","N715FR","SEA","16:50","16:48","-2","0","0","0","0","0"
"F9","01/12/2024","1214","N718FR","AUS","10:25","11:04","39","25","0","0","0","0"
"F9","01/12/2024","1261","N626FR","ONT","11:10","11:09","-1","0","0","0","0","0"
"F9","01/12/2024","1280","N348FR","MIA","05:30","05:59","29","21","0","0","0","0"
"F9","01/12/2024","1362","N343FR","CLT","05:30","05:30","0","0","0","0","0","0"
"F9","01/12/2024","1450","N362FR","ATL","00:47","00:39","-8","0","0","0","0","0"
"F9","01/12/2024","1499","N706FR","ONT","22:25","23:03","38","38","0","10","0","0"
"F9","01/12/2024","1560","N236FR","MSN","06:00","05:52","-8","0","0","0","0","0"
"F9","01/12/2024","1734","N624FR","MCO","00:29","00:44","15","0","0","0","0","0"
"F9","01/12/2024","1789","N634FR","PDX","21:59","21:53","-6","0","0","25","0","0"
"F9","01/12/2024","1819","N369FR","PHX","10:12","10:09","-3","0","0","0","0","0"
"F9","01/12/2024","1993","N382FR","LAS","07:30","07:21","-9","0","0","0","0","0"
"F9","01/12/2024","2015","N382FR","LAS","13:29","13:31","2","0","0","0","0","0"
"F9","01/12/2024","2105","N351FR","PHX","13:32","14:24","52","0","0","0","0","36"
"F9","01/12/2024","2108","N375FR","FSD","13:31","13:25","-6","0","0","0","0","0"
"F9","01/12/2024","2148","N308FR","DFW","10:53","11:09","16","0","0","0","0","0"
"F9","01/12/2024","2210","N387FR","MDW","21:18","21:38","20","20","0","9","0","0"
"F9","01/12/2024","2324","N375FR","OMA","18:50","18:39","-11","0","0","35","0","0"
"F9","01/12/2024","2429","N721FR","LAS","17:48","17:57","9","0","0","0","0","0"
"F9","01/12/2024","2438","N612FR","RDU","06:00","05:55","-5","0","0","0","0","0"
"F9","01/12/2024","2452","N633FR","MSY","17:38","17:43","5","0","0","17","0","5"
"F9","01/12/2024","2454","N718FR","PNS","17:14","18:20","66","48","0","0","0","11"
"F9","01/12/2024","2632","N369FR","DFW","16:11","16:11","0","0","0","0","0","0"
"F9","01/12/2024","2710","N389FR","FAR","10:15","10:11","-4","0","0","0","0","0"
"F9","01/12/2024","2817","N311FR","SAN","12:41","13:13","32","18","0","0","0","0"
"F9","01/12/2024","3230","N634FR","IAH","06:30","06:30","0","0","0","0","0","0"
"F9","01/12/2024","3264","N347FR","STL","07:00","07:08","8","0","0","0","0","0"
"F9","01/12/2024","3266","N304FR","PHL","00:27","01:35","68","0","0","0","0","50"
"F9","01/12/2024","3286","N348FR","CVG","15:56","18:20","144","71","0","0","0","64"
"F9","01/12/2024","3376","N625FR","MCI","06:00","07:06","66","58","0","0","0","0"
"F9","01/12/2024","3467","N351FR","PHX","19:29","19:54","25","0","0","0","0","0"
"F9","01/12/2024","3566","N385FR","DTW","05:30","05:20","-10","0","0","0","0","0"
"F9","01/12/2024","3674","","MKE","18:11","00:00","0","0","0","0","0","0"
"F9","01/12/2024","3719","N311FR","PHX","22:29","22:30","1","1","0","16","0","0"
"F9","01/12/2024","3843","N342FR","LAS","19:39","19:37","-2","0","0","0","0","0"
"F9","01/12/2024","3861","N633FR","SLC","06:30","06:26","-4","0","0","0","0","0"
"F9","01/12/2024","4070","N334FR","DFW","19:33","20:07","34","0","0","0","0","0"
"F9","01/12/2024","4251","N385FR","SLC","22:45","23:05","20","0","0","19","0","20"
"F9","01/12/2024","4258","N386FR","ATL","19:29","20:02","33","15","0","0","0","0"
"F9","01/12/2024","4344","N392FR","XNA","17:05","17:12","7","0","0","0","0","0"
"F9","01/12/2024","4371","N330FR","SNA","10:20","11:14","54","42","0","0","0","0"
"F9","01/12/2024","4417","N308FR","ELP","19:09","18:59","-10","0","0","0","0","0"
"F9","01/12/2024","4611","N369FR","LAS","22:21","22:54","33","27","0","15","0","6"
"F9","01/12/2024","4626","N385FR","MEM","15:52","15:50","-2","0","0","0","0","0"
"F9","01/12/2024","4710","N717FR","TPA","18:28","19:22","54","29","0","0","0","0"
"F9","01/12/2024","4836","N236FR","MCO","15:27","15:19","-8","0","0","0","0","0"
"F9","01/12/2024","4989","N392FR","SAN","22:50","22:49","-1","0","0","0","0","0"
"F9","01/13/2024","0686","N342FR","DCA","07:00","07:05","5","0","5","34","0","0"
"F9","01/13/2024","0688","N330FR","DCA","11:56","12:07","11","0","0","0","0","0"
"F9","01/13/2024","0690","N342FR","DCA","16:38","18:40","122","0","8","0","0","93"
"F9","01/13/2024","1093","N334FR","SFO","06:05","06:25","20","20","0","29","0","0"
"F9","01/13/2024","1114","N633FR","TPA","06:00","07:21","81","0","81","20","0","0"
"F9","01/13/2024","1162","N233FR","HOU","15:30","16:01","31","1","0","2","0","30"
"F9","01/13/2024","1175","N702FR","SEA","15:32","16:44","72","72","0","39","0","0"
"F9","01/13/2024","1280","N377FR","MIA","05:30","09:20","230","0","0","0","0","0"
"F9","01/13/2024","1292","N633FR","MSP","18:54","18:48","-6","0","0","0","0","0"
"F9","01/13/2024","1362","N303FR","CLT","14:29","14:23","-6","0","0","0","0","0"
"F9","01/13/2024","1375","N634FR","PHX","06:00","06:22","22","17","0","40","0","5"
"F9","01/13/2024","1450","N348FR","ATL","00:57","03:04","127","76","0","76","0","51"
"F9","01/13/2024","1789","N330FR","PDX","21:52","21:49","-3","0","0","0","0","0"
"F9","01/13/2024","1819","N373FR","PHX","10:12","11:08","56","23","0","0","0","12"
"F9","01/13/2024","1918","","CLE","06:00","00:00","0","0","0","0","0","0"
"F9","01/13/2024","1938","N385FR","PNS","08:25","09:03","38","0","0","1","0","38"
"F9","01/13/2024","1993","N393FR","LAS","07:45","07:44","-1","0","0","26","0","0"
"F9","01/13/2024","2148","N392FR","DFW","10:53","10:53","0","0","0","0","0","0"
"F9","01/13/2024","2210","N387FR","MDW","21:16","21:40","24","24","0","8","0","0"
"F9","01/13/2024","2349","N393FR","LAS","13:44","14:04","20","0","0","0","0","0"
"F9","01/13/2024","2452","N626FR","MSY","17:38","17:35","-3","0","0","20","0","0"
"F9","01/13/2024","2632","N373FR","DFW","16:24","19:21","177","172","0","6","0","5"
"F9","01/13/2024","2817","N365FR","SAN","12:21","12:16","-5","0","0","0","0","0"
"F9","01/13/2024","3230","N606FR","IAH","06:40","10:24","224","0","217","0","0","0"
"F9","01/13/2024","3264","N705FR","STL","06:00","06:19","19","0","19","47","0","0"
"F9","01/13/2024","3266","N389FR","PHL","00:29","00:34","5","0","0","0","0","0"
"F9","01/13/2024","3286","","CVG","05:10","00:00","0","0","0","0","0","0"
"F9","01/13/2024","3294","N614FR","ATL","06:00","06:06","6","0","0","0","0","0"
"F9","01/13/2024","3312","N375FR","MCO","06:00","06:07","7","0","0","0","0","0"
"F9","01/13/2024","3465","N307FR","PHX","14:23","14:20","-3","0","0","0","0","0"
"F9","01/13/2024","3719","N392FR","PHX","22:42","00:52","130","124","0","0","0","0"
"F9","01/13/2024","3825","N230FR","ONT","23:14","00:23","69","0","0","7","0","69"
"F9","01/13/2024","3843","N385FR","LAS","19:41","19:40","-1","0","0","100","0","0"
"F9","01/13/2024","3861","N626FR","SLC","06:30","06:37","7","0","7","23","0","0"
"F9","01/13/2024","4074","N365FR","DFW","19:33","19:37","4","0","0","0","0","0"
"F9","01/13/2024","4251","N334FR","SLC","23:00","23:16","16","0","0","0","0","0"
"F9","01/13/2024","4371","N387FR","SNA","10:18","10:34","16","0","0","0","0","0"
"F9","01/13/2024","4564","N392FR","BNA","17:15","17:11","-4","0","0","0","0","0"
"F9","01/13/2024","4611","N715FR","LAS","22:20","22:33","13","0","0","0","0","0"
"F9","01/13/2024","4714","N631FR","TPA","11:21","11:35","14","0","0","0","0","0"
"F9","01/13/2024","4748","N334FR","JAX","13:50","13:52","2","0","0","0","0","0"
"F9","01/13/2024","4836","N324FR","MCO","16:29","16:58","29","0","0","0","0","0"
"F9","01/13/2024","4920","N619FR","MCO","00:29","01:01","32","0","31","6","0","1"
"F9","01/13/2024","4927","N233FR","SAN","22:26","23:20","54","0","0","34","0","54"
"F9","01/14/2024","0686","N328FR","DCA","07:00","10:37","217","203","0","0","0","0"
"F9","01/14/2024","0688","N367FR","DCA","11:51","11:45","-6","0","0","0","0","0"
"F9","01/14/2024","0690","N395FR","DCA","16:38","16:57","19","0","0","0","0","0"
"F9","01/14/2024","1082","N230FR","IND","10:20","10:15","-5","0","0","0","0","0"
"F9","01/14/2024","1093","N387FR","SFO","10:29","14:52","263","0","0","0","0","244"
"F9","01/14/2024","1114","N702FR","TPA","06:00","06:30","30","0","0","0","0","0"
"F9","01/14/2024","1128","N330FR","OMA","16:31","21:22","291","13","0","0","0","266"
"F9","01/14/2024","1150","N373FR","MSP","16:40","18:19","99","71","0","0","0","23"
"F9","01/14/2024","1162","N334FR","HOU","08:25","08:17","-8","0","0","0","0","0"
"F9","01/14/2024","1214","N303FR","AUS","15:56","17:32","96","0","0","0","0","84"
"F9","01/14/2024","1261","N310FR","ONT","13:35","15:14","99","28","0","0","0","55"
"F9","01/14/2024","1280","N303FR","MIA","05:30","06:07","37","0","37","2","0","0"
"F9","01/14/2024","1362","N365FR","CLT","06:00","06:58","58","0","24","0","0","0"
"F9","01/14/2024","1450","N394FR","ATL","00:47","01:37","50","0","18","0","0","0"
"F9","01/14/2024","1734","N710FR","MCO","00:29","01:19","50","0","0","0","0","27"
"F9","01/14/2024","1789","N614FR","PDX","21:52","22:30","38","38","0","0","0","0"
"F9","01/14/2024","1819","N634FR","PHX","10:12","10:14","2","0","0","0","0","0"
"F9","01/14/2024","1918","N609FR","CLE","05:30","05:46","16","0","0","0","0","0"
"F9","01/14/2024","1993","N362FR","LAS","07:45","08:03","18","0","0","0","0","0"
"F9","01/14/2024","2015","N335FR","LAS","10:14","10:17","3","3","0","13","0","0"
"F9","01/14/2024","2105","N330FR","PHX","13:47","15:22","95","83","0","0","0","0"
"F9","01/14/2024","2148","N233FR","DFW","10:53","10:46","-7","0","0","0","0","0"
"F9","01/14/2024","2210","N371FR","MDW","21:10","21:07","-3","0","0","0","0","0"
"F9","01/14/2024","2349","N362FR","LAS","13:44","13:42","-2","0","0","0","0","0"
"F9","01/14/2024","2438","N626FR","RDU","06:00","07:33","93","0","66","0","0","0"
"F9","01/14/2024","2632","N634FR","DFW","16:24","16:19","-5","0","0","0","0","0"
"F9","01/14/2024","2710","N395FR","FAR","10:35","10:31","-4","0","0","0","0","0"
"F9","01/14/2024","2817","N702FR","SAN","12:15","15:50","215","0","0","0","0","195"
"F9","01/14/2024","3209","N633FR","SEA","17:01","17:58","57","1","0","0","0","41"
"F9","01/14/2024","3230","N714FR","IAH","06:15","07:51","96","86","0","0","0","0"
"F9","01/14/2024","3264","N330FR","STL","07:00","07:02","2","0","0","0","0","0"
"F9","01/14/2024","3266","N305FR","PHL","00:26","01:07","41","23","0","0","0","0"
"F9","01/14/2024","3286","N626FR","CVG","15:46","16:50","64","0","0","0","0","46"
"F9","01/14/2024","3294","N715FR","ATL","05:30","05:52","22","0","0","0","0","0"
"F9","01/14/2024","3376","N713FR","MCI","06:00","08:14","134","133","0","0","0","0"
"F9","01/14/2024","3467","N328FR","PHX","19:44","20:05","21","0","0","0","0","0"
"F9","01/14/2024","3674","N230FR","MKE","17:48","17:47","-1","0","0","0","0","0"
"F9","01/14/2024","3719","N328FR","PHX","22:57","03:02","245","9","0","0","0","222"
"F9","01/14/2024","3825","","ONT","23:00","00:00","0","0","0","0","0","0"
"F9","01/14/2024","3843","N362FR","LAS","19:41","19:29","-12","0","0","0","0","0"
"F9","01/14/2024","3861","N633FR","SLC","06:00","06:35","35","0","19","0","0","0"
"F9","01/14/2024","3981","N367FR","SLC","18:38","21:25","167","6","0","0","0","146"
"F9","01/14/2024","4070","N714FR","DFW","19:21","21:29","128","57","0","13","0","71"
"F9","01/14/2024","4386","","CID","06:00","00:00","0","0","0","0","0","0"
"F9","01/14/2024","4564","N233FR","BNA","17:02","17:26","24","0","17","0","0","0"
"F9","01/14/2024","4566","N715FR","TPA","14:12","14:17","5","0","0","0","0","0"
"F9","01/14/2024","4611","N619FR","LAS","22:19","22:09","-10","0","0","0","0","0"
"F9","01/14/2024","4776","N342FR","LIT","12:15","12:09","-6","0","0","0","0","0"
"F9","01/14/2024","4836","N334FR","MCO","15:27","15:42","15","0","0","0","0","0"
"F9","01/14/2024","4927","N303FR","SAN","22:22","01:15","173","0","0","0","0","161"
"F9","01/15/2024","0686","N309FR","DCA","07:00","07:19","19","0","15","0","0","0"
"F9","01/15/2024","0688","N371FR","DCA","11:51","12:13","22","0","0","50","0","22"
"F9","01/15/2024","0690","N341FR","DCA","16:38","19:48","190","0","98","0","0","83"
"F9","01/15/2024","1082","N721FR","IND","14:43","14:55","12","0","12","20","0","0"
"F9","01/15/2024","1093","N721FR","SFO","06:05","06:12","7","0","7","19","0","0"
"F9","01/15/2024","1150","N714FR","MSP","16:04","16:36","32","1","0","0","0","20"
"F9","01/15/2024","1175","N368FR","SEA","15:31","17:00","89","11","0","48","0","78"
"F9","01/15/2024","1214","","AUS","14:44","00:00","0","0","0","0","0","0"
"F9","01/15/2024","1261","N330FR","ONT","09:24","09:29","5","0","5","19","0","0"
"F9","01/15/2024","1280","N307FR","MIA","13:22","18:29","307","0","63","0","0","229"
"F9","01/15/2024","1362","N634FR","CLT","05:30","05:38","8","0","0","0","0","0"
"F9","01/15/2024","1450","N349FR","ATL","00:57","01:11","14","0","0","0","0","0"
"F9","01/15/2024","1560","N619FR","MSN","06:00","06:06","6","0","0","0","0","0"
"F9","01/15/2024","1734","N702FR","MCO","00:29","02:46","137","131","0","0","0","0"
"F9","01/15/2024","1819","N395FR","PHX","10:12","10:52","40","0","0","9","0","40"
"F9","01/15/2024","1993","N633FR","LAS","07:00","07:24","24","0","24","23","0","0"
"F9","01/15/2024","2015","N633FR","LAS","12:59","14:33","94","0","0","0","0","88"
"F9","01/15/2024","2108","N316FR","FSD","11:25","12:05","40","0","13","43","0","27"
"F9","01/15/2024","2141","N309FR","PHX","16:38","18:11","93","0","34","15","0","59"
"F9","01/15/2024","2148","N303FR","DFW","10:53","11:00","7","0","0","0","0","0"
"F9","01/15/2024","2210","","MDW","21:16","00:00","0","0","0","0","0","0"
"F9","01/15/2024","2324","N329FR","OMA","19:45","22:02","137","72","0","5","0","65"
"F9","01/15/2024","2349","N385FR","LAS","15:46","16:15","29","0","15","14","0","14"
"F9","01/15/2024","2429","N633FR","LAS","18:55","21:04","129","0","15","0","0","98"
"F9","01/15/2024","2438","N717FR","RDU","07:00","07:20","20","0","20","13","0","0"
"F9","01/15/2024","2452","N705FR","MSY","17:12","17:27","15","0","0","0","0","0"
"F9","01/15/2024","2454","N303FR","PNS","17:02","18:21","79","0","0","0","0","62"
"F9","01/15/2024","2632","N330FR","DFW","16:11","16:46","35","21","0","7","0","14"
"F9","01/15/2024","2687","N371FR","PDX","22:04","23:40","96","0","26","0","0","68"
"F9","01/15/2024","2710","N367FR","FAR","08:25","08:22","-3","0","0","0","0","0"
"F9","01/15/2024","2746","N714FR","TPA","06:05","06:35","30","0","25","0","0","0"
"F9","01/15/2024","2817","N716FR","SAN","12:48","14:41","113","27","0","16","0","86"
"F9","01/15/2024","3230","N715FR","IAH","06:40","10:13","213","0","213","7","0","0"
"F9","01/15/2024","3264","N310FR","STL","07:05","07:30","25","0","25","0","0","0"
"F9","01/15/2024","3266","N389FR","PHL","00:29","01:30","61","35","0","0","0","0"
"F9","01/15/2024","3286","N626FR","CVG","05:10","05:13","3","0","0","0","0","0"
"F9","01/15/2024","3294","N349FR","ATL","10:51","11:22","31","0","0","8","0","31"
"F9","01/15/2024","3312","N373FR","MCO","06:00","06:00","0","0","0","0","0","0"
"F9","01/15/2024","3467","N316FR","PHX","19:28","20:11","43","35","0","0","0","0"
"F9","01/15/2024","3496","","HOU","17:38","00:00","0","0","0","0","0","0"
"F9","01/15/2024","3566","N230FR","DTW","05:25","05:17","-8","0","0","0","0","0"
"F9","01/15/2024","3674","N614FR","MKE","17:38","17:49","11","0","0","0","0","0"
"F9","01/15/2024","3719","N334FR","PHX","22:29","23:14","45","0","15","0","0","14"
"F9","01/15/2024","3825","N303FR","ONT","23:09","02:52","223","0","0","0","0","203"
"F9","01/15/2024","3861","N614FR","SLC","06:30","06:26","-4","0","0","21","0","0"
"F9","01/15/2024","4074","N233FR","DFW","19:32","00:01","269","0","196","0","0","63"
"F9","01/15/2024","4086","N316FR","XNA","05:30","05:30","0","0","0","18","0","0"
"F9","01/15/2024","4251","N330FR","SLC","23:00","00:45","105","91","0","0","0","3"
"F9","01/15/2024","4371","N230FR","SNA","10:18","14:17","239","0","54","15","0","185"
"F9","01/15/2024","4417","N717FR","ELP","17:55","18:15","20","0","0","0","0","0"
"F9","01/15/2024","4611","N720FR","LAS","22:20","23:16","56","19","0","0","0","12"
"F9","01/15/2024","4626","N341FR","MEM","10:20","10:10","-10","0","0","18","0","0"
"F9","01/15/2024","4710","N711FR","TPA","18:28","20:20","112","0","23","1","0","89"
"F9","01/15/2024","4836","N367FR","MCO","16:00","16:08","8","0","0","0","0","0"
"F9","01/15/2024","4989","N714FR","SAN","22:40","23:23","43","0","18","0","0","0"
"F9","01/16/2024","0686","N368FR","DCA","07:00","07:00","0","0","0","0","0","0"
"F9","01/16/2024","0688","N353FR","DCA","11:51","12:09","18","15","0","20","0","3"
"F9","01/16/2024","0690","N386FR","DCA","16:38","16:33","-5","0","0","0","0","0"
"F9","01/16/2024","1093","N232FR","SFO","10:13","11:14","61","42","0","0","0","0"
"F9","01/16/2024","1150","N386FR","MSP","08:45","08:40","-5","0","0","0","0","0"
"F9","01/16/2024","1162","N330FR","HOU","08:25","08:45","20","0","0","0","0","0"
"F9","01/16/2024","1175","N721FR","SEA","11:50","11:51","1","0","0","0","0","0"
"F9","01/16/2024","1280","N370FR","MIA","11:10","12:38","88","25","0","3","0","63"
"F9","01/16/2024","1362","N705FR","CLT","12:40","13:32","52","0","0","0","0","47"
"F9","01/16/2024","1375","N720FR","PHX","06:10","06:05","-5","0","0","0","0","0"
"F9","01/16/2024","1402","","BNA","15:00","00:00","0","0","0","0","0","0"
"F9","01/16/2024","1450","N346FR","ATL","00:57","03:12","135","59","0","0","0","61"
"F9","01/16/2024","1734","N713FR","MCO","00:29","02:26","117","0","0","0","0","93"
"F9","01/16/2024","1819","N341FR","PHX","10:12","10:42","30","0","0","0","0","0"
"F9","01/16/2024","1918","N329FR","CLE","05:30","05:30","0","0","0","0","0","0"
"F9","01/16/2024","1993","N393FR","LAS","07:45","07:39","-6","0","0","0","0","0"
"F9","01/16/2024","2148","N714FR","DFW","11:06","11:07","1","0","0","0","0","0"
"F9","01/16/2024","2210","N308FR","MDW","21:00","20:56","-4","0","0","0","0","0"
"F9","01/16/2024","2349","N393FR","LAS","13:44","13:39","-5","0","0","0","0","0"
"F9","01/16/2024","2632","N341FR","DFW","16:11","16:21","10","0","0","0","0","0"
"F9","01/16/2024","2687","","PDX","22:04","00:00","0","0","0","0","0","0"
"F9","01/16/2024","2746","N603FR","TPA","11:51","12:02","11","0","0","0","0","0"
"F9","01/16/2024","2817","N614FR","SAN","12:05","12:27","22","0","0","0","0","0"
"F9","01/16/2024","3230","N303FR","IAH","10:20","10:22","2","0","0","0","0","0"
"F9","01/16/2024","3266","N236FR","PHL","00:29","02:05","96","74","0","0","0","0"
"F9","01/16/2024","3294","N330FR","ATL","15:30","16:32","62","35","0","0","0","0"
"F9","01/16/2024","3302","N303FR","STL","17:01","17:22","21","0","0","0","0","0"
"F9","01/16/2024","3312","N371FR","MCO","06:00","06:49","49","0","0","0","0","30"
"F9","01/16/2024","3376","N717FR","MCI","06:00","06:35","35","32","0","0","0","0"
"F9","01/16/2024","3467","N371FR","PHX","17:27","18:08","41","22","0","0","0","0"
"F9","01/16/2024","3719","N372FR","PHX","22:29","22:17","-12","0","0","0","0","0"
"F9","01/16/2024","3825","N720FR","ONT","22:55","22:48","-7","0","0","0","0","0"
"F9","01/16/2024","3843","N309FR","LAS","19:41","19:45","4","0","0","0","0","0"
"F9","01/16/2024","3861","N309FR","SLC","06:30","06:26","-4","0","0","0","0","0"
"F9","01/16/2024","4074","N614FR","DFW","19:20","19:17","-3","0","0","0","0","0"
"F9","01/16/2024","4251","N393FR","SLC","23:00","22:53","-7","0","0","0","0","0"
"F9","01/16/2024","4611","N721FR","LAS","22:14","22:32","18","0","0","0","0","0"
"F9","01/16/2024","4712","N711FR","TPA","18:22","20:55","153","0","0","0","0","124"
"F9","01/16/2024","4836","N324FR","MCO","16:00","16:20","20","0","0","0","0","0"
"F9","01/16/2024","4989","N353FR","SAN","22:47","22:35","-12","0","0","0","0","0"
"F9","01/17/2024","0686","N371FR","DCA","07:00","07:00","0","0","0","0","0","0"
"F9","01/17/2024","0688","N318FR","DCA","11:51","14:12","141","109","0","0","0","0"
"F9","01/17/2024","0690","N341FR","DCA","16:38","16:28","-10","0","0","0","0","0"
"F9","01/17/2024","1150","N362FR","MSP","16:15","16:07","-8","0","0","0","0","0"
"F9","01/17/2024","1162","N358FR","HOU","06:10","06:05","-5","0","0","0","0","0"
"F9","01/17/2024","1175","N386FR","SEA","11:50","11:42","-8","0","0","0","0","0"
"F9","01/17/2024","1280","N721FR","MIA","05:30","05:28","-2","0","0","0","0","0"
"F9","01/17/2024","1324","N364FR","DFW","08:32","08:30","-2","0","0","0","0","0"
"F9","01/17/2024","1362","N714FR","CLT","12:40","12:59","19","0","0","0","0","0"
"F9","01/17/2024","1375","N330FR","PHX","07:45","07:40","-5","0","0","42","0","0"
"F9","01/17/2024","1450","N341FR","ATL","00:57","01:07","10","0","0","0","0","0"
"F9","01/17/2024","1560","N311FR","MSN","06:00","05:48","-12","0","0","0","0","0"
"F9","01/17/2024","1734","N307FR","MCO","00:29","02:48","139","118","0","0","0","0"
"F9","01/17/2024","1819","N341FR","PHX","10:12","10:20","8","0","0","0","0","0"
"F9","01/17/2024","1993","N303FR","LAS","07:00","07:26","26","20","0","0","0","0"
"F9","01/17/2024","2015","N303FR","LAS","12:59","13:00","1","0","0","0","0","0"
"F9","01/17/2024","2105","N373FR","PHX","13:30","13:20","-10","0","0","0","0","0"
"F9","01/17/2024","2148","N353FR","DFW","10:53","10:44","-9","0","0","0","0","0"
"F9","01/17/2024","2360","N614FR","MSY","16:00","15:50","-10","0","0","0","0","0"
"F9","01/17/2024","2429","N339FR","LAS","18:55","19:08","13","0","0","0","0","0"
"F9","01/17/2024","2632","N721FR","DFW","15:51","15:51","0","0","0","0","0","0"
"F9","01/17/2024","2687","N311FR","PDX","22:04","21:55","-9","0","0","0","0","0"
"F9","01/17/2024","2746","N711FR","TPA","10:44","10:43","-1","0","0","0","0","0"
"F9","01/17/2024","2817","N311FR","SAN","12:47","12:50","3","0","0","0","0","0"
"F9","01/17/2024","3230","N705FR","IAH","06:30","06:28","-2","0","0","0","0","0"
"F9","01/17/2024","3264","N329FR","STL","06:40","06:35","-5","0","0","0","0","0"
"F9","01/17/2024","3286","N616FR","CVG","05:10","05:07","-3","0","0","0","0","0"
"F9","01/17/2024","3294","N393FR","ATL","10:02","10:11","9","0","0","0","0","0"
"F9","01/17/2024","3312","N362FR","MCO","06:00","05:53","-7","0","0","0","0","0"
"F9","01/17/2024","3719","N714FR","PHX","22:29","22:27","-2","0","0","0","0","0"
"F9","01/17/2024","3861","N368FR","SLC","06:30","06:24","-6","0","0","0","0","0"
"F9","01/17/2024","4251","N318FR","SLC","23:06","23:20","14","0","0","0","0","0"
"F9","01/17/2024","4371","N308FR","SNA","10:23","11:09","46","0","0","0","0","35"
"F9","01/17/2024","4611","N372FR","LAS","22:14","22:20","6","0","0","0","0","0"
"F9","01/17/2024","4712","N603FR","TPA","18:22","18:09","-13","0","0","0","0","0"
"F9","01/17/2024","4836","N716FR","MCO","16:16","16:20","4","0","0","0","0","0"
"F9","01/17/2024","4989","N362FR","SAN","22:37","22:25","-12","0","0","0","0","0"
"F9","01/18/2024","0086","N713FR","STL","05:50","05:50","0","0","0","0","0","0"
"F9","01/18/2024","0686","N324FR","DCA","07:00","06:53","-7","0","0","0","0","0"
"F9","01/18/2024","0688","N318FR","DCA","12:14","12:13","-1","0","0","0","0","0"
"F9","01/18/2024","0689","N363FR","SLC","22:05","22:16","11","0","0","0","0","0"
"F9","01/18/2024","0718","N341FR","DCA","16:38","16:56","18","0","0","0","0","0"
"F9","01/18/2024","1093","N715FR","SFO","07:30","07:31","1","0","0","0","0","0"
"F9","01/18/2024","1162","N307FR","HOU","17:16","17:25","9","0","0","0","0","0"
"F9","01/18/2024","1175","N371FR","SEA","13:48","13:43","-5","0","0","0","0","0"
"F9","01/18/2024","1261","N311FR","ONT","10:44","10:39","-5","0","0","0","0","0"
"F9","01/18/2024","1280","N305FR","MIA","09:59","09:51","-8","0","0","0","0","0"
"F9","01/18/2024","1290","N716FR","MSP","20:34","21:06","32","25","0","0","0","5"
"F9","01/18/2024","1362","N350FR","CLT","13:47","13:37","-10","0","0","0","0","0"
"F9","01/18/2024","1402","N351FR","BNA","07:30","07:18","-12","0","0","0","0","0"
"F9","01/18/2024","1450","N308FR","ATL","05:30","05:22","-8","0","0","0","0","0"
"F9","01/18/2024","1499","N308FR","ONT","13:57","13:59","2","0","0","0","0","0"
"F9","01/18/2024","1734","N368FR","MCO","05:30","05:24","-6","0","0","0","0","0"
"F9","01/18/2024","1789","N318FR","PDX","21:59","21:53","-6","0","0","49","0","0"
"F9","01/18/2024","1816","N351FR","AUS","15:31","15:21","-10","0","0","0","0","0"
"F9","01/18/2024","1993","N721FR","LAS","06:00","05:52","-8","0","0","0","0","0"
"F9","01/18/2024","2015","N364FR","LAS","10:00","09:49","-11","0","0","0","0","0"
"F9","01/18/2024","2105","N631FR","PHX","12:53","12:42","-11","0","0","0","0","0"
"F9","01/18/2024","2141","N362FR","PHX","10:53","11:40","47","5","0","0","0","39"
"F9","01/18/2024","2148","N371FR","DFW","06:00","05:54","-6","0","0","0","0","0"
"F9","01/18/2024","2210","N342FR","MDW","07:41","07:31","-10","0","0","0","0","0"
"F9","01/18/2024","2348","N364FR","IND","16:05","15:55","-10","0","0","0","0","0"
"F9","01/18/2024","2349","N721FR","LAS","12:31","12:24","-7","0","0","0","0","0"
"F9","01/18/2024","2356","N353FR","SAT","07:30","07:21","-9","0","0","0","0","0"
"F9","01/18/2024","2429","N721FR","LAS","19:29","19:23","-6","0","0","0","0","0"
"F9","01/18/2024","2746","N705FR","TPA","07:00","06:52","-8","0","0","0","0","0"
"F9","01/18/2024","2817","N373FR","SAN","15:41","15:58","17","0","0","0","0","0"
"F9","01/18/2024","3230","N631FR","IAH","19:05","18:55","-10","0","0","0","0","0"
"F9","01/18/2024","3286","N350FR","CVG","06:00","05:58","-2","0","0","0","0","0"
"F9","01/18/2024","3294","N324FR","ATL","16:28","17:22","54","16","0","0","0","20"
"F9","01/18/2024","3312","N386FR","MCO","00:29","00:20","-9","0","0","0","0","0"
"F9","01/18/2024","3376","N614FR","MCI","06:15","06:40","25","25","0","7","0","0"
"F9","01/18/2024","3467","N331FR","PHX","17:02","16:53","-9","0","0","0","0","0"
"F9","01/18/2024","3578","N307FR","DTW","07:30","07:21","-9","0","0","0","0","0"
"F9","01/18/2024","3843","N331FR","LAS","22:59","23:01","2","0","0","0","0","0"
"F9","01/18/2024","3861","N353FR","SLC","14:07","14:06","-1","0","0","0","0","0"
"F9","01/18/2024","4074","N339FR","DFW","12:10","12:04","-6","0","0","0","0","0"
"F9","01/18/2024","4452","N310FR","RDU","13:55","14:23","28","0","0","0","0","0"
"F9","01/18/2024","4464","N339FR","DFW","18:14","18:06","-8","0","0","0","0","0"
"F9","01/18/2024","4635","N610FR","PHX","21:04","21:55","51","1","0","0","0","49"
"F9","01/18/2024","4714","N715FR","TPA","15:15","15:12","-3","0","0","0","0","0"
"F9","01/18/2024","4776","N358FR","LIT","07:30","07:19","-11","0","0","0","0","0"
"F9","01/18/2024","4794","N341FR","FAR","10:35","10:19","-16","0","0","0","0","0"
"F9","01/18/2024","4920","N358FR","MCO","14:44","14:40","-4","0","0","0","0","0"
"F9","01/18/2024","4927","N373FR","SAN","22:26","22:17","-9","0","0","0","0","0"
"F9","01/19/2024","0086","N714FR","STL","05:50","05:53","3","0","0","0","0","0"
"F9","01/19/2024","0686","N324FR","DCA","07:00","06:55","-5","0","0","0","0","0"
"F9","01/19/2024","0688","N363FR","DCA","12:14","13:52","98","26","0","1","0","72"
"F9","01/19/2024","0689","N363FR","SLC","22:05","00:04","119","0","0","0","0","106"
"F9","01/19/2024","0718","N350FR","DCA","16:38","17:25","47","28","0","0","0","0"
"F9","01/19/2024","1093","N317FR","SFO","07:30","07:28","-2","0","0","0","0","0"
"F9","01/19/2024","1127","N393FR","SLC","19:02","19:01","-1","0","0","0","0","0"
"F9","01/19/2024","1162","N305FR","HOU","17:16","17:02","-14","0","0","0","0","0"
"F9","01/19/2024","1175","N317FR","SEA","14:53","15:04","11","0","0","0","0","0"
"F9","01/19/2024","1261","N318FR","ONT","10:44","10:35","-9","0","0","0","0","0"
"F9","01/19/2024","1280","N342FR","MIA","09:59","09:58","-1","0","0","0","0","0"
"F9","01/19/2024","1292","N604FR","MSP","20:34","20:24","-10","0","0","0","0","0"
"F9","01/19/2024","1362","N356FR","CLT","13:47","15:19","92","0","0","0","0","53"
"F9","01/19/2024","1402","N715FR","BNA","07:30","07:24","-6","0","0","0","0","0"
"F9","01/19/2024","1450","N308FR","ATL","05:30","05:22","-8","0","0","0","0","0"
"F9","01/19/2024","1499","N351FR","ONT","13:57","13:52","-5","0","0","0","0","0"
"F9","01/19/2024","1560","N350FR","MSN","07:54","07:44","-10","0","0","0","0","0"
"F9","01/19/2024","1608","N364FR","MKE","05:35","05:32","-3","0","0","0","0","0"
"F9","01/19/2024","1734","N371FR","MCO","05:30","05:20","-10","0","0","0","0","0"
"F9","01/19/2024","1789","N331FR","PDX","21:59","21:49","-10","0","0","0","0","0"
"F9","01/19/2024","1993","N705FR","LAS","06:00","05:50","-10","0","0","0","0","0"
"F9","01/19/2024","2015","N394FR","LAS","10:00","09:51","-9","0","0","0","0","0"
"F9","01/19/2024","2105","N631FR","PHX","12:53","12:50","-3","0","0","0","0","0"
"F9","01/19/2024","2107","N364FR","ELP","18:14","18:19","5","0","0","0","0","0"
"F9","01/19/2024","2108","N364FR","FSD","12:50","12:46","-4","0","0","0","0","0"
"F9","01/19/2024","2141","N341FR","PHX","10:53","11:48","55","0","0","0","0","34"
"F9","01/19/2024","2148","N351FR","DFW","06:00","05:53","-7","0","0","0","0","0"
"F9","01/19/2024","2210","N238FR","MDW","07:41","07:38","-3","0","0","0","0","0"
"F9","01/19/2024","2348","N346FR","IND","16:05","16:34","29","0","0","0","0","0"
"F9","01/19/2024","2349","N705FR","LAS","12:31","13:57","86","68","0","0","0","0"
"F9","01/19/2024","2360","N310FR","MSY","09:30","09:23","-7","0","0","0","0","0"
"F9","01/19/2024","2429","N705FR","LAS","19:29","20:41","72","27","0","0","0","31"
"F9","01/19/2024","2454","N307FR","PNS","07:30","07:23","-7","0","0","0","0","0"
"F9","01/19/2024","2746","N713FR","TPA","07:30","08:03","33","0","0","0","0","0"
"F9","01/19/2024","2817","N307FR","SAN","15:41","15:37","-4","0","0","0","0","0"
"F9","01/19/2024","3230","N713FR","IAH","19:05","19:05","0","0","0","0","0","0"
"F9","01/19/2024","3286","N356FR","CVG","06:00","05:50","-10","0","0","0","0","0"
"F9","01/19/2024","3294","N341FR","ATL","16:28","16:54","26","0","0","0","0","0"
"F9","01/19/2024","3312","N339FR","MCO","00:29","00:27","-2","0","0","0","0","0"
"F9","01/19/2024","3376","N721FR","MCI","06:15","06:04","-11","0","0","0","0","0"
"F9","01/19/2024","3467","N324FR","PHX","17:02","18:15","73","0","0","0","0","61"
"F9","01/19/2024","3578","N310FR","DTW","16:33","16:55","22","0","0","0","0","0"
"F9","01/19/2024","3843","N324FR","LAS","22:59","23:43","44","0","0","0","0","25"
"F9","01/19/2024","4074","N373FR","DFW","12:10","12:01","-9","0","0","0","0","0"
"F9","01/19/2024","4371","N353FR","SNA","07:00","06:56","-4","0","0","0","0","0"
"F9","01/19/2024","4372","N393FR","OMA","13:51","14:03","12","0","0","0","0","0"
"F9","01/19/2024","4452","N361FR","RDU","15:00","14:50","-10","0","0","0","0","0"
"F9","01/19/2024","4464","N359FR","DFW","18:14","18:19","5","0","0","0","0","0"
"F9","01/19/2024","4635","N392FR","PHX","20:54","20:44","-10","0","0","0","0","0"
"F9","01/19/2024","4714","N715FR","TPA","15:30","16:08","38","0","0","0","0","15"
"F9","01/19/2024","4794","N305FR","FAR","10:35","10:25","-10","0","0","0","0","0"
"F9","01/19/2024","4920","N353FR","MCO","14:44","14:43","-1","0","0","0","0","0"
"F9","01/19/2024","4927","N307FR","SAN","22:26","22:17","-9","0","0","0","0","0"
"F9","01/20/2024","0086","N718FR","STL","05:50","07:21","91","85","0","0","0","0"
"F9","01/20/2024","0686","N310FR","DCA","07:00","06:53","-7","0","0","0","0","0"
"F9","01/20/2024","0688","N363FR","DCA","12:14","12:46","32","17","0","0","0","0"
"F9","01/20/2024","0689","N356FR","SLC","22:05","22:04","-1","0","0","0","0","0"
"F9","01/20/2024","0718","N350FR","DCA","16:38","16:48","10","0","0","0","0","0"
"F9","01/20/2024","1093","N361FR","SFO","06:00","05:54","-6","0","0","0","0","0"
"F9","01/20/2024","1280","N342FR","MIA","09:59","09:53","-6","0","0","0","0","0"
"F9","01/20/2024","1292","N713FR","MSP","20:34","21:11","37","0","0","0","0","0"
"F9","01/20/2024","1362","N361FR","CLT","13:47","13:44","-3","0","0","0","0","0"
"F9","01/20/2024","1450","N351FR","ATL","05:30","05:26","-4","0","0","0","0","0"
"F9","01/20/2024","1499","N331FR","ONT","10:44","10:41","-3","0","0","0","0","0"
"F9","01/20/2024","1734","N393FR","MCO","05:30","05:52","22","0","0","0","0","0"
"F9","01/20/2024","1789","N394FR","PDX","21:59","21:55","-4","0","0","0","0","0"
"F9","01/20/2024","1993","N634FR","LAS","06:05","06:05","0","0","0","0","0","0"
"F9","01/20/2024","2105","N713FR","PHX","12:53","12:42","-11","0","0","0","0","0"
"F9","01/20/2024","2141","N307FR","PHX","10:53","10:46","-7","0","0","0","0","0"
"F9","01/20/2024","2148","N364FR","DFW","06:00","05:56","-4","0","0","0","0","0"
"F9","01/20/2024","2210","N346FR","MDW","07:41","07:31","-10","0","0","0","0","0"
"F9","01/20/2024","2349","N634FR","LAS","12:31","12:24","-7","0","0","0","0","0"
"F9","01/20/2024","2429","N634FR","LAS","19:29","19:31","2","0","0","0","0","0"
"F9","01/20/2024","2454","N356FR","PNS","07:20","07:51","31","0","0","0","0","0"
"F9","01/20/2024","2746","N631FR","TPA","06:00","05:58","-2","0","0","0","0","0"
"F9","01/20/2024","2817","N356FR","SAN","15:41","15:37","-4","0","0","0","0","0"
"F9","01/20/2024","3230","N631FR","IAH","19:05","19:08","3","0","0","0","0","0"
"F9","01/20/2024","3286","N305FR","CVG","05:30","07:41","131","118","0","0","0","0"
"F9","01/20/2024","3294","N721FR","ATL","16:07","16:01","-6","0","0","0","0","0"
"F9","01/20/2024","3312","N609FR","MCO","00:29","00:58","29","0","0","0","0","0"
"F9","01/20/2024","3376","N350FR","MCI","10:40","10:36","-4","0","0","0","0","0"
"F9","01/20/2024","3467","N307FR","PHX","17:02","16:53","-9","0","0","0","0","0"
"F9","01/20/2024","3843","N361FR","LAS","22:59","22:51","-8","0","0","0","0","0"
"F9","01/20/2024","3861","N384FR","SLC","16:55","16:49","-6","0","0","0","0","0"
"F9","01/20/2024","4074","N364FR","DFW","12:10","13:29","79","73","0","0","0","0"
"F9","01/20/2024","4371","N384FR","SNA","09:05","09:00","-5","0","0","0","0","0"
"F9","01/20/2024","4464","N310FR","DFW","18:14","18:11","-3","0","0","0","0","0"
"F9","01/20/2024","4635","N710FR","PHX","21:04","20:58","-6","0","0","0","0","0"
"F9","01/20/2024","4714","N341FR","TPA","15:15","15:10","-5","0","0","0","0","0"
"F9","01/20/2024","4748","N339FR","JAX","14:00","13:58","-2","0","0","0","0","0"
"F9","01/20/2024","4920","N382FR","MCO","14:44","14:41","-3","0","0","0","0","0"
"F9","01/20/2024","4927","N363FR","SAN","22:26","22:25","-1","0","0","0","0","0"
"F9","01/21/2024","0086","N718FR","STL","05:50","05:44","-6","0","0","0","0","0"
"F9","01/21/2024","0686","N381FR","DCA","07:00","07:35","35","25","0","0","0","0"
"F9","01/21/2024","0688","N356FR","DCA","12:14","12:01","-13","0","0","0","0","0"
"F9","01/21/2024","0689","N356FR","SLC","22:05","21:58","-7","0","0","0","0","0"
"F9","01/21/2024","0718","N350FR","DCA","16:38","16:31","-7","0","0","0","0","0"
"F9","01/21/2024","1093","N714FR","SFO","07:30","08:08","38","0","0","16","0","0"
"F9","01/21/2024","1162","N381FR","HOU","17:16","17:18","2","2","0","29","0","0"
"F9","01/21/2024","1175","N233FR","SEA","13:55","13:54","-1","0","0","0","0","0"
"F9","01/21/2024","1261","N394FR","ONT","10:44","10:34","-10","0","0","0","0","0"
"F9","01/21/2024","1280","N359FR","MIA","09:59","10:16","17","0","0","0","0","0"
"F9","01/21/2024","1292","N609FR","MSP","20:34","20:49","15","0","0","0","0","0"
"F9","01/21/2024","1362","N326FR","CLT","13:47","13:45","-2","0","0","0","0","0"
"F9","01/21/2024","1402","N384FR","BNA","07:30","07:21","-9","0","0","0","0","0"
"F9","01/21/2024","1450","N346FR","ATL","05:30","05:29","-1","0","0","21","0","0"
"F9","01/21/2024","1499","N351FR","ONT","13:52","13:55","3","0","0","0","0","0"
"F9","01/21/2024","1734","N339FR","MCO","05:30","05:41","11","0","0","0","0","0"
"F9","01/21/2024","1789","N233FR","PDX","21:59","21:50","-9","0","0","0","0","0"
"F9","01/21/2024","1816","N384FR","AUS","15:31","15:23","-8","0","0","0","0","0"
"F9","01/21/2024","1993","N634FR","LAS","06:00","05:59","-1","0","0","0","0","0"
"F9","01/21/2024","2015","N361FR","LAS","10:00","09:54","-6","0","0","0","0","0"
"F9","01/21/2024","2105","N631FR","PHX","12:53","12:44","-9","0","0","0","0","0"
"F9","01/21/2024","2141","N370FR","PHX","10:53","10:47","-6","0","0","0","0","0"
"F9","01/21/2024","2148","N317FR","DFW","06:00","06:03","3","0","0","0","0","0"
"F9","01/21/2024","2210","N307FR","MDW","07:41","07:40","-1","0","0","0","0","0"
"F9","01/21/2024","2348","N336FR","IND","16:05","16:46","41","0","0","0","0","28"
"F9","01/21/2024","2349","N634FR","LAS","12:31","12:27","-4","0","0","0","0","0"
"F9","01/21/2024","2356","N238FR","SAT","07:30","07:24","-6","0","0","0","0","0"
"F9","01/21/2024","2429","N634FR","LAS","19:29","19:22","-7","0","0","0","0","0"
"F9","01/21/2024","2746","N620FR","TPA","07:00","07:00","0","0","0","0","0","0"
"F9","01/21/2024","2817","N364FR","SAN","15:41","15:33","-8","0","0","0","0","0"
"F9","01/21/2024","3230","N610FR","IAH","19:05","19:00","-5","0","0","0","0","0"
"F9","01/21/2024","3286","N310FR","CVG","06:00","05:53","-7","0","0","33","0","0"
"F9","01/21/2024","3294","N305FR","ATL","16:28","16:28","0","0","0","0","0","0"
"F9","01/21/2024","3312","N629FR","MCO","00:29","00:53","24","0","0","0","0","0"
"F9","01/21/2024","3376","N621FR","MCI","06:15","06:11","-4","0","0","0","0","0"
"F9","01/21/2024","3467","N370FR","PHX","17:02","16:58","-4","0","0","0","0","0"
"F9","01/21/2024","3578","N364FR","DTW","07:30","07:20","-10","0","0","0","0","0"
"F9","01/21/2024","3843","N342FR","LAS","22:59","23:01","2","0","0","0","0","0"
"F9","01/21/2024","3981","N238FR","SLC","14:08","14:08","0","0","0","0","0","0"
"F9","01/21/2024","4074","N363FR","DFW","12:10","12:04","-6","0","0","0","0","0"
"F9","01/21/2024","4452","N317FR","RDU","13:10","13:05","-5","0","0","0","0","0"
"F9","01/21/2024","4464","N363FR","DFW","18:14","18:08","-6","0","0","0","0","0"
"F9","01/21/2024","4635","N385FR","PHX","21:04","20:55","-9","0","0","0","0","0"
"F9","01/21/2024","4714","N714FR","TPA","15:15","17:22","127","4","0","3","0","123"
"F9","01/21/2024","4794","N350FR","FAR","10:35","10:25","-10","0","0","0","0","0"
"F9","01/21/2024","4920","N310FR","MCO","14:44","14:34","-10","0","0","0","0","0"
"F9","01/21/2024","4927","N364FR","SAN","22:26","22:17","-9","0","0","0","0","0"
"F9","01/22/2024","0086","","STL","05:50","00:00","0","0","0","0","0","0"
"F9","01/22/2024","0686","N381FR","DCA","07:00","06:55","-5","0","0","0","0","0"
"F9","01/22/2024","0688","N356FR","DCA","12:14","12:16","2","0","0","0","0","0"
"F9","01/22/2024","0689","N370FR","SLC","22:12","22:33","21","1","0","34","0","20"
"F9","01/22/2024","0718","N350FR","DCA","16:38","16:35","-3","0","0","0","0","0"
"F9","01/22/2024","1093","N370FR","SFO","07:30","08:08","38","0","0","25","0","0"
"F9","01/22/2024","1127","N313FR","SLC","19:05","19:42","37","0","0","0","0","17"
"F9","01/22/2024","1128","N313FR","OMA","13:54","15:15","81","0","0","0","0","72"
"F9","01/22/2024","1162","N336FR","HOU","17:16","17:05","-11","0","0","0","0","0"
"F9","01/22/2024","1175","N370FR","SEA","14:53","15:13","20","0","0","0","0","0"
"F9","01/22/2024","1261","N233FR","ONT","10:44","10:37","-7","0","0","0","0","0"
"F9","01/22/2024","1280","N367FR","MIA","09:59","09:59","0","0","0","0","0","0"
"F9","01/22/2024","1296","N304FR","MSP","21:07","21:11","4","0","0","0","0","0"
"F9","01/22/2024","1362","N718FR","CLT","13:38","14:11","33","0","0","0","0","31"
"F9","01/22/2024","1402","N629FR","BNA","06:21","06:13","-8","0","0","0","0","0"
"F9","01/22/2024","1450","N351FR","ATL","05:30","05:23","-7","0","0","0","0","0"
"F9","01/22/2024","1499","N363FR","ONT","13:57","14:03","6","0","0","0","0","0"
"F9","01/22/2024","1560","N334FR","MSN","07:00","06:50","-10","0","0","0","0","0"
"F9","01/22/2024","1734","N307FR","MCO","05:30","05:25","-5","0","0","0","0","0"
"F9","01/22/2024","1789","N356FR","PDX","21:59","21:47","-12","0","0","0","0","0"
"F9","01/22/2024","1993","N238FR","LAS","07:30","07:20","-10","0","0","0","0","0"
"F9","01/22/2024","2015","N322FR","LAS","10:00","10:59","59","0","0","86","0","0"
"F9","01/22/2024","2105","N610FR","PHX","12:53","13:10","17","0","0","0","0","0"
"F9","01/22/2024","2107","N384FR","ELP","18:34","18:26","-8","0","0","0","0","0"
"F9","01/22/2024","2108","N384FR","FSD","13:10","13:17","7","0","0","0","0","0"
"F9","01/22/2024","2141","N364FR","PHX","10:53","10:44","-9","0","0","0","0","0"
"F9","01/22/2024","2148","N718FR","DFW","06:00","07:54","114","114","0","4","0","0"
"F9","01/22/2024","2210","N305FR","MDW","06:40","06:35","-5","0","0","0","0","0"
"F9","01/22/2024","2348","N310FR","IND","16:05","17:18","73","29","0","0","0","40"
"F9","01/22/2024","2349","N351FR","LAS","13:53","17:00","187","0","0","168","0","0"
"F9","01/22/2024","2360","N336FR","MSY","09:30","09:20","-10","0","0","0","0","0"
"F9","01/22/2024","2429","N615FR","LAS","19:29","20:52","83","0","0","61","0","0"
"F9","01/22/2024","2454","N317FR","PNS","07:30","07:17","-13","0","0","0","0","0"
"F9","01/22/2024","2746","N615FR","TPA","07:28","07:26","-2","0","0","0","0","0"
"F9","01/22/2024","2817","N317FR","SAN","15:41","15:28","-13","0","0","0","0","0"
"F9","01/22/2024","3230","N610FR","IAH","19:05","19:16","11","0","0","0","0","0"
"F9","01/22/2024","3286","N704FR","CVG","05:30","05:18","-12","0","0","0","0","0"
"F9","01/22/2024","3294","N381FR","ATL","16:28","16:18","-10","0","0","0","0","0"
"F9","01/22/2024","3312","N714FR","MCO","00:29","03:10","161","1","0","0","0","151"
"F9","01/22/2024","3376","N384FR","MCI","05:40","05:31","-9","0","0","0","0","0"
"F9","01/22/2024","3467","N364FR","PHX","17:02","16:57","-5","0","0","0","0","0"
"F9","01/22/2024","3578","N322FR","DTW","16:33","17:35","62","0","0","0","0","56"
"F9","01/22/2024","3843","N364FR","LAS","22:59","22:55","-4","0","0","0","0","0"
"F9","01/22/2024","4074","N326FR","DFW","11:37","11:31","-6","0","0","0","0","0"
"F9","01/22/2024","4371","N363FR","SNA","06:49","06:44","-5","0","0","0","0","0"
"F9","01/22/2024","4452","N334FR","RDU","14:00","14:00","0","0","0","0","0","0"
"F9","01/22/2024","4464","N326FR","DFW","17:54","18:34","40","35","0","0","0","0"
"F9","01/22/2024","4635","N352FR","PHX","21:04","22:06","62","0","0","0","0","47"
"F9","01/22/2024","4714","N629FR","TPA","15:15","15:12","-3","0","0","0","0","0"
"F9","01/22/2024","4794","N350FR","FAR","10:35","10:33","-2","0","0","0","0","0"
"F9","01/22/2024","4920","N329FR","MCO","14:44","15:05","21","21","0","3","0","0"
"F9","01/22/2024","4927","N317FR","SAN","22:26","22:16","-10","0","0","0","0","0"
"F9","01/23/2024","0086","N629FR","STL","05:50","05:52","2","0","0","0","0","0"
"F9","01/23/2024","0686","N301FR","DCA","07:00","06:51","-9","0","0","0","0","0"
"F9","01/23/2024","0688","N322FR","DCA","12:14","12:10","-4","0","0","0","0","0"
"F9","01/23/2024","0689","N322FR","SLC","22:05","22:02","-3","0","0","0","0","0"
"F9","01/23/2024","0718","N326FR","DCA","16:38","16:24","-14","0","0","0","0","0"
"F9","01/23/2024","1175","N356FR","SEA","13:48","13:42","-6","0","0","0","0","0"
"F9","01/23/2024","1280","N605FR","MIA","10:01","10:03","2","0","0","0","0","0"
"F9","01/23/2024","1292","N710FR","MSP","20:34","20:46","12","0","0","0","0","0"
"F9","01/23/2024","1362","N384FR","CLT","13:47","13:52","5","0","0","0","0","0"
"F9","01/23/2024","1499","N305FR","ONT","10:44","10:41","-3","0","0","0","0","0"
"F9","01/23/2024","1734","N381FR","MCO","05:30","05:22","-8","0","0","0","0","0"
"F9","01/23/2024","1789","N394FR","PDX","21:59","21:48","-11","0","0","0","0","0"
"F9","01/23/2024","1816","N364FR","AUS","09:59","09:50","-9","0","0","0","0","0"
"F9","01/23/2024","1993","N621FR","LAS","06:05","05:58","-7","0","0","0","0","0"
"F9","01/23/2024","2105","N610FR","PHX","12:53","12:49","-4","0","0","0","0","0"
"F9","01/23/2024","2141","N317FR","PHX","10:53","10:45","-8","0","0","0","0","0"
"F9","01/23/2024","2148","N322FR","DFW","06:00","05:54","-6","0","0","21","0","0"
"F9","01/23/2024","2210","N334FR","MDW","07:40","07:34","-6","0","0","0","0","0"
"F9","01/23/2024","2349","N621FR","LAS","12:31","13:58","87","0","0","78","0","10"
"F9","01/23/2024","2429","N621FR","LAS","19:29","19:50","21","0","0","0","0","0"
"F9","01/23/2024","2746","N704FR","TPA","06:00","05:53","-7","0","0","0","0","0"
"F9","01/23/2024","3230","N607FR","IAH","19:05","19:39","34","0","0","0","0","0"
"F9","01/23/2024","3294","N704FR","ATL","16:07","15:58","-9","0","0","0","0","0"
"F9","01/23/2024","3312","N630FR","MCO","00:29","02:52","143","83","0","0","0","56"
"F9","01/23/2024","3376","N718FR","MCI","06:15","06:10","-5","0","0","24","0","0"
"F9","01/23/2024","3467","N317FR","PHX","17:02","16:51","-11","0","0","0","0","0"
"F9","01/23/2024","3843","N317FR","LAS","22:59","22:49","-10","0","0","0","0","0"
"F9","01/23/2024","3861","N364FR","SLC","16:57","16:51","-6","0","0","0","0","0"
"F9","01/23/2024","4074","N350FR","DFW","12:10","12:02","-8","0","0","0","0","0"
"F9","01/23/2024","4464","N350FR","DFW","18:14","18:04","-10","0","0","0","0","0"
"F9","01/23/2024","4635","N611FR","PHX","21:04","20:57","-7","0","0","0","0","0"
"F9","01/23/2024","4714","N358FR","TPA","15:25","15:24","-1","0","0","0","0","0"
"F9","01/23/2024","4920","N232FR","MCO","14:44","14:36","-8","0","0","0","0","0"
"F9","01/23/2024","4927","N384FR","SAN","22:26","23:34","68","46","0","0","0","0"
"F9","01/24/2024","0086","N629FR","STL","05:50","05:41","-9","0","0","0","0","0"
"F9","01/24/2024","0686","N391FR","DCA","07:00","06:46","-14","0","0","0","0","0"
"F9","01/24/2024","0688","N322FR","DCA","12:14","12:04","-10","0","0","0","0","0"
"F9","01/24/2024","0689","N364FR","SLC","22:05","22:02","-3","0","0","0","0","0"
"F9","01/24/2024","0718","N391FR","DCA","16:38","16:25","-13","0","0","0","0","0"
"F9","01/24/2024","1127","N363FR","SLC","18:12","18:04","-8","0","0","0","0","0"
"F9","01/24/2024","1280","N718FR","MIA","10:01","10:07","6","6","0","12","0","0"
"F9","01/24/2024","1292","N624FR","MSP","21:27","21:26","-1","0","0","0","0","0"
"F9","01/24/2024","1362","N313FR","CLT","13:47","13:59","12","0","0","0","0","0"
"F9","01/24/2024","1499","N394FR","ONT","10:44","10:39","-5","0","0","0","0","0"
"F9","01/24/2024","1608","N301FR","MKE","05:45","05:35","-10","0","0","0","0","0"
"F9","01/24/2024","1734","N358FR","MCO","05:30","05:23","-7","0","0","0","0","0"
"F9","01/24/2024","1789","N392FR","PDX","21:59","21:48","-11","0","0","0","0","0"
"F9","01/24/2024","1993","N610FR","LAS","06:05","05:56","-9","0","0","0","0","0"
"F9","01/24/2024","2105","N701FR","PHX","12:53","12:56","3","0","0","0","0","0"
"F9","01/24/2024","2141","N326FR","PHX","10:53","14:41","228","214","0","0","0","0"
"F9","01/24/2024","2148","N313FR","DFW","06:00","05:52","-8","0","0","0","0","0"
"F9","01/24/2024","2210","N334FR","MDW","07:40","07:30","-10","0","0","0","0","0"
"F9","01/24/2024","2349","N610FR","LAS","12:31","12:28","-3","0","0","0","0","0"
"F9","01/24/2024","2429","N610FR","LAS","19:29","19:22","-7","0","0","0","0","0"
"F9","01/24/2024","2746","N704FR","TPA","06:00","05:55","-5","0","0","31","0","0"
"F9","01/24/2024","2817","N370FR","SAN","15:41","15:30","-11","0","0","0","0","0"
"F9","01/24/2024","3230","N716FR","IAH","19:05","19:02","-3","0","0","0","0","0"
"F9","01/24/2024","3286","N621FR","CVG","05:30","05:23","-7","0","0","0","0","0"
"F9","01/24/2024","3294","N605FR","ATL","16:07","15:57","-10","0","0","31","0","0"
"F9","01/24/2024","3312","N350FR","MCO","00:29","00:23","-6","0","0","0","0","0"
"F9","01/24/2024","3467","N324FR","PHX","17:02","16:55","-7","0","0","0","0","0"
"F9","01/24/2024","3843","N324FR","LAS","22:59","22:50","-9","0","0","0","0","0"
"F9","01/24/2024","4074","N356FR","DFW","12:10","12:05","-5","0","0","0","0","0"
"F9","01/24/2024","4371","N364FR","SNA","06:10","06:04","-6","0","0","0","0","0"
"F9","01/24/2024","4372","N364FR","OMA","13:01","13:23","22","0","0","0","0","0"
"F9","01/24/2024","4464","N356FR","DFW","18:14","18:05","-9","0","0","0","0","0"
"F9","01/24/2024","4635","N612FR","PHX","21:04","20:56","-8","0","0","0","0","0"
"F9","01/24/2024","4920","N301FR","MCO","14:44","14:38","-6","0","0","0","0","0"
"F9","01/24/2024","4927","N370FR","SAN","22:26","22:22","-4","0","0","0","0","0"
"F9","01/25/2024","0086","N629FR","STL","05:50","05:43","-7","0","0","0","0","0"
"F9","01/25/2024","0686","N363FR","DCA","07:00","06:50","-10","0","0","0","0","0"
"F9","01/25/2024","0688","N364FR","DCA","12:14","12:11","-3","0","0","0","0","0"
"F9","01/25/2024","0689","N358FR","SLC","22:05","21:59","-6","0","0","28","0","0"
"F9","01/25/2024","0718","N391FR","DCA","16:38","16:27","-11","0","0","0","0","0"
"F9","01/25/2024","1093","N630FR","SFO","07:30","07:27","-3","0","0","0","0","0"
"F9","01/25/2024","1162","N336FR","HOU","17:16","17:13","-3","0","0","0","0","0"
"F9","01/25/2024","1175","N322FR","SEA","13:48","13:43","-5","0","0","0","0","0"
"F9","01/25/2024","1261","N313FR","ONT","10:44","10:37","-7","0","0","0","0","0"
"F9","01/25/2024","1280","N324FR","MIA","09:59","09:59","0","0","0","0","0","0"
"F9","01/25/2024","1290","N704FR","MSP","20:34","22:57","143","140","0","0","0","0"
"F9","01/25/2024","1362","N334FR","CLT","13:47","13:37","-10","0","0","0","0","0"
"F9","01/25/2024","1402","N344FR","BNA","07:30","07:40","10","10","0","12","0","0"
"F9","01/25/2024","1450","N233FR","ATL","05:30","05:22","-8","0","0","0","0","0"
"F9","01/25/2024","1499","N233FR","ONT","13:57","13:56","-1","0","0","0","0","0"
"F9","01/25/2024","1734","N384FR","MCO","05:30","05:22","-8","0","0","18","0","0"
"F9","01/25/2024","1789","N351FR","PDX","21:59","21:50","-9","0","0","0","0","0"
"F9","01/25/2024","1816","N344FR","AUS","15:31","16:39","68","66","0","0","0","0"
"F9","01/25/2024","1993","N610FR","LAS","06:00","05:51","-9","0","0","0","0","0"
"F9","01/25/2024","2015","N367FR","LAS","10:00","09:51","-9","0","0","0","0","0"
"F9","01/25/2024","2105","N716FR","PHX","12:53","12:38","-15","0","0","0","0","0"
"F9","01/25/2024","2141","N392FR","PHX","10:53","10:48","-5","0","0","0","0","0"
"F9","01/25/2024","2148","N322FR","DFW","06:00","05:56","-4","0","0","0","0","0"
"F9","01/25/2024","2210","N381FR","MDW","07:41","07:29","-12","0","0","86","0","0"
"F9","01/25/2024","2348","N367FR","IND","16:05","16:00","-5","0","0","0","0","0"
"F9","01/25/2024","2349","N610FR","LAS","12:31","13:12","41","0","0","0","0","21"
"F9","01/25/2024","2356","N330FR","SAT","07:30","07:26","-4","0","0","0","0","0"
"F9","01/25/2024","2429","N603FR","LAS","19:29","19:31","2","0","0","0","0","0"
"F9","01/25/2024","2746","N374FR","TPA","07:00","06:52","-8","0","0","0","0","0"
"F9","01/25/2024","2817","N356FR","SAN","15:41","15:35","-6","0","0","0","0","0"
"F9","01/25/2024","3230","N716FR","IAH","19:05","18:57","-8","0","0","0","0","0"
"F9","01/25/2024","3286","N334FR","CVG","06:00","05:52","-8","0","0","0","0","0"
"F9","01/25/2024","3294","N363FR","ATL","16:28","16:22","-6","0","0","0","0","0"
"F9","01/25/2024","3312","N605FR","MCO","00:29","00:45","16","0","0","0","0","0"
"F9","01/25/2024","3376","N621FR","MCI","06:15","05:59","-16","0","0","0","0","0"
"F9","01/25/2024","3467","N361FR","PHX","17:02","16:56","-6","0","0","0","0","0"
"F9","01/25/2024","3578","N336FR","DTW","07:30","07:32","2","0","0","0","0","0"
"F9","01/25/2024","3843","N361FR","LAS","22:59","23:11","12","0","0","0","0","0"
"F9","01/25/2024","3861","N330FR","SLC","14:07","14:03","-4","0","0","0","0","0"
"F9","01/25/2024","4074","N370FR","DFW","12:10","12:07","-3","0","0","0","0","0"
"F9","01/25/2024","4452","N338FR","RDU","13:55","13:52","-3","0","0","0","0","0"
"F9","01/25/2024","4464","N370FR","DFW","18:14","18:15","1","0","0","0","0","0"
"F9","01/25/2024","4635","N629FR","PHX","21:04","00:14","190","0","0","0","0","0"
"F9","01/25/2024","4714","N630FR","TPA","15:15","15:17","2","0","0","27","0","2"
"F9","01/25/2024","4776","N386FR","LIT","07:30","07:11","-19","0","0","0","0","0"
"F9","01/25/2024","4794","N391FR","FAR","10:35","10:25","-10","0","0","0","0","0"
"F9","01/25/2024","4920","N386FR","MCO","14:44","14:45","1","0","0","0","0","0"
"F9","01/25/2024","4927","N356FR","SAN","22:26","01:13","167","140","0","0","0","0"
"F9","01/26/2024","0086","N621FR","STL","05:50","05:46","-4","0","0","0","0","0"
"F9","01/26/2024","0686","N338FR","DCA","07:00","06:55","-5","0","0","0","0","0"
"F9","01/26/2024","0688","N358FR","DCA","12:14","12:40","26","0","0","0","0","0"
"F9","01/26/2024","0689","N358FR","SLC","22:05","21:59","-6","0","0","0","0","0"
"F9","01/26/2024","0718","N391FR","DCA","16:38","16:30","-8","0","0","0","0","0"
"F9","01/26/2024","1093","N322FR","SFO","07:30","07:21","-9","0","0","0","0","0"
"F9","01/26/2024","1127","N607FR","SLC","19:02","19:36","34","0","0","0","0","15"
"F9","01/26/2024","1162","N360FR","HOU","17:16","18:14","58","0","0","0","0","42"
"F9","01/26/2024","1175","N322FR","SEA","14:53","14:54","1","0","0","0","0","0"
"F9","01/26/2024","1261","N351FR","ONT","10:44","10:43","-1","0","0","0","0","0"
"F9","01/26/2024","1280","N324FR","MIA","09:59","09:53","-6","0","0","0","0","0"
"F9","01/26/2024","1292","N619FR","MSP","20:34","20:26","-8","0","0","0","0","0"
"F9","01/26/2024","1362","N332FR","CLT","13:47","13:44","-3","0","0","0","0","0"
"F9","01/26/2024","1402","N620FR","BNA","07:30","07:44","14","14","0","7","0","0"
"F9","01/26/2024","1450","N233FR","ATL","05:30","05:26","-4","0","0","0","0","0"
"F9","01/26/2024","1499","N386FR","ONT","13:57","13:50","-7","0","0","0","0","0"
"F9","01/26/2024","1560","N388FR","MSN","07:54","12:17","263","263","0","29","0","0"
"F9","01/26/2024","1734","N235FR","MCO","05:30","09:56","266","266","0","14","0","0"
"F9","01/26/2024","1789","N378FR","PDX","21:59","21:57","-2","0","0","0","0","0"
"F9","01/26/2024","1993","N607FR","LAS","06:00","05:52","-8","0","0","0","0","0"
"F9","01/26/2024","2015","N305FR","LAS","10:00","09:52","-8","0","0","0","0","0"
"F9","01/26/2024","2105","N716FR","PHX","12:53","12:46","-7","0","0","0","0","0"
"F9","01/26/2024","2107","N336FR","ELP","18:14","18:18","4","0","0","0","0","0"
"F9","01/26/2024","2108","N336FR","FSD","12:50","13:26","36","0","0","0","0","33"
"F9","01/26/2024","2141","N356FR","PHX","10:53","10:48","-5","0","0","0","0","0"
"F9","01/26/2024","2148","N370FR","DFW","06:00","05:57","-3","0","0","0","0","0"
"F9","01/26/2024","2210","N363FR","MDW","07:41","09:52","131","0","126","0","0","0"
"F9","01/26/2024","2348","N305FR","IND","16:05","15:56","-9","0","0","0","0","0"
"F9","01/26/2024","2349","N607FR","LAS","12:31","12:37","6","0","0","0","0","0"
"F9","01/26/2024","2360","N367FR","MSY","09:30","09:27","-3","0","0","0","0","0"
"F9","01/26/2024","2429","N609FR","LAS","19:29","20:32","63","0","0","0","0","38"
"F9","01/26/2024","2454","N330FR","PNS","07:30","07:22","-8","0","0","0","0","0"
"F9","01/26/2024","2746","N630FR","TPA","07:30","08:09","39","39","0","5","0","0"
"F9","01/26/2024","2817","N330FR","SAN","15:41","15:33","-8","0","0","0","0","0"
"F9","01/26/2024","3230","N713FR","IAH","19:05","20:11","66","27","0","0","0","2"
"F9","01/26/2024","3286","N336FR","CVG","06:00","05:54","-6","0","0","0","0","0"
"F9","01/26/2024","3294","N338FR","ATL","16:28","16:24","-4","0","0","0","0","0"
"F9","01/26/2024","3312","N374FR","MCO","00:29","00:29","0","0","0","53","0","0"
"F9","01/26/2024","3376","N603FR","MCI","06:15","06:27","12","12","0","27","0","0"
"F9","01/26/2024","3467","N356FR","PHX","17:02","16:52","-10","0","0","0","0","0"
"F9","01/26/2024","3578","N381FR","DTW","16:33","17:19","46","0","0","0","0","22"
"F9","01/26/2024","3843","N322FR","LAS","22:59","22:55","-4","0","0","0","0","0"
"F9","01/26/2024","4074","N370FR","DFW","12:10","12:08","-2","0","0","23","0","0"
"F9","01/26/2024","4371","N344FR","SNA","07:00","06:54","-6","0","0","0","0","0"
"F9","01/26/2024","4372","N344FR","OMA","13:51","13:45","-6","0","0","0","0","0"
"F9","01/26/2024","4452","N334FR","RDU","15:00","14:58","-2","0","0","0","0","0"
"F9","01/26/2024","4464","N344FR","DFW","18:14","19:02","48","0","0","0","0","35"
"F9","01/26/2024","4635","N612FR","PHX","21:04","20:55","-9","0","0","0","0","0"
"F9","01/26/2024","4714","N620FR","TPA","15:30","15:25","-5","0","0","0","0","0"
"F9","01/26/2024","4794","N391FR","FAR","10:35","10:24","-11","0","0","0","0","0"
"F9","01/26/2024","4920","N367FR","MCO","14:44","16:38","114","0","0","0","0","104"
"F9","01/26/2024","4927","N330FR","SAN","22:26","22:16","-10","0","0","0","0","0"
"F9","01/27/2024","0086","N723FR","STL","05:50","05:41","-9","0","0","0","0","0"
"F9","01/27/2024","0686","N364FR","DCA","07:00","06:52","-8","0","0","0","0","0"
"F9","01/27/2024","0688","N370FR","DCA","12:14","12:27","13","0","0","0","0","0"
"F9","01/27/2024","0689","N388FR","SLC","22:05","22:01","-4","0","0","0","0","0"
"F9","01/27/2024","0718","N364FR","DCA","16:38","16:31","-7","0","0","0","0","0"
"F9","01/27/2024","1093","N344FR","SFO","06:00","05:55","-5","0","0","0","0","0"
"F9","01/27/2024","1175","N228FR","SEA","13:48","13:53","5","0","0","0","0","0"
"F9","01/27/2024","1280","N313FR","MIA","09:59","11:09","70","70","0","0","0","0"
"F9","01/27/2024","1292","N604FR","MSP","20:34","20:46","12","0","0","0","0","0"
"F9","01/27/2024","1362","N358FR","CLT","13:47","13:37","-10","0","0","0","0","0"
"F9","01/27/2024","1450","N336FR","ATL","05:30","05:24","-6","0","0","0","0","0"
"F9","01/27/2024","1499","N378FR","ONT","10:44","10:42","-2","0","0","0","0","0"
"F9","01/27/2024","1734","N392FR","MCO","05:30","05:28","-2","0","0","0","0","0"
"F9","01/27/2024","1789","N312FR","PDX","21:59","21:45","-14","0","0","0","0","0"
"F9","01/27/2024","1993","N607FR","LAS","06:05","05:58","-7","0","0","0","0","0"
"F9","01/27/2024","2105","N713FR","PHX","12:53","12:44","-9","0","0","0","0","0"
"F9","01/27/2024","2141","N324FR","PHX","10:53","10:47","-6","0","0","0","0","0"
"F9","01/27/2024","2148","N338FR","DFW","06:00","06:00","0","0","0","0","0","0"
"F9","01/27/2024","2210","N334FR","MDW","07:41","07:37","-4","0","0","0","0","0"
"F9","01/27/2024","2349","N607FR","LAS","12:31","12:28","-3","0","0","0","0","0"
"F9","01/27/2024","2429","N634FR","LAS","19:29","19:23","-6","0","0","0","0","0"
"F9","01/27/2024","2454","N386FR","PNS","07:20","07:13","-7","0","0","0","0","0"
"F9","01/27/2024","2746","N705FR","TPA","06:00","05:54","-6","0","0","0","0","0"
"F9","01/27/2024","2817","N386FR","SAN","15:41","15:30","-11","0","0","0","0","0"
"F9","01/27/2024","3230","N713FR","IAH","19:05","18:57","-8","0","0","0","0","0"
"F9","01/27/2024","3286","N620FR","CVG","05:30","05:22","-8","0","0","0","0","0"
"F9","01/27/2024","3294","N324FR","ATL","16:07","16:34","27","0","0","0","0","17"
"F9","01/27/2024","3312","N621FR","MCO","00:29","00:29","0","0","0","0","0","0"
"F9","01/27/2024","3376","N391FR","MCI","10:40","10:33","-7","0","0","0","0","0"
"F9","01/27/2024","3467","N344FR","PHX","17:02","16:48","-14","0","0","0","0","0"
"F9","01/27/2024","3843","N310FR","LAS","22:59","22:43","-16","0","0","0","0","0"
"F9","01/27/2024","3861","N388FR","SLC","16:55","16:46","-9","0","0","0","0","0"
"F9","01/27/2024","4074","N330FR","DFW","12:10","12:12","2","0","0","0","0","0"
"F9","01/27/2024","4371","N388FR","SNA","09:05","08:59","-6","0","0","0","0","0"
"F9","01/27/2024","4464","N391FR","DFW","18:14","18:07","-7","0","0","0","0","0"
"F9","01/27/2024","4635","N611FR","PHX","21:04","20:57","-7","0","0","0","0","0"
"F9","01/27/2024","4714","N336FR","TPA","15:15","15:02","-13","0","0","0","0","0"
"F9","01/27/2024","4748","N332FR","JAX","14:00","13:51","-9","0","0","0","0","0"
"F9","01/27/2024","4920","N305FR","MCO","14:44","14:45","1","1","0","15","0","0"
"F9","01/27/2024","4927","N386FR","SAN","22:26","22:32","6","0","0","0","0","0"
"F9","01/28/2024","0086","N621FR","STL","05:50","05:44","-6","0","0","0","0","0"
"F9","01/28/2024","0686","N344FR","DCA","07:00","06:58","-2","0","0","0","0","0"
"F9","01/28/2024","0688","N388FR","DCA","12:14","12:08","-6","0","0","0","0","0"
"F9","01/28/2024","0689","N228FR","SLC","22:05","21:59","-6","0","0","0","0","0"
"F9","01/28/2024","0718","N364FR","DCA","16:38","16:31","-7","0","0","0","0","0"
"F9","01/28/2024","1093","N720FR","SFO","07:30","07:29","-1","0","0","0","0","0"
"F9","01/28/2024","1162","N363FR","HOU","17:16","17:07","-9","0","0","0","0","0"
"F9","01/28/2024","1175","N230FR","SEA","13:55","13:53","-2","0","0","0","0","0"
"F9","01/28/2024","1261","N312FR","ONT","10:44","10:37","-7","0","0","0","0","0"
"F9","01/28/2024","1280","N366FR","MIA","09:59","09:57","-2","0","0","0","0","0"
"F9","01/28/2024","1292","N603FR","MSP","20:34","21:09","35","0","0","0","0","16"
"F9","01/28/2024","1362","N334FR","CLT","13:47","13:48","1","0","0","0","0","0"
"F9","01/28/2024","1402","N381FR","BNA","07:30","07:22","-8","0","0","0","0","0"
"F9","01/28/2024","1450","N332FR","ATL","05:30","05:29","-1","0","0","0","0","0"
"F9","01/28/2024","1499","N332FR","ONT","13:52","14:00","8","0","0","0","0","0"
"F9","01/28/2024","1734","N358FR","MCO","05:30","05:27","-3","0","0","0","0","0"
"F9","01/28/2024","1789","N381FR","PDX","21:59","21:55","-4","0","0","0","0","0"
"F9","01/28/2024","1816","N381FR","AUS","15:31","15:21","-10","0","0","0","0","0"
"F9","01/28/2024","1993","N706FR","LAS","06:00","05:58","-2","0","0","0","0","0"
"F9","01/28/2024","2015","N363FR","LAS","10:00","10:03","3","0","0","0","0","0"
"F9","01/28/2024","2105","N713FR","PHX","12:53","13:13","20","0","0","0","0","16"
"F9","01/28/2024","2141","N386FR","PHX","10:53","10:48","-5","0","0","0","0","0"
"F9","01/28/2024","2148","N384FR","DFW","06:00","08:20","140","117","0","0","0","0"
"F9","01/28/2024","2210","N371FR","MDW","07:41","07:32","-9","0","0","0","0","0"
"F9","01/28/2024","2348","N384FR","IND","16:05","16:01","-4","0","0","0","0","0"
"F9","01/28/2024","2349","N634FR","LAS","12:31","12:27","-4","0","0","0","0","0"
"F9","01/28/2024","2356","N228FR","SAT","07:30","07:21","-9","0","0","0","0","0"
"F9","01/28/2024","2429","N634FR","LAS","19:29","19:26","-3","0","0","0","0","0"
"F9","01/28/2024","2746","N609FR","TPA","07:00","06:57","-3","0","0","0","0","0"
"F9","01/28/2024","2817","N309FR","SAN","15:41","15:36","-5","0","0","0","0","0"
"F9","01/28/2024","3230","N716FR","IAH","19:05","19:04","-1","0","0","0","0","0"
"F9","01/28/2024","3286","N334FR","CVG","06:00","05:55","-5","0","0","0","0","0"
"F9","01/28/2024","3294","N344FR","ATL","16:28","16:27","-1","0","0","0","0","0"
"F9","01/28/2024","3312","N723FR","MCO","00:29","00:20","-9","0","0","0","0","0"
"F9","01/28/2024","3376","N370FR","MCI","06:15","06:14","-1","0","0","0","0","0"
"F9","01/28/2024","3467","N386FR","PHX","17:02","16:56","-6","0","0","0","0","0"
"F9","01/28/2024","3578","N309FR","DTW","07:30","07:57","27","23","0","0","0","0"
"F9","01/28/2024","3843","N386FR","LAS","22:59","22:57","-2","0","0","0","0","0"
"F9","01/28/2024","3981","N228FR","SLC","14:08","14:02","-6","0","0","0","0","0"
"F9","01/28/2024","4074","N342FR","DFW","12:10","12:01","-9","0","0","0","0","0"
"F9","01/28/2024","4452","N233FR","RDU","13:10","13:05","-5","0","0","0","0","0"
"F9","01/28/2024","4464","N342FR","DFW","18:14","18:04","-10","0","0","0","0","0"
"F9","01/28/2024","4635","N611FR","PHX","21:04","21:55","51","0","0","0","0","49"
"F9","01/28/2024","4714","N720FR","TPA","15:15","15:13","-2","0","0","0","0","0"
"F9","01/28/2024","4776","N360FR","LIT","07:30","07:20","-10","0","0","0","0","0"
"F9","01/28/2024","4794","N364FR","FAR","10:35","10:22","-13","0","0","0","0","0"
"F9","01/28/2024","4920","N360FR","MCO","14:44","14:40","-4","0","0","0","0","0"
"F9","01/28/2024","4927","N309FR","SAN","22:26","22:41","15","0","0","0","0","0"
"F9","01/29/2024","0086","N621FR","STL","05:50","05:41","-9","0","0","0","0","0"
"F9","01/29/2024","0686","N363FR","DCA","07:00","07:16","16","0","0","0","0","0"
"F9","01/29/2024","0688","N364FR","DCA","12:14","12:43","29","18","0","0","0","0"
"F9","01/29/2024","0689","N352FR","SLC","22:12","22:08","-4","0","0","0","0","0"
"F9","01/29/2024","0718","N363FR","DCA","16:38","16:27","-11","0","0","0","0","0"
"F9","01/29/2024","1093","N384FR","SFO","07:30","07:26","-4","0","0","0","0","0"
"F9","01/29/2024","1127","N342FR","SLC","19:05","19:03","-2","0","0","0","0","0"
"F9","01/29/2024","1128","N342FR","OMA","13:54","13:45","-9","0","0","0","0","0"
"F9","01/29/2024","1162","N388FR","HOU","17:16","17:06","-10","0","0","0","0","0"
"F9","01/29/2024","1175","N384FR","SEA","14:53","14:48","-5","0","0","0","0","0"
"F9","01/29/2024","1261","N379FR","ONT","10:44","10:35","-9","0","0","0","0","0"
"F9","01/29/2024","1280","N394FR","MIA","09:59","10:26","27","0","0","0","0","0"
"F9","01/29/2024","1296","N381FR","MSP","21:07","21:03","-4","0","0","0","0","0"
"F9","01/29/2024","1362","N716FR","CLT","13:38","13:37","-1","0","0","0","0","0"
"F9","01/29/2024","1402","N391FR","BNA","06:21","06:13","-8","0","0","0","0","0"
"F9","01/29/2024","1450","N332FR","ATL","05:30","05:23","-7","0","0","0","0","0"
"F9","01/29/2024","1499","N332FR","ONT","13:57","13:47","-10","0","0","0","0","0"
"F9","01/29/2024","1560","N342FR","MSN","07:00","06:52","-8","0","0","0","0","0"
"F9","01/29/2024","1734","N344FR","MCO","05:30","05:21","-9","0","0","0","0","0"
"F9","01/29/2024","1789","N354FR","PDX","21:59","22:10","11","0","0","0","0","0"
"F9","01/29/2024","1993","N331FR","LAS","07:30","07:24","-6","0","0","0","0","0"
"F9","01/29/2024","2015","N303FR","LAS","10:00","09:53","-7","0","0","0","0","0"
"F9","01/29/2024","2105","N634FR","PHX","12:53","12:50","-3","0","0","0","0","0"
"F9","01/29/2024","2107","N228FR","ELP","18:34","18:28","-6","0","0","0","0","0"
"F9","01/29/2024","2108","N228FR","FSD","13:10","13:01","-9","0","0","0","0","0"
"F9","01/29/2024","2141","N309FR","PHX","10:53","10:41","-12","0","0","0","0","0"
"F9","01/29/2024","2148","N634FR","DFW","06:00","05:51","-9","0","0","0","0","0"
"F9","01/29/2024","2210","N371FR","MDW","06:40","06:37","-3","0","0","0","0","0"
"F9","01/29/2024","2348","N230FR","IND","16:05","15:58","-7","0","0","0","0","0"
"F9","01/29/2024","2349","N387FR","LAS","13:53","13:47","-6","0","0","0","0","0"
"F9","01/29/2024","2360","N388FR","MSY","09:30","09:39","9","0","0","0","0","0"
"F9","01/29/2024","2429","N233FR","LAS","19:29","19:57","28","0","0","0","0","0"
"F9","01/29/2024","2454","N230FR","PNS","07:30","07:29","-1","0","0","0","0","0"
"F9","01/29/2024","2746","N723FR","TPA","07:28","07:28","0","0","0","0","0","0"
"F9","01/29/2024","2817","N391FR","SAN","15:41","15:33","-8","0","0","0","0","0"
"F9","01/29/2024","3230","N634FR","IAH","19:05","18:56","-9","0","0","0","0","0"
"F9","01/29/2024","3286","N720FR","CVG","05:30","05:25","-5","0","0","0","0","0"
"F9","01/29/2024","3294","N316FR","ATL","16:28","16:37","9","0","0","0","0","0"
"F9","01/29/2024","3312","N709FR","MCO","00:29","00:28","-1","0","0","0","0","0"
"F9","01/29/2024","3376","N313FR","MCI","05:40","06:40","60","42","0","0","0","0"
"F9","01/29/2024","3467","N309FR","PHX","17:02","16:56","-6","0","0","0","0","0"
"F9","01/29/2024","3578","N303FR","DTW","16:33","16:16","-17","0","0","0","0","0"
"F9","01/29/2024","3843","N309FR","LAS","22:59","22:51","-8","0","0","0","0","0"
"F9","01/29/2024","4074","N313FR","DFW","11:37","11:38","1","0","0","0","0","0"
"F9","01/29/2024","4371","N370FR","SNA","06:49","06:38","-11","0","0","0","0","0"
"F9","01/29/2024","4464","N313FR","DFW","17:54","17:47","-7","0","0","0","0","0"
"F9","01/29/2024","4635","N372FR","PHX","21:04","21:04","0","0","0","0","0","0"
"F9","01/29/2024","4714","N723FR","TPA","15:15","17:27","132","3","0","0","0","116"
"F9","01/29/2024","4794","N381FR","FAR","10:35","10:30","-5","0","0","0","0","0"
"F9","01/29/2024","4920","N370FR","MCO","14:44","14:40","-4","0","0","0","0","0"
"F9","01/29/2024","4927","N391FR","SAN","22:26","22:19","-7","0","0","0","0","0"
"F9","01/30/2024","0086","N621FR","STL","05:50","05:43","-7","0","0","0","0","0"
"F9","01/30/2024","0686","N364FR","DCA","07:00","06:54","-6","0","0","0","0","0"
"F9","01/30/2024","0688","N352FR","DCA","12:14","12:12","-2","0","0","0","0","0"
"F9","01/30/2024","0689","N303FR","SLC","22:05","22:01","-4","0","0","0","0","0"
"F9","01/30/2024","0718","N365FR","DCA","16:38","16:28","-10","0","0","18","0","0"
"F9","01/30/2024","1280","N718FR","MIA","10:01","10:01","0","0","0","0","0","0"
"F9","01/30/2024","1292","N612FR","MSP","20:34","20:42","8","0","0","0","0","0"
"F9","01/30/2024","1362","N332FR","CLT","13:47","13:44","-3","0","0","0","0","0"
"F9","01/30/2024","1499","N354FR","ONT","10:44","10:40","-4","0","0","0","0","0"
"F9","01/30/2024","1734","N388FR","MCO","05:30","05:33","3","0","0","0","0","0"
"F9","01/30/2024","1789","N354FR","PDX","21:59","21:50","-9","0","0","0","0","0"
"F9","01/30/2024","1816","N309FR","AUS","09:59","10:50","51","0","0","0","0","39"
"F9","01/30/2024","1993","N705FR","LAS","06:05","05:55","-10","0","0","0","0","0"
"F9","01/30/2024","2105","N634FR","PHX","12:53","12:43","-10","0","0","0","0","0"
"F9","01/30/2024","2141","N308FR","PHX","10:53","10:48","-5","0","0","0","0","0"
"F9","01/30/2024","2148","N360FR","DFW","06:00","05:53","-7","0","0","0","0","0"
"F9","01/30/2024","2210","N384FR","MDW","07:40","07:33","-7","0","0","0","0","0"
"F9","01/30/2024","2349","N705FR","LAS","12:31","12:26","-5","0","0","0","0","0"
"F9","01/30/2024","2429","N705FR","LAS","19:29","19:43","14","0","0","0","0","0"
"F9","01/30/2024","2746","N720FR","TPA","06:00","05:59","-1","0","0","0","0","0"
"F9","01/30/2024","3230","N634FR","IAH","19:05","19:13","8","0","0","0","0","0"
"F9","01/30/2024","3294","N720FR","ATL","16:07","15:58","-9","0","0","0","0","0"
"F9","01/30/2024","3312","N716FR","MCO","00:29","01:01","32","0","0","0","0","0"
"F9","01/30/2024","3376","N723FR","MCI","06:15","06:08","-7","0","0","0","0","0"
"F9","01/30/2024","3467","N308FR","PHX","17:02","16:54","-8","0","0","0","0","0"
"F9","01/30/2024","3843","N386FR","LAS","22:59","22:55","-4","0","0","0","0","0"
"F9","01/30/2024","3861","N309FR","SLC","16:57","16:55","-2","0","0","0","0","0"
"F9","01/30/2024","4074","N363FR","DFW","12:10","12:05","-5","0","0","0","0","0"
"F9","01/30/2024","4464","N338FR","DFW","18:14","18:04","-10","0","0","0","0","0"
"F9","01/30/2024","4635","N609FR","PHX","21:04","20:52","-12","0","0","0","0","0"
"F9","01/30/2024","4714","N371FR","TPA","15:25","15:18","-7","0","0","0","0","0"
"F9","01/30/2024","4920","N360FR","MCO","14:44","14:44","0","0","0","0","0","0"
"F9","01/30/2024","4927","N346FR","SAN","22:26","22:16","-10","0","0","0","0","0"
"F9","01/31/2024","0086","N621FR","STL","05:50","05:46","-4","0","0","0","0","0"
"F9","01/31/2024","0686","N342FR","DCA","07:00","06:51","-9","0","0","18","0","0"
"F9","01/31/2024","0688","N303FR","DCA","12:14","12:26","12","0","0","0","0","0"
"F9","01/31/2024","0689","N303FR","SLC","22:05","22:04","-1","0","0","0","0","0"
"F9","01/31/2024","0718","N342FR","DCA","16:38","16:28","-10","0","0","0","0","0"
"F9","01/31/2024","1127","N365FR","SLC","18:12","18:04","-8","0","0","0","0","0"
"F9","01/31/2024","1175","N370FR","SEA","13:48","13:46","-2","0","0","0","0","0"
"F9","01/31/2024","1280","N710FR","MIA","10:01","09:59","-2","0","0","0","0","0"
"F9","01/31/2024","1292","N604FR","MSP","21:27","21:21","-6","0","0","0","0","0"
"F9","01/31/2024","1362","N313FR","CLT","13:47","13:54","7","0","0","0","0","0"
"F9","01/31/2024","1499","N228FR","ONT","10:44","10:43","-1","0","0","0","0","0"
"F9","01/31/2024","1608","N332FR","MKE","05:45","05:35","-10","0","0","0","0","0"
"F9","01/31/2024","1734","N338FR","MCO","05:30","05:21","-9","0","0","0","0","0"
"F9","01/31/2024","1789","N322FR","PDX","21:59","21:51","-8","0","0","0","0","0"
"F9","01/31/2024","1993","N723FR","LAS","06:05","05:57","-8","0","0","0","0","0"
"F9","01/31/2024","2105","N634FR","PHX","12:53","14:30","97","0","0","0","0","80"
"F9","01/31/2024","2141","N346FR","PHX","10:53","10:44","-9","0","0","0","0","0"
"F9","01/31/2024","2148","N232FR","DFW","06:00","06:28","28","0","0","0","0","0"
"F9","01/31/2024","2210","N384FR","MDW","07:40","07:29","-11","0","0","0","0","0"
"F9","01/31/2024","2349","N723FR","LAS","12:31","12:35","4","0","0","0","0","0"
"F9","01/31/2024","2429","N723FR","LAS","19:29","19:18","-11","0","0","0","0","0"
"F9","01/31/2024","2746","N708FR","TPA","06:00","05:55","-5","0","0","0","0","0"
"F9","01/31/2024","2817","N331FR","SAN","15:41","15:31","-10","0","0","0","0","0"
"F9","01/31/2024","3230","N709FR","IAH","19:05","20:18","73","0","0","0","0","43"
"F9","01/31/2024","3286","N705FR","CVG","05:30","05:24","-6","0","0","0","0","0"
"F9","01/31/2024","3294","N708FR","ATL","16:07","16:06","-1","0","0","0","0","0"
"F9","01/31/2024","3312","N352FR","MCO","00:29","00:17","-12","0","0","0","0","0"
"F9","01/31/2024","3467","N346FR","PHX","17:02","16:54","-8","0","0","0","0","0"
"F9","01/31/2024","3843","N370FR","LAS","22:59","22:49","-10","0","0","0","0","0"
"F9","01/31/2024","4074","N354FR","DFW","12:10","12:10","0","0","0","0","0","0"
"F9","01/31/2024","4371","N309FR","SNA","06:10","06:02","-8","0","0","0","0","0"
"F9","01/31/2024","4372","N365FR","OMA","13:01","12:54","-7","0","0","0","0","0"
"F9","01/31/2024","4464","N354FR","DFW","18:14","18:13","-1","0","0","0","0","0"
"F9","01/31/2024","4635","N622FR","PHX","21:04","20:58","-6","0","0","0","0","0"
"F9","01/31/2024","4920","N309FR","MCO","14:44","14:41","-3","0","0","0","0","0"
"F9","01/31/2024","4927","N331FR","SAN","22:26","22:16","-10","0","0","0","0","0"
"F9","02/01/2024","0086","N609FR","STL","05:50","05:38","-12","0","0","0","0","0"
"F9","02/01/2024","0686","N354FR","DCA","07:00","06:51","-9","0","0","0","0","0"
"F9","02/01/2024","0688","N303FR","DCA","12:14","12:10","-4","0","0","0","0","0"
"F9","02/01/2024","0689","N232FR","SLC","22:05","22:01","-4","0","0","0","0","0"
"F9","02/01/2024","0718","N342FR","DCA","16:38","16:54","16","0","0","0","0","0"
"F9","02/01/2024","1093","N717FR","SFO","07:30","07:56","26","0","0","24","0","0"
"F9","02/01/2024","1162","N370FR","HOU","17:16","17:13","-3","0","0","0","0","0"
"F9","02/01/2024","1175","N316FR","SEA","13:48","13:43","-5","0","0","0","0","0"
"F9","02/01/2024","1261","N322FR","ONT","10:44","10:36","-8","0","0","0","0","0"
"F9","02/01/2024","1280","N701FR","MIA","09:59","10:03","4","0","0","0","0","0"
"F9","02/01/2024","1290","N716FR","MSP","20:34","20:29","-5","0","0","0","0","0"
"F9","02/01/2024","1362","N384FR","CLT","13:47","13:46","-1","0","0","0","0","0"
"F9","02/01/2024","1402","N232FR","BNA","07:30","07:20","-10","0","0","0","0","0"
"F9","02/01/2024","1450","N334FR","ATL","05:30","05:27","-3","0","0","0","0","0"
"F9","02/01/2024","1499","N230FR","ONT","13:57","15:09","72","59","0","0","0","0"
"F9","02/01/2024","1734","N238FR","MCO","05:30","05:21","-9","0","0","0","0","0"
"F9","02/01/2024","1789","N316FR","PDX","21:59","21:54","-5","0","0","0","0","0"
"F9","02/01/2024","1816","N232FR","AUS","15:31","15:25","-6","0","0","0","0","0"
"F9","02/01/2024","1993","N723FR","LAS","06:00","05:48","-12","0","0","0","0","0"
"F9","02/01/2024","2015","N370FR","LAS","10:00","11:12","72","0","0","92","0","0"
"F9","02/01/2024","2105","N709FR","PHX","12:53","13:10","17","0","0","0","0","0"
"F9","02/01/2024","2141","N331FR","PHX","10:53","10:46","-7","0","0","0","0","0"
"F9","02/01/2024","2148","N316FR","DFW","06:00","05:52","-8","0","0","0","0","0"
"F9","02/01/2024","2210","N346FR","MDW","07:41","07:31","-10","0","0","0","0","0"
"F9","02/01/2024","2348","N332FR","IND","16:05","15:52","-13","0","0","0","0","0"
"F9","02/01/2024","2349","N723FR","LAS","12:31","16:14","223","0","0","205","0","0"
"F9","02/01/2024","2356","N230FR","SAT","07:30","07:19","-11","0","0","0","0","0"
"F9","02/01/2024","2429","N723FR","LAS","19:29","21:46","137","0","0","0","0","118"
"F9","02/01/2024","2746","N708FR","TPA","07:00","06:53","-7","0","0","0","0","0"
"F9","02/01/2024","2817","N391FR","SAN","15:41","15:30","-11","0","0","0","0","0"
"F9","02/01/2024","3230","N722FR","IAH","19:05","18:59","-6","0","0","0","0","0"
"F9","02/01/2024","3286","N384FR","CVG","06:00","05:55","-5","0","0","0","0","0"
"F9","02/01/2024","3294","N354FR","ATL","16:28","16:17","-11","0","0","0","0","0"
"F9","02/01/2024","3312","N705FR","MCO","00:29","00:24","-5","0","0","0","0","0"
"F9","02/01/2024","3376","N605FR","MCI","06:15","06:05","-10","0","0","0","0","0"
"F9","02/01/2024","3467","N331FR","PHX","17:02","16:51","-11","0","0","0","0","0"
"F9","02/01/2024","3578","N332FR","DTW","07:30","07:21","-9","0","0","0","0","0"
"F9","02/01/2024","3843","N384FR","LAS","22:59","22:50","-9","0","0","0","0","0"
"F9","02/01/2024","3861","N334FR","SLC","14:07","14:03","-4","0","0","0","0","0"
"F9","02/01/2024","4074","N313FR","DFW","12:10","12:04","-6","0","0","0","0","0"
"F9","02/01/2024","4452","N360FR","RDU","13:55","13:50","-5","0","0","0","0","0"
"F9","02/01/2024","4464","N313FR","DFW","18:14","18:11","-3","0","0","0","0","0"
"F9","02/01/2024","4635","N310FR","PHX","21:04","20:58","-6","0","0","0","0","0"
"F9","02/01/2024","4714","N717FR","TPA","15:15","15:17","2","0","0","0","0","0"
"F9","02/01/2024","4776","N364FR","LIT","07:30","07:41","11","0","0","0","0","0"
"F9","02/01/2024","4794","N342FR","FAR","10:35","10:29","-6","0","0","0","0","0"
"F9","02/01/2024","4920","N364FR","MCO","14:44","14:34","-10","0","0","0","0","0"
"F9","02/01/2024","4927","N391FR","SAN","22:26","22:23","-3","0","0","0","0","0"
"F9","02/02/2024","0086","N609FR","STL","05:50","05:43","-7","0","0","0","0","0"
"F9","02/02/2024","0686","N372FR","DCA","07:00","06:56","-4","0","0","0","0","0"
"F9","02/02/2024","0688","N303FR","DCA","12:14","12:23","9","0","0","0","0","0"
"F9","02/02/2024","0689","N303FR","SLC","22:05","21:58","-7","0","0","0","0","0"
"F9","02/02/2024","0718","N372FR","DCA","16:38","16:27","-11","0","0","0","0","0"
"F9","02/02/2024","1093","N334FR","SFO","07:30","07:28","-2","0","0","0","0","0"
"F9","02/02/2024","1127","N337FR","SLC","19:02","18:58","-4","0","0","0","0","0"
"F9","02/02/2024","1162","N313FR","HOU","17:16","17:16","0","0","0","0","0","0"
"F9","02/02/2024","1175","N389FR","SEA","14:53","16:40","107","64","0","0","0","0"
"F9","02/02/2024","1261","N316FR","ONT","10:44","10:40","-4","0","0","0","0","0"
"F9","02/02/2024","1280","N342FR","MIA","09:59","09:56","-3","0","0","0","0","0"
"F9","02/02/2024","1292","N705FR","MSP","20:34","21:10","36","25","0","0","0","0"
"F9","02/02/2024","1362","N230FR","CLT","13:47","14:08","21","20","0","0","0","0"
"F9","02/02/2024","1402","N723FR","BNA","07:30","07:18","-12","0","0","0","0","0"
"F9","02/02/2024","1450","N332FR","ATL","05:30","05:25","-5","0","0","0","0","0"
"F9","02/02/2024","1499","N236FR","ONT","13:57","13:58","1","0","0","0","0","0"
"F9","02/02/2024","1560","N389FR","MSN","07:54","07:49","-5","0","0","0","0","0"
"F9","02/02/2024","1608","N360FR","MKE","05:35","05:23","-12","0","0","0","0","0"
"F9","02/02/2024","1734","N311FR","MCO","05:30","05:27","-3","0","0","0","0","0"
"F9","02/02/2024","1789","N359FR","PDX","21:59","21:46","-13","0","0","0","0","0"
"F9","02/02/2024","1993","N713FR","LAS","06:00","06:00","0","0","0","0","0","0"
"F9","02/02/2024","2015","N351FR","LAS","10:00","09:54","-6","0","0","0","0","0"
"F9","02/02/2024","2105","N722FR","PHX","12:53","12:57","4","0","0","0","0","0"
"F9","02/02/2024","2107","N360FR","ELP","18:14","18:04","-10","0","0","0","0","0"
"F9","02/02/2024","2108","N360FR","FSD","12:50","12:35","-15","0","0","0","0","0"
"F9","02/02/2024","2141","N391FR","PHX","10:53","10:45","-8","0","0","0","0","0"
"F9","02/02/2024","2148","N365FR","DFW","06:00","06:29","29","0","0","0","0","0"
"F9","02/02/2024","2210","N346FR","MDW","07:41","07:33","-8","0","0","0","0","0"
"F9","02/02/2024","2348","N351FR","IND","16:05","15:55","-10","0","0","0","0","0"
"F9","02/02/2024","2349","N713FR","LAS","12:31","14:02","91","0","0","73","0","0"
"F9","02/02/2024","2360","N313FR","MSY","09:30","09:22","-8","0","0","0","0","0"
"F9","02/02/2024","2429","N722FR","LAS","19:29","20:07","38","18","0","0","0","0"
"F9","02/02/2024","2454","N354FR","PNS","07:30","07:24","-6","0","0","0","0","0"
"F9","02/02/2024","2746","N717FR","TPA","07:30","07:28","-2","0","0","0","0","0"
"F9","02/02/2024","2817","N370FR","SAN","15:41","15:36","-5","0","0","0","0","0"
"F9","02/02/2024","3230","N713FR","IAH","19:05","19:40","35","0","0","0","0","0"
"F9","02/02/2024","3286","N230FR","CVG","06:00","05:51","-9","0","0","0","0","0"
"F9","02/02/2024","3294","N366FR","ATL","16:28","16:18","-10","0","0","0","0","0"
"F9","02/02/2024","3312","N331FR","MCO","00:29","00:22","-7","0","0","0","0","0"
"F9","02/02/2024","3376","N605FR","MCI","06:15","06:08","-7","0","0","0","0","0"
"F9","02/02/2024","3467","N391FR","PHX","17:02","16:54","-8","0","0","0","0","0"
"F9","02/02/2024","3578","N365FR","DTW","16:33","16:24","-9","0","0","0","0","0"
"F9","02/02/2024","3843","N391FR","LAS","22:59","22:58","-1","0","0","0","0","0"
"F9","02/02/2024","4074","N232FR","DFW","12:10","12:17","7","7","0","28","0","0"
"F9","02/02/2024","4371","N337FR","SNA","07:00","06:47","-13","0","0","0","0","0"
"F9","02/02/2024","4372","N337FR","OMA","13:51","13:41","-10","0","0","0","0","0"
"F9","02/02/2024","4452","N332FR","RDU","15:00","14:52","-8","0","0","0","0","0"
"F9","02/02/2024","4464","N232FR","DFW","18:14","18:43","29","5","0","14","0","24"
"F9","02/02/2024","4635","N709FR","PHX","21:04","21:02","-2","0","0","0","0","0"
"F9","02/02/2024","4714","N723FR","TPA","15:30","15:19","-11","0","0","0","0","0"
"F9","02/02/2024","4794","N366FR","FAR","10:35","10:20","-15","0","0","0","0","0"
"F9","02/02/2024","4920","N354FR","MCO","14:44","15:14","30","0","0","0","0","15"
"F9","02/02/2024","4927","N370FR","SAN","22:26","22:26","0","0","0","0","0","0"
"F9","02/03/2024","0086","N723FR","STL","05:50","05:40","-10","0","0","0","0","0"
"F9","02/03/2024","0686","N236FR","DCA","07:00","06:49","-11","0","0","0","0","0"
"F9","02/03/2024","0688","N303FR","DCA","12:14","12:26","12","0","12","31","0","0"
"F9","02/03/2024","0689","N391FR","SLC","22:05","23:17","72","0","0","0","0","53"
"F9","02/03/2024","0718","N236FR","DCA","16:38","16:35","-3","0","0","30","0","0"
"F9","02/03/2024","1093","N383FR","SFO","06:00","06:00","0","0","0","0","0","0"
"F9","02/03/2024","1280","N342FR","MIA","09:59","09:57","-2","0","0","56","0","0"
"F9","02/03/2024","1292","N704FR","MSP","20:34","22:11","97","24","0","0","0","65"
"F9","02/03/2024","1362","N389FR","CLT","13:47","13:50","3","0","3","22","0","0"
"F9","02/03/2024","1450","N230FR","ATL","05:30","05:21","-9","0","0","0","0","0"
"F9","02/03/2024","1499","N365FR","ONT","10:44","11:27","43","43","0","34","0","0"
"F9","02/03/2024","1734","N313FR","MCO","05:30","05:23","-7","0","0","0","0","0"
"F9","02/03/2024","1789","N360FR","PDX","21:59","21:57","-2","0","0","0","0","0"
"F9","02/03/2024","1993","N619FR","LAS","06:05","06:00","-5","0","0","0","0","0"
"F9","02/03/2024","2105","N619FR","PHX","12:53","12:50","-3","0","0","0","0","0"
"F9","02/03/2024","2141","N370FR","PHX","10:53","11:35","42","0","8","13","0","34"
"F9","02/03/2024","2148","N389FR","DFW","06:00","05:55","-5","0","0","0","0","0"
"F9","02/03/2024","2210","N346FR","MDW","07:41","07:37","-4","0","0","0","0","0"
"F9","02/03/2024","2349","N713FR","LAS","12:31","13:13","42","24","0","19","0","18"
"F9","02/03/2024","2429","N604FR","LAS","19:29","21:02","93","31","0","7","0","62"
"F9","02/03/2024","2454","N337FR","PNS","07:20","07:16","-4","0","0","0","0","0"
"F9","02/03/2024","2746","N722FR","TPA","06:00","06:03","3","0","0","0","0","0"
"F9","02/03/2024","2817","N337FR","SAN","15:41","15:52","11","11","0","26","0","0"
"F9","02/03/2024","3230","N619FR","IAH","19:05","21:29","144","0","0","0","0","132"
"F9","02/03/2024","3286","N717FR","CVG","05:30","05:30","0","0","0","0","0","0"
"F9","02/03/2024","3294","N722FR","ATL","16:07","16:15","8","8","0","48","0","0"
"F9","02/03/2024","3312","N609FR","MCO","00:29","00:38","9","0","0","0","0","0"
"F9","02/03/2024","3376","N360FR","MCI","10:40","10:37","-3","0","0","59","0","0"
"F9","02/03/2024","3467","N318FR","PHX","17:02","16:51","-11","0","0","0","0","0"
"F9","02/03/2024","3843","N318FR","LAS","22:59","22:41","-18","0","0","0","0","0"
"F9","02/03/2024","3861","N391FR","SLC","16:55","16:48","-7","0","0","0","0","0"
"F9","02/03/2024","4074","N372FR","DFW","12:10","12:09","-1","0","0","38","0","0"
"F9","02/03/2024","4371","N232FR","SNA","09:05","08:55","-10","0","0","51","0","0"
"F9","02/03/2024","4464","N351FR","DFW","18:14","18:12","-2","0","0","21","0","0"
"F9","02/03/2024","4635","N721FR","PHX","21:04","21:24","20","0","0","0","0","0"
"F9","02/03/2024","4714","N230FR","TPA","15:15","15:17","2","2","0","49","0","0"
"F9","02/03/2024","4748","N309FR","JAX","14:00","13:50","-10","0","0","33","0","0"
"F9","02/03/2024","4920","N383FR","MCO","14:44","14:41","-3","0","0","0","0","0"
"F9","02/03/2024","4927","N232FR","SAN","22:26","23:07","41","28","0","0","0","0"
"F9","02/04/2024","0086","N604FR","STL","05:50","05:45","-5","0","0","15","0","0"
"F9","02/04/2024","0686","N304FR","DCA","07:00","07:29","29","0","29","35","0","0"
"F9","02/04/2024","0688","N372FR","DCA","12:14","12:42","28","0","0","3","0","28"
"F9","02/04/2024","0689","N372FR","SLC","22:05","22:05","0","0","0","0","0","0"
"F9","02/04/2024","0718","N236FR","DCA","16:38","16:41","3","0","0","0","0","0"
"F9","02/04/2024","1093","N610FR","SFO","07:30","07:56","26","0","26","47","0","0"
"F9","02/04/2024","1162","N318FR","HOU","17:16","17:14","-2","0","0","0","0","0"
"F9","02/04/2024","1175","N383FR","SEA","13:55","13:44","-11","0","0","0","0","0"
"F9","02/04/2024","1261","N360FR","ONT","10:44","10:41","-3","0","0","0","0","0"
"F9","02/04/2024","1280","N235FR","MIA","09:59","09:49","-10","0","0","26","0","0"
"F9","02/04/2024","1292","N612FR","MSP","20:34","20:34","0","0","0","0","0","0"
"F9","02/04/2024","1362","N337FR","CLT","13:47","13:40","-7","0","0","0","0","0"
"F9","02/04/2024","1402","N389FR","BNA","07:30","07:22","-8","0","0","0","0","0"
"F9","02/04/2024","1450","N351FR","ATL","05:30","05:27","-3","0","0","0","0","0"
"F9","02/04/2024","1499","N351FR","ONT","13:52","13:46","-6","0","0","0","0","0"
"F9","02/04/2024","1734","N303FR","MCO","05:30","05:27","-3","0","0","18","0","0"
"F9","02/04/2024","1789","N316FR","PDX","21:59","23:14","75","0","0","0","0","57"
"F9","02/04/2024","1816","N389FR","AUS","15:31","15:21","-10","0","0","0","0","0"
"F9","02/04/2024","1993","N720FR","LAS","06:00","05:54","-6","0","0","0","0","0"
"F9","02/04/2024","2015","N318FR","LAS","10:00","09:56","-4","0","0","0","0","0"
"F9","02/04/2024","2105","N720FR","PHX","12:53","12:45","-8","0","0","0","0","0"
"F9","02/04/2024","2141","N232FR","PHX","10:53","11:52","59","0","0","0","0","41"
"F9","02/04/2024","2148","N309FR","DFW","06:00","05:50","-10","0","0","0","0","0"
"F9","02/04/2024","2210","N362FR","MDW","07:41","07:59","18","18","0","20","0","0"
"F9","02/04/2024","2348","N341FR","IND","16:05","16:32","27","23","0","11","0","4"
"F9","02/04/2024","2349","N619FR","LAS","12:31","13:29","58","0","0","56","0","22"
"F9","02/04/2024","2356","N370FR","SAT","07:30","07:23","-7","0","0","0","0","0"
"F9","02/04/2024","2429","N714FR","LAS","19:29","19:46","17","17","0","10","0","0"
"F9","02/04/2024","2746","N714FR","TPA","07:00","06:53","-7","0","0","0","0","0"
"F9","02/04/2024","2817","N346FR","SAN","15:41","15:39","-2","0","0","0","0","0"
"F9","02/04/2024","3230","N709FR","IAH","19:05","18:57","-8","0","0","0","0","0"
"F9","02/04/2024","3286","N337FR","CVG","06:00","05:59","-1","0","0","23","0","0"
"F9","02/04/2024","3294","N304FR","ATL","16:28","16:55","27","20","0","34","0","7"
"F9","02/04/2024","3312","N713FR","MCO","00:29","00:26","-3","0","0","0","0","0"
"F9","02/04/2024","3376","N723FR","MCI","06:15","06:06","-9","0","0","0","0","0"
"F9","02/04/2024","3467","N232FR","PHX","17:02","17:33","31","0","0","0","0","17"
"F9","02/04/2024","3578","N341FR","DTW","07:30","08:48","78","0","76","0","0","0"
"F9","02/04/2024","3843","N349FR","LAS","22:59","22:53","-6","0","0","0","0","0"
"F9","02/04/2024","3981","N370FR","SLC","14:08","14:12","4","0","0","0","0","0"
"F9","02/04/2024","4074","N309FR","DFW","12:10","12:23","13","0","0","2","0","13"
"F9","02/04/2024","4452","N391FR","RDU","13:10","13:39","29","29","0","15","0","0"
"F9","02/04/2024","4464","N309FR","DFW","18:14","18:08","-6","0","0","0","0","0"
"F9","02/04/2024","4635","N721FR","PHX","21:04","20:59","-5","0","0","0","0","0"
"F9","02/04/2024","4714","N610FR","TPA","15:15","16:24","69","7","0","4","0","62"
"F9","02/04/2024","4776","N359FR","LIT","07:30","08:04","34","0","34","8","0","0"
"F9","02/04/2024","4794","N236FR","FAR","10:35","10:26","-9","0","0","0","0","0"
"F9","02/04/2024","4920","N359FR","MCO","14:44","14:41","-3","0","0","15","0","0"
"F9","02/04/2024","4927","N370FR","SAN","22:26","22:19","-7","0","0","36","0","0"
"F9","02/05/2024","0086","N604FR","STL","05:50","05:47","-3","0","0","0","0","0"
"F9","02/05/2024","0686","N341FR","DCA","07:00","06:54","-6","0","0","0","0","0"
"F9","02/05/2024","0688","N346FR","DCA","12:14","12:07","-7","0","0","0","0","0"
"F9","02/05/2024","0689","N379FR","SLC","22:12","22:50","38","0","0","1","0","38"
"F9","02/05/2024","0718","N236FR","DCA","16:38","16:34","-4","0","0","0","0","0"
"F9","02/05/2024","1093","N389FR","SFO","07:30","07:26","-4","0","0","0","0","0"
"F9","02/05/2024","1127","N329FR","SLC","19:05","19:16","11","0","0","0","0","0"
"F9","02/05/2024","1128","N366FR","OMA","13:54","13:44","-10","0","0","0","0","0"
"F9","02/05/2024","1162","N383FR","HOU","17:16","17:16","0","0","0","0","0","0"
"F9","02/05/2024","1175","N389FR","SEA","14:53","14:46","-7","0","0","0","0","0"
"F9","02/05/2024","1261","N351FR","ONT","10:44","10:43","-1","0","0","0","0","0"
"F9","02/05/2024","1280","N312FR","MIA","09:59","09:56","-3","0","0","0","0","0"
"F9","02/05/2024","1296","N390FR","MSP","21:07","21:40","33","0","0","0","0","0"
"F9","02/05/2024","1362","N713FR","CLT","13:38","13:32","-6","0","0","0","0","0"
"F9","02/05/2024","1402","N723FR","BNA","06:21","06:12","-9","0","0","0","0","0"
"F9","02/05/2024","1450","N304FR","ATL","05:30","05:21","-9","0","0","0","0","0"
"F9","02/05/2024","1499","N318FR","ONT","13:57","13:48","-9","0","0","0","0","0"
"F9","02/05/2024","1560","N318FR","MSN","07:00","06:55","-5","0","0","0","0","0"
"F9","02/05/2024","1734","N362FR","MCO","05:30","05:20","-10","0","0","0","0","0"
"F9","02/05/2024","1789","N377FR","PDX","21:59","22:47","48","44","0","0","0","0"
"F9","02/05/2024","1993","N366FR","LAS","07:30","07:25","-5","0","0","27","0","0"
"F9","02/05/2024","2015","N235FR","LAS","10:00","09:52","-8","0","0","18","0","0"
"F9","02/05/2024","2105","N709FR","PHX","12:53","12:46","-7","0","0","0","0","0"
"F9","02/05/2024","2107","N610FR","ELP","18:34","18:32","-2","0","0","0","0","0"
"F9","02/05/2024","2108","N337FR","FSD","13:10","13:00","-10","0","0","0","0","0"
"F9","02/05/2024","2141","N370FR","PHX","10:53","10:45","-8","0","0","0","0","0"
"F9","02/05/2024","2148","N713FR","DFW","06:00","05:50","-10","0","0","0","0","0"
"F9","02/05/2024","2210","N305FR","MDW","06:40","06:30","-10","0","0","0","0","0"
"F9","02/05/2024","2348","N372FR","IND","16:05","16:24","19","0","0","0","0","0"
"F9","02/05/2024","2349","N359FR","LAS","13:53","14:55","62","0","0","82","0","0"
"F9","02/05/2024","2360","N383FR","MSY","09:30","09:20","-10","0","0","0","0","0"
"F9","02/05/2024","2429","N366FR","LAS","19:29","19:57","28","0","0","29","0","0"
"F9","02/05/2024","2454","N391FR","PNS","07:30","07:22","-8","0","0","0","0","0"
"F9","02/05/2024","2746","N610FR","TPA","07:28","07:28","0","0","0","0","0","0"
"F9","02/05/2024","2817","N235FR","SAN","15:41","16:25","44","0","0","27","0","44"
"F9","02/05/2024","3230","N709FR","IAH","19:05","18:56","-9","0","0","0","0","0"
"F9","02/05/2024","3286","N607FR","CVG","05:30","06:02","32","32","0","10","0","0"
"F9","02/05/2024","3294","N370FR","ATL","16:28","16:23","-5","0","0","0","0","0"
"F9","02/05/2024","3312","N631FR","MCO","00:29","00:27","-2","0","0","0","0","0"
"F9","02/05/2024","3376","N337FR","MCI","05:40","05:32","-8","0","0","0","0","0"
"F9","02/05/2024","3467","N341FR","PHX","17:02","16:56","-6","0","0","0","0","0"
"F9","02/05/2024","3578","N391FR","DTW","16:33","16:27","-6","0","0","0","0","0"
"F9","02/05/2024","3843","N351FR","LAS","22:59","23:03","4","0","0","0","0","0"
"F9","02/05/2024","4074","N316FR","DFW","11:37","11:26","-11","0","0","0","0","0"
"F9","02/05/2024","4371","N309FR","SNA","06:49","06:46","-3","0","0","25","0","0"
"F9","02/05/2024","4452","N323FR","RDU","14:00","13:52","-8","0","0","0","0","0"
"F9","02/05/2024","4464","N364FR","DFW","17:54","17:42","-12","0","0","0","0","0"
"F9","02/05/2024","4635","N334FR","PHX","21:04","20:58","-6","0","0","0","0","0"
"F9","02/05/2024","4714","N723FR","TPA","15:15","15:12","-3","0","0","0","0","0"
"F9","02/05/2024","4794","N236FR","FAR","10:35","10:38","3","0","0","0","0","0"
"F9","02/05/2024","4920","N309FR","MCO","14:44","14:42","-2","0","0","0","0","0"
"F9","02/05/2024","4927","N235FR","SAN","22:26","23:12","46","12","0","7","0","34"
"F9","02/06/2024","0086","N723FR","STL","05:50","05:46","-4","0","0","0","0","0"
"F9","02/06/2024","0686","N305FR","DCA","07:00","06:54","-6","0","0","0","0","0"
"F9","02/06/2024","0688","N391FR","DCA","12:14","12:07","-7","0","0","0","0","0"
"F9","02/06/2024","0689","N391FR","SLC","22:05","22:02","-3","0","0","0","0","0"
"F9","02/06/2024","0718","N305FR","DCA","16:38","16:29","-9","0","0","0","0","0"
"F9","02/06/2024","1280","N624FR","MIA","10:01","10:15","14","0","0","0","0","0"
"F9","02/06/2024","1292","N721FR","MSP","20:34","20:49","15","0","0","0","0","0"
"F9","02/06/2024","1362","N379FR","CLT","13:47","13:40","-7","0","0","0","0","0"
"F9","02/06/2024","1499","N377FR","ONT","10:44","10:35","-9","0","0","0","0","0"
"F9","02/06/2024","1734","N389FR","MCO","05:30","05:28","-2","0","0","0","0","0"
"F9","02/06/2024","1789","N326FR","PDX","21:59","21:52","-7","0","0","0","0","0"
"F9","02/06/2024","1816","N349FR","AUS","09:59","09:47","-12","0","0","0","0","0"
"F9","02/06/2024","1993","N604FR","LAS","06:05","05:57","-8","0","0","20","0","0"
"F9","02/06/2024","2105","N709FR","PHX","12:53","12:43","-10","0","0","0","0","0"
"F9","02/06/2024","2141","N235FR","PHX","10:53","10:55","2","0","0","0","0","0"
"F9","02/06/2024","2148","N329FR","DFW","06:00","05:50","-10","0","0","0","0","0"
"F9","02/06/2024","2210","N370FR","MDW","07:40","07:32","-8","0","0","0","0","0"
"F9","02/06/2024","2349","N604FR","LAS","12:31","12:28","-3","0","0","0","0","0"
"F9","02/06/2024","2429","N604FR","LAS","19:29","20:22","53","0","0","64","0","5"
"F9","02/06/2024","2746","N610FR","TPA","06:00","05:56","-4","0","0","0","0","0"
"F9","02/06/2024","3230","N709FR","IAH","19:05","18:56","-9","0","0","0","0","0"
"F9","02/06/2024","3294","N610FR","ATL","16:07","16:02","-5","0","0","0","0","0"
"F9","02/06/2024","3312","N721FR","MCO","00:29","00:20","-9","0","0","0","0","0"
"F9","02/06/2024","3376","N713FR","MCI","06:15","06:04","-11","0","0","0","0","0"
"F9","02/06/2024","3465","N235FR","PHX","16:55","16:48","-7","0","0","0","0","0"
"F9","02/06/2024","3843","N235FR","LAS","22:59","22:50","-9","0","0","0","0","0"
"F9","02/06/2024","3861","N349FR","SLC","16:57","16:51","-6","0","0","43","0","0"
"F9","02/06/2024","4074","N232FR","DFW","12:10","12:04","-6","0","0","0","0","0"
"F9","02/06/2024","4464","N232FR","DFW","18:14","18:05","-9","0","0","0","0","0"
"F9","02/06/2024","4635","N625FR","PHX","21:04","20:58","-6","0","0","0","0","0"
"F9","02/06/2024","4714","N228FR","TPA","15:25","15:26","1","0","0","0","0","0"
"F9","02/06/2024","4920","N318FR","MCO","14:44","14:47","3","0","0","0","0","0"
"F9","02/06/2024","4927","N348FR","SAN","22:26","22:17","-9","0","0","0","0","0"
"F9","02/07/2024","0086","N723FR","STL","05:50","05:39","-11","0","0","0","0","0"
"F9","02/07/2024","0686","N372FR","DCA","07:00","06:51","-9","0","0","0","0","0"
"F9","02/07/2024","0688","N383FR","DCA","12:14","12:11","-3","0","0","0","0","0"
"F9","02/07/2024","0689","N383FR","SLC","22:05","21:58","-7","0","0","0","0","0"
"F9","02/07/2024","0718","N372FR","DCA","16:38","16:28","-10","0","0","0","0","0"
"F9","02/07/2024","1127","N305FR","SLC","18:12","18:07","-5","0","0","0","0","0"
"F9","02/07/2024","1175","N391FR","SEA","13:48","13:40","-8","0","0","0","0","0"
"F9","02/07/2024","1280","N701FR","MIA","10:01","10:00","-1","0","0","0","0","0"
"F9","02/07/2024","1292","N616FR","MSP","21:27","21:17","-10","0","0","54","0","0"
"F9","02/07/2024","1362","N364FR","CLT","13:47","14:38","51","35","0","0","0","0"
"F9","02/07/2024","1499","N326FR","ONT","10:44","10:40","-4","0","0","0","0","0"
"F9","02/07/2024","1608","N379FR","MKE","05:45","05:35","-10","0","0","0","0","0"
"F9","02/07/2024","1734","N354FR","MCO","05:30","05:20","-10","0","0","0","0","0"
"F9","02/07/2024","1789","N359FR","PDX","21:59","21:51","-8","0","0","0","0","0"
"F9","02/07/2024","1993","N713FR","LAS","06:05","05:59","-6","0","0","0","0","0"
"F9","02/07/2024","2105","N709FR","PHX","12:53","14:29","96","90","0","0","0","0"
"F9","02/07/2024","2141","N348FR","PHX","10:53","10:44","-9","0","0","0","0","0"
"F9","02/07/2024","2148","N328FR","DFW","06:00","05:50","-10","0","0","0","0","0"
"F9","02/07/2024","2210","N370FR","MDW","07:40","07:30","-10","0","0","0","0","0"
"F9","02/07/2024","2349","N713FR","LAS","12:31","12:25","-6","0","0","0","0","0"
"F9","02/07/2024","2429","N713FR","LAS","19:29","19:21","-8","0","0","0","0","0"
"F9","02/07/2024","2746","N702FR","TPA","06:00","05:54","-6","0","0","0","0","0"
"F9","02/07/2024","2817","N349FR","SAN","15:41","15:32","-9","0","0","0","0","0"
"F9","02/07/2024","3230","N720FR","IAH","19:05","19:05","0","0","0","0","0","0"
"F9","02/07/2024","3286","N619FR","CVG","05:30","05:21","-9","0","0","0","0","0"
"F9","02/07/2024","3294","N708FR","ATL","16:07","16:41","34","34","0","25","0","0"
"F9","02/07/2024","3312","N337FR","MCO","00:29","01:03","34","0","0","0","0","0"
"F9","02/07/2024","3467","N348FR","PHX","17:02","16:55","-7","0","0","0","0","0"
"F9","02/07/2024","3843","N334FR","LAS","22:59","22:55","-4","0","0","0","0","0"
"F9","02/07/2024","4074","N323FR","DFW","12:10","12:03","-7","0","0","0","0","0"
"F9","02/07/2024","4371","N349FR","SNA","06:10","06:03","-7","0","0","0","0","0"
"F9","02/07/2024","4372","N305FR","OMA","13:01","12:56","-5","0","0","0","0","0"
"F9","02/07/2024","4464","N323FR","DFW","18:14","18:06","-8","0","0","0","0","0"
"F9","02/07/2024","4635","N709FR","PHX","21:04","21:08","4","0","0","0","0","0"
"F9","02/07/2024","4920","N361FR","MCO","14:44","14:37","-7","0","0","0","0","0"
"F9","02/07/2024","4927","N349FR","SAN","22:26","22:20","-6","0","0","0","0","0"
"F9","02/08/2024","0086","N723FR","STL","05:50","05:46","-4","0","0","0","0","0"
"F9","02/08/2024","0686","N391FR","DCA","07:00","06:50","-10","0","0","0","0","0"
"F9","02/08/2024","0688","N383FR","DCA","12:14","12:09","-5","0","0","0","0","0"
"F9","02/08/2024","0689","N342FR","SLC","22:05","21:57","-8","0","0","0","0","0"
"F9","02/08/2024","0718","N372FR","DCA","16:38","16:26","-12","0","0","0","0","0"
"F9","02/08/2024","1093","N717FR","SFO","07:30","07:25","-5","0","0","0","0","0"
"F9","02/08/2024","1162","N385FR","HOU","17:16","17:10","-6","0","0","0","0","0"
"F9","02/08/2024","1175","N323FR","SEA","13:48","13:42","-6","0","0","0","0","0"
"F9","02/08/2024","1261","N359FR","ONT","10:44","10:35","-9","0","0","0","0","0"
"F9","02/08/2024","1280","N233FR","MIA","09:59","11:37","98","98","0","17","0","0"
"F9","02/08/2024","1290","N609FR","MSP","20:34","20:25","-9","0","0","0","0","0"
"F9","02/08/2024","1362","N232FR","CLT","13:47","13:38","-9","0","0","0","0","0"
"F9","02/08/2024","1402","N236FR","BNA","07:30","07:21","-9","0","0","0","0","0"
"F9","02/08/2024","1450","N364FR","ATL","05:30","05:27","-3","0","0","0","0","0"
"F9","02/08/2024","1499","N313FR","ONT","13:57","13:52","-5","0","0","0","0","0"
"F9","02/08/2024","1734","N384FR","MCO","05:30","05:26","-4","0","0","0","0","0"
"F9","02/08/2024","1789","N323FR","PDX","21:59","21:50","-9","0","0","0","0","0"
"F9","02/08/2024","1816","N236FR","AUS","15:31","15:22","-9","0","0","0","0","0"
"F9","02/08/2024","1993","N713FR","LAS","06:00","05:54","-6","0","0","0","0","0"
"F9","02/08/2024","2015","N346FR","LAS","10:00","09:50","-10","0","0","0","0","0"
"F9","02/08/2024","2105","N720FR","PHX","12:53","12:43","-10","0","0","45","0","0"
"F9","02/08/2024","2141","N349FR","PHX","10:53","10:47","-6","0","0","0","0","0"
"F9","02/08/2024","2148","N323FR","DFW","06:00","05:50","-10","0","0","0","0","0"
"F9","02/08/2024","2210","N305FR","MDW","07:41","07:36","-5","0","0","0","0","0"
"F9","02/08/2024","2348","N346FR","IND","16:05","15:54","-11","0","0","0","0","0"
"F9","02/08/2024","2349","N713FR","LAS","12:31","12:30","-1","0","0","0","0","0"
"F9","02/08/2024","2356","N370FR","SAT","07:30","08:12","42","24","0","0","0","0"
"F9","02/08/2024","2429","N713FR","LAS","19:29","19:29","0","0","0","0","0","0"
"F9","02/08/2024","2746","N714FR","TPA","07:00","06:58","-2","0","0","0","0","0"
"F9","02/08/2024","2817","N379FR","SAN","15:41","15:35","-6","0","0","0","0","0"
"F9","02/08/2024","3230","N720FR","IAH","19:05","19:58","53","21","0","0","0","27"
"F9","02/08/2024","3286","N232FR","CVG","06:00","05:51","-9","0","0","0","0","0"
"F9","02/08/2024","3294","N391FR","ATL","16:28","16:25","-3","0","0","0","0","0"
"F9","02/08/2024","3312","N609FR","MCO","00:29","01:07","38","0","0","0","0","0"
"F9","02/08/2024","3376","N710FR","MCI","06:15","06:09","-6","0","0","0","0","0"
"F9","02/08/2024","3467","N349FR","PHX","17:02","17:02","0","0","0","0","0","0"
"F9","02/08/2024","3578","N385FR","DTW","07:30","07:21","-9","0","0","0","0","0"
"F9","02/08/2024","3843","N383FR","LAS","22:59","22:59","0","0","0","0","0","0"
"F9","02/08/2024","3861","N303FR","SLC","14:07","14:25","18","0","0","0","0","0"
"F9","02/08/2024","4074","N328FR","DFW","12:10","12:05","-5","0","0","0","0","0"
"F9","02/08/2024","4452","N309FR","RDU","13:55","13:57","2","0","0","0","0","0"
"F9","02/08/2024","4464","N328FR","DFW","18:14","18:04","-10","0","0","0","0","0"
"F9","02/08/2024","4635","N625FR","PHX","21:04","21:00","-4","0","0","0","0","0"
"F9","02/08/2024","4714","N717FR","TPA","15:15","15:10","-5","0","0","0","0","0"
"F9","02/08/2024","4776","N313FR","LIT","07:30","07:19","-11","0","0","0","0","0"
"F9","02/08/2024","4794","N372FR","FAR","10:35","10:29","-6","0","0","0","0","0"
"F9","02/08/2024","4920","N370FR","MCO","14:44","14:53","9","0","0","0","0","0"
"F9","02/08/2024","4927","N379FR","SAN","22:26","22:13","-13","0","0","0","0","0"
"F9","02/09/2024","0086","N723FR","STL","05:50","05:41","-9","0","0","0","0","0"
"F9","02/09/2024","0686","N328FR","DCA","07:00","06:48","-12","0","0","0","0","0"
"F9","02/09/2024","0688","N346FR","DCA","12:14","12:23","9","0","0","0","0","0"
"F9","02/09/2024","0689","N346FR","SLC","22:05","22:02","-3","0","0","19","0","0"
"F9","02/09/2024","0718","N303FR","DCA","16:38","17:15","37","0","0","0","0","0"
"F9","02/09/2024","1093","N317FR","SFO","07:30","07:52","22","0","0","0","0","0"
"F9","02/09/2024","1127","N236FR","SLC","19:02","19:16","14","0","0","0","0","0"
"F9","02/09/2024","1162","N379FR","HOU","17:16","17:12","-4","0","0","0","0","0"
"F9","02/09/2024","1175","N317FR","SEA","14:53","14:43","-10","0","0","0","0","0"
"F9","02/09/2024","1261","N323FR","ONT","10:44","10:58","14","0","0","0","0","0"
"F9","02/09/2024","1280","N329FR","MIA","09:59","09:53","-6","0","0","0","0","0"
"F9","02/09/2024","1292","N619FR","MSP","20:34","20:41","7","7","0","23","0","0"
"F9","02/09/2024","1362","N232FR","CLT","13:47","13:39","-8","0","0","0","0","0"
"F9","02/09/2024","1402","N611FR","BNA","07:30","07:54","24","0","0","0","0","0"
"F9","02/09/2024","1450","N391FR","ATL","05:30","05:23","-7","0","0","0","0","0"
"F9","02/09/2024","1499","N342FR","ONT","13:57","13:56","-1","0","0","0","0","0"
"F9","02/09/2024","1560","N322FR","MSN","07:54","07:44","-10","0","0","0","0","0"
"F9","02/09/2024","1608","N309FR","MKE","05:35","05:25","-10","0","0","0","0","0"
"F9","02/09/2024","1734","N349FR","MCO","05:30","05:24","-6","0","0","0","0","0"
"F9","02/09/2024","1789","N383FR","PDX","21:59","22:00","1","1","0","16","0","0"
"F9","02/09/2024","1993","N714FR","LAS","06:00","05:54","-6","0","0","0","0","0"
"F9","02/09/2024","2015","N351FR","LAS","10:00","09:53","-7","0","0","0","0","0"
"F9","02/09/2024","2105","N720FR","PHX","12:53","12:44","-9","0","0","0","0","0"
"F9","02/09/2024","2107","N309FR","ELP","18:14","18:07","-7","0","0","0","0","0"
"F9","02/09/2024","2108","N309FR","FSD","12:50","12:42","-8","0","0","0","0","0"
"F9","02/09/2024","2141","N379FR","PHX","10:53","10:43","-10","0","0","0","0","0"
"F9","02/09/2024","2148","N346FR","DFW","06:00","05:52","-8","0","0","0","0","0"
"F9","02/09/2024","2210","N305FR","MDW","07:41","07:34","-7","0","0","0","0","0"
"F9","02/09/2024","2348","N351FR","IND","16:05","15:55","-10","0","0","0","0","0"
"F9","02/09/2024","2349","N714FR","LAS","12:31","12:26","-5","0","0","0","0","0"
"F9","02/09/2024","2360","N303FR","MSY","09:30","09:25","-5","0","0","0","0","0"
"F9","02/09/2024","2429","N717FR","LAS","19:29","19:38","9","9","0","13","0","0"
"F9","02/09/2024","2454","N385FR","PNS","07:30","07:27","-3","0","0","0","0","0"
"F9","02/09/2024","2746","N717FR","TPA","07:30","07:26","-4","0","0","0","0","0"
"F9","02/09/2024","2817","N385FR","SAN","15:41","15:33","-8","0","0","0","0","0"
"F9","02/09/2024","3230","N718FR","IAH","19:05","19:19","14","0","0","0","0","0"
"F9","02/09/2024","3286","N232FR","CVG","06:00","05:52","-8","0","0","0","0","0"
"F9","02/09/2024","3294","N328FR","ATL","16:28","16:18","-10","0","0","0","0","0"
"F9","02/09/2024","3312","N348FR","MCO","00:29","00:31","2","0","0","0","0","0"
"F9","02/09/2024","3376","N710FR","MCI","06:15","06:06","-9","0","0","0","0","0"
"F9","02/09/2024","3467","N372FR","PHX","17:02","16:55","-7","0","0","0","0","0"
"F9","02/09/2024","3578","N322FR","DTW","16:33","16:26","-7","0","0","0","0","0"
"F9","02/09/2024","3843","N317FR","LAS","22:59","23:08","9","9","0","18","0","0"
"F9","02/09/2024","4074","N233FR","DFW","12:10","12:05","-5","0","0","0","0","0"
"F9","02/09/2024","4371","N236FR","SNA","07:00","06:59","-1","0","0","0","0","0"
"F9","02/09/2024","4372","N236FR","OMA","13:51","13:42","-9","0","0","0","0","0"
"F9","02/09/2024","4452","N391FR","RDU","15:00","14:49","-11","0","0","0","0","0"
"F9","02/09/2024","4464","N233FR","DFW","18:14","18:03","-11","0","0","0","0","0"
"F9","02/09/2024","4635","N709FR","PHX","21:04","21:14","10","0","0","10","0","10"
"F9","02/09/2024","4714","N611FR","TPA","15:30","15:21","-9","0","0","0","0","0"
"F9","02/09/2024","4794","N372FR","FAR","10:35","10:26","-9","0","0","0","0","0"
"F9","02/09/2024","4920","N395FR","MCO","14:44","15:19","35","0","0","0","0","0"
"F9","02/09/2024","4927","N385FR","SAN","22:26","22:31","5","0","0","0","0","0"
"F9","02/10/2024","0086","N723FR","STL","05:50","05:50","0","0","0","15","0","0"
"F9","02/10/2024","0686","N372FR","DCA","07:00","08:04","64","0","0","0","0","23"
"F9","02/10/2024","0688","N346FR","DCA","12:14","12:10","-4","0","0","0","0","0"
"F9","02/10/2024","0689","N328FR","SLC","22:05","21:58","-7","0","0","0","0","0"
"F9","02/10/2024","0718","N303FR","DCA","16:38","16:30","-8","0","0","0","0","0"
"F9","02/10/2024","1093","N328FR","SFO","06:00","05:56","-4","0","0","0","0","0"
"F9","02/10/2024","1175","N328FR","SEA","13:48","13:43","-5","0","0","0","0","0"
"F9","02/10/2024","1280","N714FR","MIA","09:59","10:06","7","7","0","37","0","0"
"F9","02/10/2024","1292","N712FR","MSP","20:34","20:29","-5","0","0","0","0","0"
"F9","02/10/2024","1362","N308FR","CLT","13:47","13:38","-9","0","0","0","0","0"
"F9","02/10/2024","1450","N309FR","ATL","05:30","05:26","-4","0","0","0","0","0"
"F9","02/10/2024","1499","N232FR","ONT","10:44","10:44","0","0","0","0","0","0"
"F9","02/10/2024","1734","N391FR","MCO","05:30","05:30","0","0","0","0","0","0"
"F9","02/10/2024","1789","N387FR","PDX","21:59","21:56","-3","0","0","0","0","0"
"F9","02/10/2024","1993","N612FR","LAS","06:05","06:04","-1","0","0","0","0","0"
"F9","02/10/2024","2105","N718FR","PHX","12:53","12:49","-4","0","0","0","0","0"
"F9","02/10/2024","2141","N383FR","PHX","10:53","10:43","-10","0","0","0","0","0"
"F9","02/10/2024","2148","N305FR","DFW","06:00","05:56","-4","0","0","17","0","0"
"F9","02/10/2024","2210","N322FR","MDW","07:41","07:34","-7","0","0","0","0","0"
"F9","02/10/2024","2349","N612FR","LAS","12:31","12:26","-5","0","0","0","0","0"
"F9","02/10/2024","2429","N612FR","LAS","19:29","19:33","4","0","0","13","0","4"
"F9","02/10/2024","2454","N342FR","PNS","07:20","07:17","-3","0","0","0","0","0"
"F9","02/10/2024","2746","N379FR","TPA","06:00","05:53","-7","0","0","0","0","0"
"F9","02/10/2024","2817","N342FR","SAN","15:41","15:33","-8","0","0","0","0","0"
"F9","02/10/2024","3230","N718FR","IAH","19:05","19:00","-5","0","0","0","0","0"
"F9","02/10/2024","3286","N717FR","CVG","05:30","05:21","-9","0","0","0","0","0"
"F9","02/10/2024","3294","N701FR","ATL","16:07","16:03","-4","0","0","48","0","0"
"F9","02/10/2024","3312","N710FR","MCO","00:29","00:27","-2","0","0","0","0","0"
"F9","02/10/2024","3376","N303FR","MCI","10:40","10:35","-5","0","0","0","0","0"
"F9","02/10/2024","3467","N383FR","PHX","17:02","16:51","-11","0","0","0","0","0"
"F9","02/10/2024","3843","N351FR","LAS","22:59","22:49","-10","0","0","0","0","0"
"F9","02/10/2024","3861","N312FR","SLC","16:55","16:54","-1","0","0","0","0","0"
"F9","02/10/2024","4074","N233FR","DFW","12:10","12:09","-1","0","0","22","0","0"
"F9","02/10/2024","4371","N312FR","SNA","09:05","09:05","0","0","0","0","0","0"
"F9","02/10/2024","4464","N233FR","DFW","18:14","18:11","-3","0","0","35","0","0"
"F9","02/10/2024","4635","N720FR","PHX","21:04","21:13","9","0","0","0","0","0"
"F9","02/10/2024","4714","N309FR","TPA","15:15","15:13","-2","0","0","26","0","0"
"F9","02/10/2024","4748","N324FR","JAX","14:00","13:53","-7","0","0","0","0","0"
"F9","02/10/2024","4920","N385FR","MCO","14:44","14:40","-4","0","0","0","0","0"
"F9","02/10/2024","4927","N342FR","SAN","22:26","22:26","0","0","0","0","0","0"
"F9","02/11/2024","0086","N717FR","STL","05:50","05:47","-3","0","0","20","0","0"
"F9","02/11/2024","0686","N372FR","DCA","07:00","06:51","-9","0","0","0","0","0"
"F9","02/11/2024","0688","N383FR","DCA","12:14","12:08","-6","0","0","0","0","0"
"F9","02/11/2024","0689","N373FR","SLC","22:05","21:57","-8","0","0","0","0","0"
"F9","02/11/2024","0718","N371FR","DCA","16:38","16:29","-9","0","0","0","0","0"
"F9","02/11/2024","1093","N635FR","SFO","07:30","07:29","-1","0","0","0","0","0"
"F9","02/11/2024","1162","N233FR","HOU","17:16","17:04","-12","0","0","0","0","0"
"F9","02/11/2024","1175","N373FR","SEA","13:55","13:51","-4","0","0","0","0","0"
"F9","02/11/2024","1261","N387FR","ONT","10:44","10:36","-8","0","0","0","0","0"
"F9","02/11/2024","1280","N329FR","MIA","09:59","10:08","9","9","0","10","0","0"
"F9","02/11/2024","1292","N603FR","MSP","20:34","20:28","-6","0","0","0","0","0"
"F9","02/11/2024","1362","N303FR","CLT","13:47","13:46","-1","0","0","0","0","0"
"F9","02/11/2024","1402","N313FR","BNA","07:30","07:20","-10","0","0","0","0","0"
"F9","02/11/2024","1450","N322FR","ATL","05:30","05:32","2","0","0","0","0","0"
"F9","02/11/2024","1499","N322FR","ONT","13:52","13:53","1","0","0","0","0","0"
"F9","02/11/2024","1734","N308FR","MCO","05:30","05:31","1","0","0","0","0","0"
"F9","02/11/2024","1789","N380FR","PDX","21:59","21:50","-9","0","0","0","0","0"
"F9","02/11/2024","1816","N236FR","AUS","15:31","15:22","-9","0","0","0","0","0"
"F9","02/11/2024","1993","N713FR","LAS","06:00","05:59","-1","0","0","0","0","0"
"F9","02/11/2024","2015","N339FR","LAS","10:00","09:54","-6","0","0","0","0","0"
"F9","02/11/2024","2105","N718FR","PHX","12:53","12:50","-3","0","0","0","0","0"
"F9","02/11/2024","2141","N342FR","PHX","10:53","10:44","-9","0","0","0","0","0"
"F9","02/11/2024","2148","N324FR","DFW","06:00","06:24","24","0","24","4","0","0"
"F9","02/11/2024","2210","N346FR","MDW","07:00","07:01","1","0","0","0","0","0"
"F9","02/11/2024","2348","N339FR","IND","16:05","16:01","-4","0","0","0","0","0"
"F9","02/11/2024","2349","N713FR","LAS","12:31","12:27","-4","0","0","0","0","0"
"F9","02/11/2024","2356","N380FR","SAT","07:30","07:30","0","0","0","0","0","0"
"F9","02/11/2024","2429","N706FR","LAS","19:29","20:10","41","0","0","0","0","18"
"F9","02/11/2024","2746","N624FR","TPA","07:00","06:56","-4","0","0","0","0","0"
"F9","02/11/2024","2817","N313FR","SAN","15:41","15:31","-10","0","0","0","0","0"
"F9","02/11/2024","3230","N718FR","IAH","19:05","19:02","-3","0","0","0","0","0"
"F9","02/11/2024","3286","N236FR","CVG","06:00","06:00","0","0","0","0","0","0"
"F9","02/11/2024","3294","N372FR","ATL","16:28","16:21","-7","0","0","0","0","0"
"F9","02/11/2024","3312","N723FR","MCO","00:29","00:21","-8","0","0","0","0","0"
"F9","02/11/2024","3376","N613FR","MCI","06:15","06:11","-4","0","0","0","0","0"
"F9","02/11/2024","3467","N384FR","PHX","17:02","17:37","35","0","0","0","0","0"
"F9","02/11/2024","3578","N384FR","DTW","07:30","07:28","-2","0","0","0","0","0"
"F9","02/11/2024","3843","N383FR","LAS","22:59","22:53","-6","0","0","0","0","0"
"F9","02/11/2024","3981","N380FR","SLC","14:08","14:02","-6","0","0","0","0","0"
"F9","02/11/2024","4074","N324FR","DFW","12:10","12:13","3","0","0","0","0","0"
"F9","02/11/2024","4452","N328FR","RDU","13:10","12:59","-11","0","0","0","0","0"
"F9","02/11/2024","4464","N324FR","DFW","18:14","18:06","-8","0","0","0","0","0"
"F9","02/11/2024","4635","N709FR","PHX","21:04","20:53","-11","0","0","0","0","0"
"F9","02/11/2024","4714","N635FR","TPA","15:15","15:32","17","17","0","4","0","0"
"F9","02/11/2024","4776","N367FR","LIT","07:30","07:52","22","22","0","12","0","0"
"F9","02/11/2024","4794","N371FR","FAR","10:35","10:29","-6","0","0","0","0","0"
"F9","02/11/2024","4920","N367FR","MCO","14:44","14:38","-6","0","0","0","0","0"
"F9","02/11/2024","4927","N313FR","SAN","22:26","22:23","-3","0","0","0","0","0"
"F9","02/12/2024","0086","N611FR","STL","05:50","06:47","57","47","0","0","0","0"
"F9","02/12/2024","0686","N312FR","DCA","07:00","07:20","20","0","0","0","0","0"
"F9","02/12/2024","0688","N373FR","DCA","12:14","12:19","5","0","0","0","0","0"
"F9","02/12/2024","0689","N377FR","SLC","22:12","22:06","-6","0","0","0","0","0"
"F9","02/12/2024","0718","N371FR","DCA","16:38","16:28","-10","0","0","0","0","0"
"F9","02/12/2024","1093","N372FR","SFO","07:30","07:43","13","0","0","0","0","0"
"F9","02/12/2024","1127","N367FR","SLC","19:05","19:13","8","0","0","0","0","0"
"F9","02/12/2024","1128","N367FR","OMA","13:54","13:55","1","0","0","0","0","0"
"F9","02/12/2024","1162","N380FR","HOU","17:16","17:04","-12","0","0","0","0","0"
"F9","02/12/2024","1175","N372FR","SEA","14:53","14:49","-4","0","0","0","0","0"
"F9","02/12/2024","1261","N313FR","ONT","10:44","10:36","-8","0","0","0","0","0"
"F9","02/12/2024","1280","N329FR","MIA","09:59","09:56","-3","0","0","0","0","0"
"F9","02/12/2024","1296","N614FR","MSP","21:31","21:26","-5","0","0","0","0","0"
"F9","02/12/2024","1362","N718FR","CLT","13:38","13:29","-9","0","0","0","0","0"
"F9","02/12/2024","1402","N342FR","BNA","06:21","06:18","-3","0","0","0","0","0"
"F9","02/12/2024","1450","N328FR","ATL","05:30","05:33","3","0","0","0","0","0"
"F9","02/12/2024","1499","N303FR","ONT","13:57","13:52","-5","0","0","0","0","0"
"F9","02/12/2024","1560","N339FR","MSN","07:00","07:09","9","0","0","0","0","0"
"F9","02/12/2024","1608","N233FR","MKE","08:10","07:59","-11","0","0","0","0","0"
"F9","02/12/2024","1734","N346FR","MCO","05:30","06:38","68","68","0","32","0","0"
"F9","02/12/2024","1789","N335FR","PDX","21:59","21:53","-6","0","0","0","0","0"
"F9","02/12/2024","1993","N303FR","LAS","07:30","07:29","-1","0","0","0","0","0"
"F9","02/12/2024","2015","N334FR","LAS","10:00","10:00","0","0","0","0","0","0"
"F9","02/12/2024","2105","N635FR","PHX","12:53","12:49","-4","0","0","0","0","0"
"F9","02/12/2024","2107","N379FR","ELP","18:34","18:28","-6","0","0","0","0","0"
"F9","02/12/2024","2108","N379FR","FSD","13:10","13:41","31","0","0","0","0","25"
"F9","02/12/2024","2141","N380FR","PHX","10:53","10:55","2","0","0","0","0","0"
"F9","02/12/2024","2148","N635FR","DFW","06:00","06:10","10","0","0","0","0","0"
"F9","02/12/2024","2210","N353FR","MDW","06:40","06:54","14","0","0","0","0","0"
"F9","02/12/2024","2348","N334FR","IND","16:05","16:04","-1","0","0","0","0","0"
"F9","02/12/2024","2349","N328FR","LAS","13:53","13:52","-1","0","0","0","0","0"
"F9","02/12/2024","2360","N390FR","MSY","09:30","09:21","-9","0","0","0","0","0"
"F9","02/12/2024","2429","N232FR","LAS","19:29","19:18","-11","0","0","0","0","0"
"F9","02/12/2024","2454","N322FR","PNS","07:30","07:26","-4","0","0","0","0","0"
"F9","02/12/2024","2746","N722FR","TPA","07:28","08:17","49","0","0","38","0","0"
"F9","02/12/2024","2817","N233FR","SAN","15:41","15:38","-3","0","0","36","0","0"
"F9","02/12/2024","3230","N635FR","IAH","19:05","19:17","12","0","0","0","0","0"
"F9","02/12/2024","3286","N717FR","CVG","05:30","05:27","-3","0","0","0","0","0"
"F9","02/12/2024","3294","N312FR","ATL","16:28","16:22","-6","0","0","0","0","0"
"F9","02/12/2024","3312","N607FR","MCO","00:29","00:27","-2","0","0","0","0","0"
"F9","02/12/2024","3376","N336FR","MCI","05:40","05:30","-10","0","0","0","0","0"
"F9","02/12/2024","3467","N322FR","PHX","17:02","16:58","-4","0","0","0","0","0"
"F9","02/12/2024","3578","N236FR","DTW","16:33","16:54","21","0","0","0","0","0"
"F9","02/12/2024","3843","N372FR","LAS","22:59","22:48","-11","0","0","0","0","0"
"F9","02/12/2024","4074","N336FR","DFW","11:37","11:39","2","0","0","0","0","0"
"F9","02/12/2024","4371","N379FR","SNA","06:49","06:47","-2","0","0","0","0","0"
"F9","02/12/2024","4452","N339FR","RDU","14:00","13:54","-6","0","0","0","0","0"
"F9","02/12/2024","4464","N336FR","DFW","17:54","17:43","-11","0","0","0","0","0"
"F9","02/12/2024","4635","N349FR","PHX","21:04","21:12","8","0","0","0","0","0"
"F9","02/12/2024","4714","N722FR","TPA","15:15","17:36","141","0","0","0","0","128"
"F9","02/12/2024","4794","N371FR","FAR","10:35","10:25","-10","0","0","0","0","0"
"F9","02/12/2024","4920","N342FR","MCO","14:44","14:36","-8","0","0","0","0","0"
"F9","02/12/2024","4927","N233FR","SAN","22:26","23:00","34","0","0","0","0","17"
"F9","02/13/2024","0086","N303FR","STL","05:50","05:38","-12","0","0","0","0","0"
"F9","02/13/2024","0686","N339FR","DCA","07:00","06:54","-6","0","0","0","0","0"
"F9","02/13/2024","0688","N371FR","DCA","12:14","12:12","-2","0","0","0","0","0"
"F9","02/13/2024","0689","N334FR","SLC","22:05","23:13","68","62","0","0","0","0"
"F9","02/13/2024","0718","N339FR","DCA","16:38","16:28","-10","0","0","0","0","0"
"F9","02/13/2024","1175","N367FR","SEA","13:48","13:41","-7","0","0","0","0","0"
"F9","02/13/2024","1280","N714FR","MIA","10:01","09:55","-6","0","0","0","0","0"
"F9","02/13/2024","1292","N624FR","MSP","20:34","20:27","-7","0","0","0","0","0"
"F9","02/13/2024","1362","N232FR","CLT","13:47","13:47","0","0","0","0","0","0"
"F9","02/13/2024","1499","N335FR","ONT","10:44","10:33","-11","0","0","0","0","0"
"F9","02/13/2024","1734","N312FR","MCO","05:30","05:25","-5","0","0","0","0","0"
"F9","02/13/2024","1789","N366FR","PDX","21:59","21:58","-1","0","0","0","0","0"
"F9","02/13/2024","1816","N317FR","AUS","09:59","09:48","-11","0","0","0","0","0"
"F9","02/13/2024","1993","N353FR","LAS","06:05","06:03","-2","0","0","0","0","0"
"F9","02/13/2024","2105","N635FR","PHX","12:53","12:48","-5","0","0","0","0","0"
"F9","02/13/2024","2141","N336FR","PHX","10:53","10:45","-8","0","0","0","0","0"
"F9","02/13/2024","2148","N616FR","DFW","06:00","05:57","-3","0","0","0","0","0"
"F9","02/13/2024","2210","N380FR","MDW","07:40","07:32","-8","0","0","0","0","0"
"F9","02/13/2024","2349","N377FR","LAS","12:31","12:26","-5","0","0","0","0","0"
"F9","02/13/2024","2429","N359FR","LAS","19:29","19:20","-9","0","0","0","0","0"
"F9","02/13/2024","2746","N709FR","TPA","06:00","06:00","0","0","0","0","0","0"
"F9","02/13/2024","3230","N635FR","IAH","19:05","19:05","0","0","0","0","0","0"
"F9","02/13/2024","3294","N709FR","ATL","16:07","16:28","21","0","0","0","0","0"
"F9","02/13/2024","3312","N619FR","MCO","00:29","00:51","22","0","0","0","0","0"
"F9","02/13/2024","3376","N722FR","MCI","06:15","06:14","-1","0","0","0","0","0"
"F9","02/13/2024","3467","N336FR","PHX","17:02","16:50","-12","0","0","0","0","0"
"F9","02/13/2024","3843","N373FR","LAS","22:52","23:30","38","20","0","0","0","0"
"F9","02/13/2024","3861","N317FR","SLC","16:57","16:47","-10","0","0","0","0","0"
"F9","02/13/2024","4074","N372FR","DFW","12:10","12:01","-9","0","0","0","0","0"
"F9","02/13/2024","4464","N372FR","DFW","18:14","18:02","-12","0","0","0","0","0"
"F9","02/13/2024","4635","N374FR","PHX","21:05","20:55","-10","0","0","0","0","0"
"F9","02/13/2024","4714","N233FR","TPA","15:25","15:20","-5","0","0","0","0","0"
"F9","02/13/2024","4920","N606FR","MCO","14:44","14:58","14","0","0","0","0","0"
"F9","02/13/2024","4927","N367FR","SAN","22:26","22:27","1","0","0","0","0","0"
"F9","02/14/2024","0086","N616FR","STL","05:50","05:46","-4","0","0","0","0","0"
"F9","02/14/2024","0686","N386FR","DCA","07:00","06:52","-8","0","0","0","0","0"
"F9","02/14/2024","0688","N373FR","DCA","12:39","12:30","-9","0","0","0","0","0"
"F9","02/14/2024","0690","N309FR","DCA","16:38","16:30","-8","0","0","0","0","0"
"F9","02/14/2024","1093","N236FR","SFO","07:30","07:28","-2","0","0","0","0","0"
"F9","02/14/2024","1114","N303FR","TPA","00:58","00:52","-6","0","0","0","0","0"
"F9","02/14/2024","1150","N309FR","MSP","10:10","10:05","-5","0","0","0","0","0"
"F9","02/14/2024","1162","N368FR","HOU","15:56","15:47","-9","0","0","0","0","0"
"F9","02/14/2024","1215","N352FR","SLC","08:25","08:16","-9","0","0","0","0","0"
"F9","02/14/2024","1227","N359FR","SLC","12:56","12:46","-10","0","0","0","0","0"
"F9","02/14/2024","1261","N339FR","ONT","10:12","10:06","-6","0","0","0","0","0"
"F9","02/14/2024","1280","N336FR","MIA","00:59","01:02","3","0","0","0","0","0"
"F9","02/14/2024","1292","N613FR","MSP","20:35","21:39","64","48","0","0","0","0"
"F9","02/14/2024","1324","N359FR","DFW","06:10","06:04","-6","0","0","0","0","0"
"F9","02/14/2024","1375","N709FR","PHX","07:55","07:52","-3","0","0","0","0","0"
"F9","02/14/2024","1450","N372FR","ATL","00:57","01:13","16","0","0","0","0","0"
"F9","02/14/2024","1499","N317FR","ONT","21:28","21:30","2","0","0","0","0","0"
"F9","02/14/2024","1509","N371FR","LAS","06:15","06:11","-4","0","0","0","0","0"
"F9","02/14/2024","1587","N351FR","LAS","10:20","10:14","-6","0","0","0","0","0"
"F9","02/14/2024","1698","N317FR","DFW","08:10","08:54","44","38","0","0","0","0"
"F9","02/14/2024","1734","N331FR","MCO","00:29","00:22","-7","0","0","0","0","0"
"F9","02/14/2024","1819","N379FR","PHX","09:55","09:50","-5","0","0","0","0","0"
"F9","02/14/2024","1993","N371FR","LAS","12:24","12:20","-4","0","0","0","0","0"
"F9","02/14/2024","2015","N377FR","LAS","16:28","16:20","-8","0","0","0","0","0"
"F9","02/14/2024","2108","N367FR","FSD","13:10","13:02","-8","0","0","0","0","0"
"F9","02/14/2024","2141","N380FR","PHX","12:38","12:38","0","0","0","0","0","0"
"F9","02/14/2024","2148","N366FR","DFW","12:10","12:08","-2","0","0","0","0","0"
"F9","02/14/2024","2179","N232FR","SAN","10:53","10:54","1","0","0","0","0","0"
"F9","02/14/2024","2210","N318FR","MDW","07:05","06:58","-7","0","0","0","0","0"
"F9","02/14/2024","2429","N380FR","LAS","18:32","18:26","-6","0","0","0","0","0"
"F9","02/14/2024","2632","N339FR","DFW","18:14","18:10","-4","0","0","0","0","0"
"F9","02/14/2024","2734","N236FR","RSW","15:13","15:10","-3","0","0","0","0","0"
"F9","02/14/2024","2746","N630FR","TPA","09:19","09:13","-6","0","0","0","0","0"
"F9","02/14/2024","2795","N312FR","SEA","17:38","17:31","-7","0","0","0","0","0"
"F9","02/14/2024","2817","N379FR","SAN","15:41","15:31","-10","0","0","0","0","0"
"F9","02/14/2024","3234","N380FR","IAH","05:30","05:31","1","0","0","0","0","0"
"F9","02/14/2024","3286","N723FR","CVG","05:30","05:44","14","0","0","0","0","0"
"F9","02/14/2024","3465","N375FR","PHX","15:51","15:41","-10","0","0","0","0","0"
"F9","02/14/2024","3719","N375FR","PHX","21:36","22:24","48","34","0","0","0","0"
"F9","02/14/2024","4070","N366FR","DFW","21:18","21:28","10","10","0","7","0","0"
"F9","02/14/2024","4251","N386FR","SLC","22:50","22:47","-3","0","0","0","0","0"
"F9","02/14/2024","4386","N386FR","CID","16:41","16:31","-10","0","0","0","0","0"
"F9","02/14/2024","4417","N232FR","ELP","17:54","17:47","-7","0","0","0","0","0"
"F9","02/14/2024","4626","N373FR","MEM","05:30","05:25","-5","0","0","0","0","0"
"F9","02/14/2024","4927","N322FR","SAN","22:26","22:22","-4","0","0","0","0","0"
"F9","02/14/2024","4967","N373FR","LAS","22:52","23:06","14","0","0","0","0","0"
"F9","02/15/2024","0086","N722FR","STL","05:45","05:37","-8","0","0","0","0","0"
"F9","02/15/2024","0686","N368FR","DCA","07:00","06:52","-8","0","0","0","0","0"
"F9","02/15/2024","0688","N379FR","DCA","12:39","12:44","5","0","0","0","0","0"
"F9","02/15/2024","0690","N309FR","DCA","16:38","16:30","-8","0","0","0","0","0"
"F9","02/15/2024","1093","N616FR","SFO","07:15","07:12","-3","0","0","17","0","0"
"F9","02/15/2024","1114","N362FR","TPA","00:58","01:05","7","0","0","0","0","0"
"F9","02/15/2024","1150","N309FR","MSP","10:12","10:27","15","0","0","3","0","15"
"F9","02/15/2024","1175","N633FR","SEA","08:40","09:43","63","9","0","0","0","48"
"F9","02/15/2024","1215","N367FR","SLC","06:00","05:56","-4","0","0","0","0","0"
"F9","02/15/2024","1227","N339FR","SLC","12:41","12:53","12","9","0","6","0","3"
"F9","02/15/2024","1261","N353FR","ONT","12:55","12:50","-5","0","0","0","0","0"
"F9","02/15/2024","1280","N603FR","MIA","00:19","00:58","39","0","0","0","0","0"
"F9","02/15/2024","1292","N624FR","MSP","20:35","20:30","-5","0","0","0","0","0"
"F9","02/15/2024","1324","N339FR","DFW","06:10","05:59","-11","0","0","0","0","0"
"F9","02/15/2024","1362","N616FR","CLT","15:08","15:02","-6","0","0","0","0","0"
"F9","02/15/2024","1375","N709FR","PHX","07:55","07:51","-4","0","0","29","0","0"
"F9","02/15/2024","1402","N317FR","BNA","15:36","15:20","-16","0","0","0","0","0"
"F9","02/15/2024","1450","N372FR","ATL","00:57","00:56","-1","0","0","0","0","0"
"F9","02/15/2024","1509","N373FR","LAS","05:30","05:48","18","0","0","0","0","0"
"F9","02/15/2024","1584","N317FR","FAR","09:35","09:30","-5","0","0","0","0","0"
"F9","02/15/2024","1587","N386FR","LAS","08:25","08:16","-9","0","0","0","0","0"
"F9","02/15/2024","1608","N377FR","MKE","11:16","11:43","27","0","0","0","0","0"
"F9","02/15/2024","1698","N324FR","DFW","08:20","08:19","-1","0","0","0","0","0"
"F9","02/15/2024","1734","N328FR","MCO","00:49","00:44","-5","0","0","0","0","0"
"F9","02/15/2024","1789","N353FR","PDX","05:15","05:15","0","0","0","0","0","0"
"F9","02/15/2024","1816","N232FR","AUS","19:35","19:35","0","0","0","0","0","0"
"F9","02/15/2024","1819","N374FR","PHX","09:55","09:50","-5","0","0","0","0","0"
"F9","02/15/2024","1864","N367FR","OKC","11:01","11:29","28","0","0","0","0","26"
"F9","02/15/2024","1918","N352FR","CLE","15:29","15:26","-3","0","0","0","0","0"
"F9","02/15/2024","1993","N322FR","LAS","10:53","10:46","-7","0","0","0","0","0"
"F9","02/15/2024","2141","N318FR","PHX","12:51","13:07","16","0","0","0","0","0"
"F9","02/15/2024","2148","N232FR","DFW","13:27","13:51","24","0","0","0","0","23"
"F9","02/15/2024","2179","N318FR","SAN","06:00","05:57","-3","0","0","15","0","0"
"F9","02/15/2024","2210","N371FR","MDW","07:05","06:57","-8","0","0","0","0","0"
"F9","02/15/2024","2261","N377FR","ELP","05:30","05:29","-1","0","0","0","0","0"
"F9","02/15/2024","2348","N377FR","IND","18:30","18:33","3","0","0","0","0","0"
"F9","02/15/2024","2349","N322FR","LAS","16:58","16:56","-2","0","0","0","0","0"
"F9","02/15/2024","2356","N312FR","SAT","05:05","05:43","38","31","0","0","0","0"
"F9","02/15/2024","2438","N633FR","RDU","16:14","17:20","66","0","0","0","0","39"
"F9","02/15/2024","2454","N352FR","PNS","07:15","07:17","2","0","0","0","0","0"
"F9","02/15/2024","2575","N373FR","SNA","11:40","11:58","18","0","0","0","0","0"
"F9","02/15/2024","2596","N368FR","OMA","17:48","17:38","-10","0","0","0","0","0"
"F9","02/15/2024","2632","N339FR","DFW","17:47","17:50","3","0","0","0","0","0"
"F9","02/15/2024","2681","N322FR","ONT","22:54","22:45","-9","0","0","0","0","0"
"F9","02/15/2024","2734","N359FR","RSW","16:01","15:57","-4","0","0","0","0","0"
"F9","02/15/2024","2746","N610FR","TPA","09:19","09:40","21","0","21","12","0","0"
"F9","02/15/2024","2766","N373FR","HOU","18:48","18:39","-9","0","0","0","0","0"
"F9","02/15/2024","2817","N367FR","SAN","16:25","16:29","4","0","0","0","0","0"
"F9","02/15/2024","3084","N723FR","MCO","07:30","07:27","-3","0","0","0","0","0"
"F9","02/15/2024","3230","N386FR","IAH","15:32","15:30","-2","0","0","0","0","0"
"F9","02/15/2024","3286","N379FR","CVG","05:05","04:59","-6","0","0","0","0","0"
"F9","02/15/2024","3294","N330FR","ATL","08:34","08:33","-1","0","0","17","0","0"
"F9","02/15/2024","3312","N312FR","MCO","12:07","11:57","-10","0","0","0","0","0"
"F9","02/15/2024","3376","N236FR","MCI","06:35","06:27","-8","0","0","0","0","0"
"F9","02/15/2024","3465","N374FR","PHX","15:51","15:44","-7","0","0","0","0","0"
"F9","02/15/2024","3566","N232FR","DTW","05:15","05:09","-6","0","0","0","0","0"
"F9","02/15/2024","3719","N324FR","PHX","21:36","21:32","-4","0","0","0","0","0"
"F9","02/15/2024","3843","N318FR","LAS","19:54","19:55","1","0","0","0","0","0"
"F9","02/15/2024","3882","N723FR","MSY","17:50","18:16","26","0","0","0","0","0"
"F9","02/15/2024","4070","N374FR","DFW","21:34","21:28","-6","0","0","0","0","0"
"F9","02/15/2024","4251","N368FR","SLC","23:02","22:52","-10","0","0","0","0","0"
"F9","02/15/2024","4927","N386FR","SAN","22:26","22:19","-7","0","0","0","0","0"
"F9","02/15/2024","4967","N312FR","LAS","22:52","22:46","-6","0","0","0","0","0"
"F9","02/16/2024","0086","N723FR","STL","05:50","05:50","0","0","0","0","0","0"
"F9","02/16/2024","0686","N317FR","DCA","07:00","06:51","-9","0","0","0","0","0"
"F9","02/16/2024","0688","N352FR","DCA","12:24","12:16","-8","0","0","0","0","0"
"F9","02/16/2024","0690","N309FR","DCA","16:38","16:33","-5","0","0","23","0","0"
"F9","02/16/2024","1093","N235FR","SFO","05:05","05:03","-2","0","0","15","0","0"
"F9","02/16/2024","1114","N303FR","TPA","00:13","00:04","-9","0","0","0","0","0"
"F9","02/16/2024","1128","N232FR","OMA","07:00","06:50","-10","0","0","0","0","0"
"F9","02/16/2024","1150","N386FR","MSP","10:53","10:44","-9","0","0","0","0","0"
"F9","02/16/2024","1162","N350FR","HOU","15:22","15:18","-4","0","0","0","0","0"
"F9","02/16/2024","1227","N235FR","SLC","12:37","12:24","-13","0","0","0","0","0"
"F9","02/16/2024","1261","N377FR","ONT","14:22","14:17","-5","0","0","0","0","0"
"F9","02/16/2024","1280","N339FR","MIA","00:05","00:11","6","0","0","0","0","0"
"F9","02/16/2024","1292","N625FR","MSP","20:35","21:08","33","27","0","55","0","6"
"F9","02/16/2024","1324","N353FR","DFW","06:00","05:55","-5","0","0","0","0","0"
"F9","02/16/2024","1362","N706FR","CLT","16:41","16:40","-1","0","0","0","0","0"
"F9","02/16/2024","1375","N718FR","PHX","07:55","08:04","9","0","9","13","0","0"
"F9","02/16/2024","1402","N722FR","BNA","05:40","05:30","-10","0","0","0","0","0"
"F9","02/16/2024","1450","N330FR","ATL","00:27","01:46","79","57","0","0","0","0"
"F9","02/16/2024","1499","N350FR","ONT","22:25","22:43","18","0","0","25","0","18"
"F9","02/16/2024","1509","N379FR","LAS","06:00","05:57","-3","0","0","0","0","0"
"F9","02/16/2024","1560","N368FR","MSN","08:25","08:15","-10","0","0","0","0","0"
"F9","02/16/2024","1584","N309FR","FAR","10:12","10:07","-5","0","0","0","0","0"
"F9","02/16/2024","1587","N633FR","LAS","10:35","10:34","-1","0","0","0","0","0"
"F9","02/16/2024","1608","N352FR","MKE","05:05","04:58","-7","0","0","0","0","0"
"F9","02/16/2024","1698","N374FR","DFW","08:10","08:06","-4","0","0","0","0","0"
"F9","02/16/2024","1734","N331FR","MCO","00:55","00:50","-5","0","0","0","0","0"
"F9","02/16/2024","1789","N373FR","PDX","05:01","04:52","-9","0","0","0","0","0"
"F9","02/16/2024","1816","N353FR","AUS","19:22","20:34","72","0","42","30","0","30"
"F9","02/16/2024","1819","N326FR","PHX","09:55","09:50","-5","0","0","0","0","0"
"F9","02/16/2024","2015","N371FR","LAS","13:42","13:29","-13","0","0","0","0","0"
"F9","02/16/2024","2141","N367FR","PHX","12:38","12:31","-7","0","0","0","0","0"
"F9","02/16/2024","2148","N335FR","DFW","12:06","12:03","-3","0","0","0","0","0"
"F9","02/16/2024","2179","N353FR","SAN","12:21","12:11","-10","0","0","0","0","0"
"F9","02/16/2024","2210","N369FR","MDW","07:05","06:58","-7","0","0","0","0","0"
"F9","02/16/2024","2261","N317FR","ELP","16:49","16:42","-7","0","0","45","0","0"
"F9","02/16/2024","2360","N368FR","MSY","14:56","14:46","-10","0","0","0","0","0"
"F9","02/16/2024","2429","N612FR","LAS","17:08","17:14","6","0","6","31","0","0"
"F9","02/16/2024","2438","N722FR","RDU","13:38","13:34","-4","0","0","0","0","0"
"F9","02/16/2024","2454","N350FR","PNS","07:10","07:03","-7","0","0","0","0","0"
"F9","02/16/2024","2575","N371FR","SNA","06:40","06:32","-8","0","0","0","0","0"
"F9","02/16/2024","2632","N367FR","DFW","18:30","18:20","-10","0","0","40","0","0"
"F9","02/16/2024","2734","N334FR","RSW","14:28","14:56","28","0","0","0","0","0"
"F9","02/16/2024","2746","N610FR","TPA","09:19","09:18","-1","0","0","0","0","0"
"F9","02/16/2024","2795","N326FR","SEA","17:25","17:23","-2","0","0","0","0","0"
"F9","02/16/2024","2817","N386FR","SAN","16:49","16:44","-5","0","0","15","0","0"
"F9","02/16/2024","3084","N709FR","MCO","07:20","07:16","-4","0","0","0","0","0"
"F9","02/16/2024","3230","N367FR","IAH","05:30","05:25","-5","0","0","0","0","0"
"F9","02/16/2024","3286","N232FR","CVG","12:12","12:04","-8","0","0","0","0","0"
"F9","02/16/2024","3294","N377FR","ATL","05:30","05:30","0","0","0","0","0","0"
"F9","02/16/2024","3312","N373FR","MCO","12:25","12:13","-12","0","0","0","0","0"
"F9","02/16/2024","3376","N332FR","MCI","06:35","06:25","-10","0","0","0","0","0"
"F9","02/16/2024","3465","N322FR","PHX","15:51","15:52","1","0","0","0","0","0"
"F9","02/16/2024","3566","N612FR","DTW","08:05","08:03","-2","0","0","17","0","0"
"F9","02/16/2024","3719","N322FR","PHX","21:36","21:46","10","10","0","53","0","0"
"F9","02/16/2024","3843","N374FR","LAS","19:52","21:49","117","31","0","34","0","86"
"F9","02/16/2024","3861","N232FR","SLC","20:02","21:44","102","61","0","49","0","41"
"F9","02/16/2024","4070","N373FR","DFW","21:18","22:33","75","0","18","41","0","57"
"F9","02/16/2024","4251","N317FR","SLC","22:28","00:03","95","0","0","32","0","95"
"F9","02/16/2024","4558","N236FR","FSD","18:26","18:17","-9","0","0","0","0","0"
"F9","02/16/2024","4626","N334FR","MEM","07:30","07:56","26","15","7","0","0","0"
"F9","02/16/2024","4714","N362FR","TPA","23:53","01:27","94","94","0","21","0","0"
"F9","02/16/2024","4876","N235FR","CID","17:43","17:41","-2","0","0","31","0","0"
"F9","02/16/2024","4927","N352FR","SAN","22:18","22:50","32","0","22","35","0","10"
"F9","02/16/2024","4967","N368FR","LAS","22:52","23:12","20","20","0","21","0","0"
"F9","02/17/2024","0086","N335FR","STL","05:50","06:35","45","45","0","10","0","0"
"F9","02/17/2024","0686","N353FR","DCA","07:00","07:21","21","0","0","0","0","0"
"F9","02/17/2024","0688","N236FR","DCA","12:39","12:33","-6","0","0","0","0","0"
"F9","02/17/2024","0690","N334FR","DCA","16:38","16:41","3","0","0","0","0","0"
"F9","02/17/2024","1093","N369FR","SFO","05:35","05:37","2","0","0","0","0","0"
"F9","02/17/2024","1150","N374FR","MSP","07:35","07:32","-3","0","0","0","0","0"
"F9","02/17/2024","1175","N388FR","SEA","15:54","16:09","15","15","0","0","0","0"
"F9","02/17/2024","1227","N305FR","SLC","12:39","12:34","-5","0","0","0","0","0"
"F9","02/17/2024","1261","N326FR","ONT","14:54","14:51","-3","0","0","0","0","0"
"F9","02/17/2024","1280","N723FR","MIA","00:59","02:09","70","60","0","0","0","0"
"F9","02/17/2024","1292","N609FR","MSP","20:35","20:26","-9","0","0","0","0","0"
"F9","02/17/2024","1324","N305FR","DFW","06:10","06:17","7","0","0","0","0","0"
"F9","02/17/2024","1362","N232FR","CLT","15:21","15:42","21","4","0","0","0","11"
"F9","02/17/2024","1375","N706FR","PHX","07:40","07:51","11","0","0","0","0","0"
"F9","02/17/2024","1402","N235FR","BNA","08:25","08:22","-3","0","0","0","0","0"
"F9","02/17/2024","1450","N372FR","ATL","00:27","00:50","23","0","23","2","0","0"
"F9","02/17/2024","1499","N350FR","ONT","22:11","22:02","-9","0","0","0","0","0"
"F9","02/17/2024","1509","N386FR","LAS","07:10","07:07","-3","0","0","0","0","0"
"F9","02/17/2024","1584","N309FR","FAR","10:35","10:31","-4","0","0","0","0","0"
"F9","02/17/2024","1698","N373FR","DFW","08:10","08:07","-3","0","0","0","0","0"
"F9","02/17/2024","1734","N717FR","MCO","00:55","01:08","13","0","0","0","0","0"
"F9","02/17/2024","1819","N322FR","PHX","09:55","09:49","-6","0","0","0","0","0"
"F9","02/17/2024","1993","N371FR","LAS","10:54","10:53","-1","0","0","0","0","0"
"F9","02/17/2024","2015","N386FR","LAS","13:09","13:04","-5","0","0","0","0","0"
"F9","02/17/2024","2108","N371FR","FSD","05:30","05:22","-8","0","0","0","0","0"
"F9","02/17/2024","2141","N369FR","PHX","13:01","13:17","16","0","0","0","0","0"
"F9","02/17/2024","2148","N352FR","DFW","10:53","10:46","-7","0","0","0","0","0"
"F9","02/17/2024","2210","N332FR","MDW","07:40","07:32","-8","0","0","0","0","0"
"F9","02/17/2024","2261","N236FR","ELP","06:00","05:59","-1","0","0","0","0","0"
"F9","02/17/2024","2349","N309FR","LAS","16:59","18:35","96","78","0","0","0","0"
"F9","02/17/2024","2429","N386FR","LAS","19:07","19:08","1","0","0","0","0","0"
"F9","02/17/2024","2438","N353FR","RDU","16:30","16:23","-7","0","0","0","0","0"
"F9","02/17/2024","2454","N334FR","PNS","07:20","07:48","28","28","0","21","0","0"
"F9","02/17/2024","2575","N326FR","SNA","08:05","08:06","1","0","0","0","0","0"
"F9","02/17/2024","2596","N352FR","OMA","17:02","16:52","-10","0","0","0","0","0"
"F9","02/17/2024","2632","N377FR","DFW","19:02","20:05","63","43","0","0","0","5"
"F9","02/17/2024","2734","N235FR","RSW","16:01","15:55","-6","0","0","0","0","0"
"F9","02/17/2024","2746","N709FR","TPA","09:19","09:28","9","9","0","12","0","0"
"F9","02/17/2024","2817","N317FR","SAN","15:41","15:40","-1","0","0","0","0","0"
"F9","02/17/2024","3084","N388FR","MCO","06:00","06:07","7","0","0","0","0","0"
"F9","02/17/2024","3230","N374FR","IAH","14:22","14:15","-7","0","0","0","0","0"
"F9","02/17/2024","3286","N722FR","CVG","05:30","05:35","5","0","0","0","0","0"
"F9","02/17/2024","3294","N338FR","ATL","12:01","12:01","0","0","0","0","0","0"
"F9","02/17/2024","3312","N350FR","MCO","12:20","12:22","2","0","0","0","0","0"
"F9","02/17/2024","3465","N322FR","PHX","15:51","15:41","-10","0","0","0","0","0"
"F9","02/17/2024","3861","N369FR","SLC","18:59","18:50","-9","0","0","0","0","0"
"F9","02/17/2024","3882","N305FR","MSY","17:45","17:41","-4","0","0","0","0","0"
"F9","02/17/2024","3981","N373FR","SLC","21:18","21:16","-2","0","0","0","0","0"
"F9","02/17/2024","4070","N374FR","DFW","21:18","21:06","-12","0","0","0","0","0"
"F9","02/17/2024","4635","N322FR","PHX","21:56","21:46","-10","0","0","0","0","0"
"F9","02/17/2024","4927","N317FR","SAN","22:26","22:32","6","0","0","0","0","0"
"F9","02/17/2024","4967","N352FR","LAS","22:52","22:44","-8","0","0","0","0","0"
"F9","02/18/2024","0086","N706FR","STL","05:50","05:46","-4","0","0","0","0","0"
"F9","02/18/2024","0686","N388FR","DCA","06:50","06:49","-1","0","0","0","0","0"
"F9","02/18/2024","0688","N326FR","DCA","12:11","12:10","-1","0","0","0","0","0"
"F9","02/18/2024","0690","N334FR","DCA","16:38","16:28","-10","0","0","0","0","0"
"F9","02/18/2024","1093","N353FR","SFO","05:30","05:34","4","0","0","0","0","0"
"F9","02/18/2024","1114","N610FR","TPA","00:28","01:00","32","23","0","0","0","0"
"F9","02/18/2024","1150","N334FR","MSP","10:12","10:16","4","0","0","0","0","0"
"F9","02/18/2024","1175","N317FR","SEA","16:59","17:03","4","0","0","0","0","0"
"F9","02/18/2024","1215","N326FR","SLC","07:03","07:02","-1","0","0","0","0","0"
"F9","02/18/2024","1227","N389FR","SLC","12:41","12:44","3","0","0","0","0","0"
"F9","02/18/2024","1261","N353FR","ONT","12:59","13:01","2","0","0","0","0","0"
"F9","02/18/2024","1280","N369FR","MIA","00:04","01:17","73","68","0","0","0","0"
"F9","02/18/2024","1292","N616FR","MSP","20:35","20:50","15","0","0","0","0","0"
"F9","02/18/2024","1324","N386FR","DFW","05:55","06:01","6","0","6","22","0","0"
"F9","02/18/2024","1362","N722FR","CLT","16:42","17:10","28","8","0","1","0","20"
"F9","02/18/2024","1375","N714FR","PHX","07:40","07:28","-12","0","0","0","0","0"
"F9","02/18/2024","1402","N373FR","BNA","08:25","08:16","-9","0","0","0","0","0"
"F9","02/18/2024","1450","N232FR","ATL","00:57","01:34","37","16","0","0","0","0"
"F9","02/18/2024","1509","N389FR","LAS","06:35","06:32","-3","0","0","0","0","0"
"F9","02/18/2024","1584","N386FR","FAR","12:15","12:09","-6","0","0","0","0","0"
"F9","02/18/2024","1587","N350FR","LAS","10:35","10:28","-7","0","0","0","0","0"
"F9","02/18/2024","1698","N365FR","DFW","08:35","08:25","-10","0","0","0","0","0"
"F9","02/18/2024","1734","N611FR","MCO","00:55","00:57","2","0","0","0","0","0"
"F9","02/18/2024","1778","N377FR","IND","05:02","04:55","-7","0","0","0","0","0"
"F9","02/18/2024","1789","N339FR","PDX","05:15","05:16","1","0","0","0","0","0"
"F9","02/18/2024","1818","N352FR","AUS","19:34","19:30","-4","0","0","0","0","0"
"F9","02/18/2024","1819","N384FR","PHX","09:51","09:49","-2","0","0","0","0","0"
"F9","02/18/2024","1864","N235FR","OKC","12:55","12:49","-6","0","0","0","0","0"
"F9","02/18/2024","1918","N335FR","CLE","15:49","15:40","-9","0","0","0","0","0"
"F9","02/18/2024","2015","N236FR","LAS","13:53","13:44","-9","0","0","0","0","0"
"F9","02/18/2024","2105","N356FR","PHX","12:19","12:14","-5","0","0","0","0","0"
"F9","02/18/2024","2148","N317FR","DFW","10:53","10:47","-6","0","0","0","0","0"
"F9","02/18/2024","2179","N352FR","SAN","12:38","12:31","-7","0","0","0","0","0"
"F9","02/18/2024","2210","N332FR","MDW","07:40","07:36","-4","0","0","0","0","0"
"F9","02/18/2024","2261","N339FR","ELP","12:43","12:42","-1","0","0","0","0","0"
"F9","02/18/2024","2356","N356FR","SAT","05:35","05:35","0","0","0","0","0","0"
"F9","02/18/2024","2429","N328FR","LAS","17:02","16:58","-4","0","0","0","0","0"
"F9","02/18/2024","2438","N350FR","RDU","16:44","17:07","23","6","0","2","0","17"
"F9","02/18/2024","2454","N335FR","PNS","07:30","07:25","-5","0","0","0","0","0"
"F9","02/18/2024","2575","N388FR","SNA","16:18","16:12","-6","0","0","0","0","0"
"F9","02/18/2024","2596","N389FR","OMA","17:47","18:22","35","0","0","0","0","33"
"F9","02/18/2024","2632","N235FR","DFW","18:09","17:59","-10","0","0","0","0","0"
"F9","02/18/2024","2681","N389FR","ONT","23:01","23:09","8","0","0","0","0","0"
"F9","02/18/2024","2734","N720FR","RSW","13:53","13:51","-2","0","0","0","0","0"
"F9","02/18/2024","2746","N709FR","TPA","09:19","09:18","-1","0","0","0","0","0"
"F9","02/18/2024","2766","N356FR","HOU","18:22","18:23","1","0","0","0","0","0"
"F9","02/18/2024","2817","N373FR","SAN","16:02","16:16","14","0","0","0","0","0"
"F9","02/18/2024","3084","N359FR","MCO","07:00","07:06","6","0","0","0","0","0"
"F9","02/18/2024","3230","N352FR","IAH","05:30","05:25","-5","0","0","0","0","0"
"F9","02/18/2024","3286","N235FR","CVG","05:05","05:14","9","9","0","16","0","0"
"F9","02/18/2024","3294","N236FR","ATL","05:05","05:24","19","17","0","0","0","0"
"F9","02/18/2024","3312","N377FR","MCO","12:25","12:32","7","0","0","0","0","0"
"F9","02/18/2024","3376","N305FR","MCI","06:35","06:24","-11","0","0","0","0","0"
"F9","02/18/2024","3467","N323FR","PHX","16:03","15:57","-6","0","0","0","0","0"
"F9","02/18/2024","3566","N720FR","DTW","05:20","05:17","-3","0","0","0","0","0"
"F9","02/18/2024","3674","N386FR","MKE","18:14","18:04","-10","0","0","0","0","0"
"F9","02/18/2024","3843","N612FR","LAS","19:54","19:41","-13","0","0","0","0","0"
"F9","02/18/2024","3882","N339FR","MSY","18:25","18:15","-10","0","0","0","0","0"
"F9","02/18/2024","4070","N365FR","DFW","21:39","21:30","-9","0","0","0","0","0"
"F9","02/18/2024","4251","N388FR","SLC","23:02","22:57","-5","0","0","0","0","0"
"F9","02/18/2024","4635","N326FR","PHX","21:56","22:06","10","10","0","9","0","0"
"F9","02/18/2024","4967","N377FR","LAS","22:52","23:09","17","0","0","0","0","0"
"F9","02/18/2024","4989","N373FR","SAN","22:47","22:44","-3","0","0","0","0","0"
"F9","02/19/2024","0086","N720FR","STL","05:50","05:44","-6","0","0","0","0","0"
"F9","02/19/2024","0686","N386FR","DCA","07:00","06:54","-6","0","0","0","0","0"
"F9","02/19/2024","0688","N236FR","DCA","12:39","12:40","1","0","0","0","0","0"
"F9","02/19/2024","0690","N389FR","DCA","16:38","16:34","-4","0","0","0","0","0"
"F9","02/19/2024","1093","N344FR","SFO","07:30","07:28","-2","0","0","0","0","0"
"F9","02/19/2024","1114","N235FR","TPA","00:28","00:32","4","0","0","0","0","0"
"F9","02/19/2024","1128","N332FR","OMA","07:00","06:52","-8","0","0","0","0","0"
"F9","02/19/2024","1150","N389FR","MSP","10:12","10:05","-7","0","0","0","0","0"
"F9","02/19/2024","1162","N339FR","HOU","15:56","15:48","-8","0","0","0","0","0"
"F9","02/19/2024","1227","N328FR","SLC","14:18","14:07","-11","0","0","0","0","0"
"F9","02/19/2024","1261","N332FR","ONT","12:14","12:11","-3","0","0","0","0","0"
"F9","02/19/2024","1280","N335FR","MIA","00:08","00:10","2","0","0","0","0","0"
"F9","02/19/2024","1292","N612FR","MSP","20:35","21:42","67","51","0","0","0","0"
"F9","02/19/2024","1324","N356FR","DFW","06:00","05:55","-5","0","0","0","0","0"
"F9","02/19/2024","1362","N229FR","CLT","15:17","15:14","-3","0","0","0","0","0"
"F9","02/19/2024","1375","N236FR","PHX","06:00","05:54","-6","0","0","0","0","0"
"F9","02/19/2024","1402","N313FR","BNA","05:35","05:29","-6","0","0","0","0","0"
"F9","02/19/2024","1450","N323FR","ATL","00:27","00:28","1","1","0","40","0","0"
"F9","02/19/2024","1499","N334FR","ONT","22:04","22:49","45","4","0","18","0","41"
"F9","02/19/2024","1509","N305FR","LAS","07:35","07:26","-9","0","0","0","0","0"
"F9","02/19/2024","1584","N350FR","FAR","15:41","15:32","-9","0","0","0","0","0"
"F9","02/19/2024","1608","N388FR","MKE","08:28","08:19","-9","0","0","0","0","0"
"F9","02/19/2024","1698","N365FR","DFW","08:10","08:05","-5","0","0","0","0","0"
"F9","02/19/2024","1734","N353FR","MCO","00:29","00:34","5","0","0","0","0","0"
"F9","02/19/2024","1789","N336FR","PDX","05:30","05:27","-3","0","0","0","0","0"
"F9","02/19/2024","1816","N328FR","AUS","19:24","19:15","-9","0","0","0","0","0"
"F9","02/19/2024","1819","N624FR","PHX","08:15","08:05","-10","0","0","0","0","0"
"F9","02/19/2024","1993","N316FR","LAS","11:26","11:22","-4","0","0","0","0","0"
"F9","02/19/2024","2015","N305FR","LAS","13:35","13:28","-7","0","0","0","0","0"
"F9","02/19/2024","2105","N334FR","PHX","10:15","10:23","8","0","0","0","0","0"
"F9","02/19/2024","2108","N316FR","FSD","06:00","05:56","-4","0","0","0","0","0"
"F9","02/19/2024","2141","N317FR","PHX","12:26","12:24","-2","0","0","0","0","0"
"F9","02/19/2024","2148","N313FR","DFW","13:13","13:06","-7","0","0","0","0","0"
"F9","02/19/2024","2179","N373FR","SAN","10:53","10:49","-4","0","0","0","0","0"
"F9","02/19/2024","2210","N352FR","MDW","07:05","07:01","-4","0","0","0","0","0"
"F9","02/19/2024","2360","N604FR","MSY","13:57","13:47","-10","0","0","0","0","0"
"F9","02/19/2024","2429","N373FR","LAS","17:41","17:32","-9","0","0","0","0","0"
"F9","02/19/2024","2438","N388FR","RDU","15:56","15:51","-5","0","0","0","0","0"
"F9","02/19/2024","2454","N229FR","PNS","07:00","06:57","-3","0","0","0","0","0"
"F9","02/19/2024","2575","N336FR","SNA","12:52","13:03","11","11","0","17","0","0"
"F9","02/19/2024","2604","N356FR","MSN","17:54","17:44","-10","0","0","0","0","0"
"F9","02/19/2024","2632","N374FR","DFW","19:21","19:16","-5","0","0","0","0","0"
"F9","02/19/2024","2734","N344FR","RSW","15:58","15:49","-9","0","0","0","0","0"
"F9","02/19/2024","2746","N709FR","TPA","09:19","09:18","-1","0","0","0","0","0"
"F9","02/19/2024","2795","N316FR","SEA","18:03","17:58","-5","0","0","0","0","0"
"F9","02/19/2024","2817","N386FR","SAN","16:28","16:25","-3","0","0","17","0","0"
"F9","02/19/2024","3084","N339FR","MCO","06:00","05:50","-10","0","0","0","0","0"
"F9","02/19/2024","3230","N317FR","IAH","05:15","05:14","-1","0","0","0","0","0"
"F9","02/19/2024","3286","N722FR","CVG","05:30","05:32","2","0","0","0","0","0"
"F9","02/19/2024","3294","N338FR","ATL","08:34","08:28","-6","0","0","0","0","0"
"F9","02/19/2024","3312","N714FR","MCO","11:18","11:12","-6","0","0","0","0","0"
"F9","02/19/2024","3376","N356FR","MCI","12:23","12:36","13","0","0","0","0","0"
"F9","02/19/2024","3467","N334FR","PHX","16:13","16:31","18","0","18","27","0","0"
"F9","02/19/2024","3566","N612FR","DTW","05:25","05:33","8","0","0","0","0","0"
"F9","02/19/2024","3843","N305FR","LAS","19:54","19:43","-11","0","0","0","0","0"
"F9","02/19/2024","3861","N336FR","SLC","19:34","19:32","-2","0","0","0","0","0"
"F9","02/19/2024","4070","N382FR","DFW","21:24","23:08","104","0","0","0","0","91"
"F9","02/19/2024","4251","N339FR","SLC","22:53","22:52","-1","0","0","0","0","0"
"F9","02/19/2024","4386","N328FR","CID","07:45","07:34","-11","0","0","0","0","0"
"F9","02/19/2024","4417","N317FR","ELP","18:18","18:06","-12","0","0","0","0","0"
"F9","02/19/2024","4611","N625FR","LAS","22:42","22:31","-11","0","0","0","0","0"
"F9","02/19/2024","4626","N350FR","MEM","07:38","07:28","-10","0","0","0","0","0"
"F9","02/19/2024","4920","N386FR","MCO","23:50","23:40","-10","0","0","0","0","0"
"F9","02/19/2024","4927","N350FR","SAN","22:26","22:19","-7","0","0","0","0","0"
"F9","02/20/2024","0086","N625FR","STL","05:50","05:45","-5","0","0","0","0","0"
"F9","02/20/2024","0686","N373FR","DCA","07:00","06:51","-9","0","0","0","0","0"
"F9","02/20/2024","0688","N336FR","DCA","12:39","12:30","-9","0","0","0","0","0"
"F9","02/20/2024","0690","N373FR","DCA","16:38","16:38","0","0","0","0","0","0"
"F9","02/20/2024","1093","N352FR","SFO","07:30","07:30","0","0","0","0","0","0"
"F9","02/20/2024","1114","N364FR","TPA","00:13","00:07","-6","0","0","0","0","0"
"F9","02/20/2024","1150","N334FR","MSP","11:26","11:35","9","0","0","0","0","0"
"F9","02/20/2024","1215","N356FR","SLC","08:25","08:19","-6","0","0","0","0","0"
"F9","02/20/2024","1227","N328FR","SLC","12:33","12:38","5","0","0","12","0","5"
"F9","02/20/2024","1261","N389FR","ONT","10:22","10:14","-8","0","0","0","0","0"
"F9","02/20/2024","1280","N624FR","MIA","00:59","01:28","29","0","0","0","0","0"
"F9","02/20/2024","1292","N621FR","MSP","20:35","20:56","21","0","0","0","0","0"
"F9","02/20/2024","1324","N328FR","DFW","06:10","06:03","-7","0","0","0","0","0"
"F9","02/20/2024","1375","N604FR","PHX","07:55","07:51","-4","0","0","0","0","0"
"F9","02/20/2024","1450","N351FR","ATL","00:57","00:58","1","0","0","0","0","0"
"F9","02/20/2024","1499","N352FR","ONT","21:28","21:19","-9","0","0","0","0","0"
"F9","02/20/2024","1509","N305FR","LAS","07:15","07:19","4","0","0","0","0","0"
"F9","02/20/2024","1587","N339FR","LAS","10:50","10:41","-9","0","0","0","0","0"
"F9","02/20/2024","1698","N365FR","DFW","08:10","08:15","5","0","0","0","0","0"
"F9","02/20/2024","1778","N356FR","IND","16:28","16:16","-12","0","0","0","0","0"
"F9","02/20/2024","1819","N238FR","PHX","10:00","09:57","-3","0","0","0","0","0"
"F9","02/20/2024","1864","N352FR","OKC","16:15","16:03","-12","0","0","0","0","0"
"F9","02/20/2024","1918","N332FR","CLE","15:22","15:19","-3","0","0","0","0","0"
"F9","02/20/2024","2015","N305FR","LAS","13:14","13:04","-10","0","0","0","0","0"
"F9","02/20/2024","2108","N336FR","FSD","06:45","06:39","-6","0","0","0","0","0"
"F9","02/20/2024","2141","N316FR","PHX","12:38","12:46","8","0","0","0","0","0"
"F9","02/20/2024","2148","N374FR","DFW","12:10","12:27","17","0","0","0","0","0"
"F9","02/20/2024","2179","N350FR","SAN","10:53","10:48","-5","0","0","0","0","0"
"F9","02/20/2024","2210","N317FR","MDW","07:05","06:58","-7","0","0","0","0","0"
"F9","02/20/2024","2349","N339FR","LAS","16:58","16:50","-8","0","0","0","0","0"
"F9","02/20/2024","2360","N229FR","MSY","14:02","13:50","-12","0","0","0","0","0"
"F9","02/20/2024","2429","N305FR","LAS","19:11","19:04","-7","0","0","0","0","0"
"F9","02/20/2024","2454","N388FR","PNS","07:00","06:56","-4","0","0","0","0","0"
"F9","02/20/2024","2632","N350FR","DFW","18:14","18:04","-10","0","0","0","0","0"
"F9","02/20/2024","2746","N610FR","TPA","09:29","09:22","-7","0","0","0","0","0"
"F9","02/20/2024","2817","N388FR","SAN","15:41","15:37","-4","0","0","0","0","0"
"F9","02/20/2024","3230","N316FR","IAH","05:30","05:20","-10","0","0","0","0","0"
"F9","02/20/2024","3286","N229FR","CVG","05:30","05:23","-7","0","0","0","0","0"
"F9","02/20/2024","3294","N332FR","ATL","05:30","05:23","-7","0","0","0","0","0"
"F9","02/20/2024","3376","N720FR","MCI","06:15","06:03","-12","0","0","0","0","0"
"F9","02/20/2024","3467","N238FR","PHX","15:58","15:48","-10","0","0","0","0","0"
"F9","02/20/2024","3861","N328FR","SLC","17:39","17:29","-10","0","0","0","0","0"
"F9","02/20/2024","4070","N365FR","DFW","21:18","21:18","0","0","0","0","0","0"
"F9","02/20/2024","4635","N379FR","PHX","22:09","22:22","13","13","0","14","0","0"
"F9","02/20/2024","4927","N388FR","SAN","22:26","22:25","-1","0","0","0","0","0"
"F9","02/20/2024","4967","N374FR","LAS","22:52","23:02","10","0","0","0","0","0"
"F9","02/21/2024","0086","N720FR","STL","05:50","05:40","-10","0","0","0","0","0"
"F9","02/21/2024","0686","N336FR","DCA","07:00","06:51","-9","0","0","0","0","0"
"F9","02/21/2024","0688","N334FR","DCA","12:39","12:33","-6","0","0","0","0","0"
"F9","02/21/2024","0690","N360FR","DCA","16:38","16:29","-9","0","0","0","0","0"
"F9","02/21/2024","1093","N344FR","SFO","07:30","08:01","31","0","0","44","0","0"
"F9","02/21/2024","1114","N316FR","TPA","00:58","01:19","21","0","0","0","0","0"
"F9","02/21/2024","1150","N360FR","MSP","10:10","10:06","-4","0","0","0","0","0"
"F9","02/21/2024","1162","N349FR","HOU","15:56","15:49","-7","0","0","0","0","0"
"F9","02/21/2024","1215","N328FR","SLC","08:25","08:17","-8","0","0","0","0","0"
"F9","02/21/2024","1227","N350FR","SLC","12:56","12:46","-10","0","0","0","0","0"
"F9","02/21/2024","1261","N373FR","ONT","10:12","10:20","8","0","0","0","0","0"
"F9","02/21/2024","1280","N301FR","MIA","00:59","01:22","23","0","0","0","0","0"
"F9","02/21/2024","1292","N716FR","MSP","20:35","20:35","0","0","0","0","0","0"
"F9","02/21/2024","1324","N350FR","DFW","06:10","06:00","-10","0","0","0","0","0"
"F9","02/21/2024","1375","N708FR","PHX","07:55","07:41","-14","0","0","0","0","0"
"F9","02/21/2024","1450","N356FR","ATL","00:57","00:51","-6","0","0","0","0","0"
"F9","02/21/2024","1499","N389FR","ONT","21:28","21:15","-13","0","0","0","0","0"
"F9","02/21/2024","1509","N347FR","LAS","06:15","06:03","-12","0","0","0","0","0"
"F9","02/21/2024","1587","N352FR","LAS","10:20","10:10","-10","0","0","0","0","0"
"F9","02/21/2024","1698","N365FR","DFW","08:10","08:10","0","0","0","0","0","0"
"F9","02/21/2024","1734","N386FR","MCO","00:29","00:31","2","0","0","0","0","0"
"F9","02/21/2024","1787","N349FR","PDX","08:30","08:22","-8","0","0","0","0","0"
"F9","02/21/2024","1819","N339FR","PHX","09:55","09:49","-6","0","0","0","0","0"
"F9","02/21/2024","1993","N347FR","LAS","12:24","12:14","-10","0","0","0","0","0"
"F9","02/21/2024","2015","N352FR","LAS","16:28","16:19","-9","0","0","0","0","0"
"F9","02/21/2024","2108","N388FR","FSD","13:10","13:30","20","0","0","0","0","0"
"F9","02/21/2024","2141","N305FR","PHX","12:38","12:33","-5","0","0","0","0","0"
"F9","02/21/2024","2148","N389FR","DFW","12:10","12:13","3","0","0","0","0","0"
"F9","02/21/2024","2179","N229FR","SAN","10:53","10:42","-11","0","0","0","0","0"
"F9","02/21/2024","2210","N317FR","MDW","07:05","07:03","-2","0","0","0","0","0"
"F9","02/21/2024","2360","N332FR","MSY","09:00","08:53","-7","0","0","0","0","0"
"F9","02/21/2024","2429","N347FR","LAS","18:32","18:30","-2","0","0","0","0","0"
"F9","02/21/2024","2632","N332FR","DFW","18:14","18:03","-11","0","0","0","0","0"
"F9","02/21/2024","2734","N344FR","RSW","15:13","15:15","2","0","0","0","0","0"
"F9","02/21/2024","2746","N604FR","TPA","09:19","09:27","8","0","0","0","0","0"
"F9","02/21/2024","2817","N328FR","SAN","15:41","15:29","-12","0","0","0","0","0"
"F9","02/21/2024","3230","N305FR","IAH","05:30","05:40","10","0","0","0","0","0"
"F9","02/21/2024","3286","N625FR","CVG","05:30","05:22","-8","0","0","0","0","0"
"F9","02/21/2024","3465","N339FR","PHX","15:51","15:42","-9","0","0","23","0","0"
"F9","02/21/2024","3719","N339FR","PHX","21:36","21:28","-8","0","0","0","0","0"
"F9","02/21/2024","4070","N365FR","DFW","21:18","21:07","-11","0","0","0","0","0"
"F9","02/21/2024","4251","N336FR","SLC","22:50","23:43","53","41","0","0","0","0"
"F9","02/21/2024","4386","N336FR","CID","16:41","16:30","-11","0","0","0","0","0"
"F9","02/21/2024","4417","N229FR","ELP","17:54","17:49","-5","0","0","0","0","0"
"F9","02/21/2024","4626","N334FR","MEM","05:30","05:22","-8","0","0","0","0","0"
"F9","02/21/2024","4927","N328FR","SAN","22:26","22:12","-14","0","0","0","0","0"
"F9","02/21/2024","4967","N334FR","LAS","22:52","22:41","-11","0","0","0","0","0"
"F9","02/22/2024","0086","N720FR","STL","05:45","05:37","-8","0","0","0","0","0"
"F9","02/22/2024","0686","N388FR","DCA","07:00","06:50","-10","0","0","0","0","0"
"F9","02/22/2024","0690","N336FR","DCA","16:38","16:32","-6","0","0","0","0","0"
"F9","02/22/2024","0724","N352FR","DCA","12:39","12:32","-7","0","0","0","0","0"
"F9","02/22/2024","1093","N610FR","SFO","07:15","08:01","46","0","0","33","0","0"
"F9","02/22/2024","1114","N604FR","TPA","00:58","00:59","1","0","0","0","0","0"
"F9","02/22/2024","1150","N360FR","MSP","10:12","10:16","4","0","0","18","0","4"
"F9","02/22/2024","1175","N336FR","SEA","08:40","08:30","-10","0","0","0","0","0"
"F9","02/22/2024","1215","N385FR","SLC","06:00","05:53","-7","0","0","0","0","0"
"F9","02/22/2024","1227","N361FR","SLC","12:41","12:35","-6","0","0","0","0","0"
"F9","02/22/2024","1261","N236FR","ONT","12:55","13:34","39","27","0","0","0","0"
"F9","02/22/2024","1280","N335FR","MIA","00:29","00:54","25","0","0","0","0","0"
"F9","02/22/2024","1292","N606FR","MSP","20:35","20:51","16","0","0","0","0","0"
"F9","02/22/2024","1324","N361FR","DFW","06:10","06:05","-5","0","0","0","0","0"
"F9","02/22/2024","1362","N610FR","CLT","15:08","15:25","17","0","0","0","0","0"
"F9","02/22/2024","1375","N710FR","PHX","07:55","07:51","-4","0","0","0","0","0"
"F9","02/22/2024","1402","N351FR","BNA","15:36","15:41","5","0","0","0","0","0"
"F9","02/22/2024","1450","N305FR","ATL","00:57","00:45","-12","0","0","0","0","0"
"F9","02/22/2024","1509","N367FR","LAS","05:30","05:28","-2","0","0","0","0","0"
"F9","02/22/2024","1584","N389FR","FAR","09:35","09:30","-5","0","0","0","0","0"
"F9","02/22/2024","1587","N373FR","LAS","08:25","08:15","-10","0","0","0","0","0"
"F9","02/22/2024","1608","N713FR","MKE","11:16","11:53","37","37","0","14","0","0"
"F9","02/22/2024","1698","N365FR","DFW","08:20","08:19","-1","0","0","0","0","0"
"F9","02/22/2024","1734","N712FR","MCO","00:49","00:49","0","0","0","0","0","0"
"F9","02/22/2024","1816","N229FR","AUS","19:35","19:39","4","0","0","0","0","0"
"F9","02/22/2024","1819","N312FR","PHX","09:55","10:23","28","15","0","14","0","13"
"F9","02/22/2024","1864","N385FR","OKC","11:01","11:41","40","0","0","14","0","40"
"F9","02/22/2024","1918","N332FR","CLE","15:29","15:45","16","0","0","0","0","0"
"F9","02/22/2024","1993","N328FR","LAS","10:53","10:50","-3","0","0","17","0","0"
"F9","02/22/2024","2141","N349FR","PHX","12:51","12:44","-7","0","0","0","0","0"
"F9","02/22/2024","2148","N229FR","DFW","13:27","13:26","-1","0","0","0","0","0"
"F9","02/22/2024","2179","N349FR","SAN","06:00","05:55","-5","0","0","0","0","0"
"F9","02/22/2024","2210","N350FR","MDW","07:05","07:16","11","0","0","0","0","0"
"F9","02/22/2024","2261","N352FR","ELP","05:30","05:22","-8","0","0","0","0","0"
"F9","02/22/2024","2348","N349FR","IND","18:30","18:30","0","0","0","0","0","0"
"F9","02/22/2024","2349","N328FR","LAS","16:58","16:48","-10","0","0","0","0","0"
"F9","02/22/2024","2356","N317FR","SAT","05:05","04:57","-8","0","0","0","0","0"
"F9","02/22/2024","2438","N360FR","RDU","16:14","16:14","0","0","0","0","0","0"
"F9","02/22/2024","2454","N332FR","PNS","07:15","07:10","-5","0","0","0","0","0"
"F9","02/22/2024","2575","N317FR","SNA","11:40","11:36","-4","0","0","0","0","0"
"F9","02/22/2024","2596","N310FR","OMA","17:48","17:42","-6","0","0","0","0","0"
"F9","02/22/2024","2632","N361FR","DFW","17:47","17:37","-10","0","0","0","0","0"
"F9","02/22/2024","2681","N328FR","ONT","22:54","23:17","23","0","0","0","0","0"
"F9","02/22/2024","2734","N385FR","RSW","16:01","17:39","98","0","0","0","0","62"
"F9","02/22/2024","2746","N709FR","TPA","09:19","09:28","9","0","0","9","0","9"
"F9","02/22/2024","2766","N317FR","HOU","18:48","19:33","45","0","0","0","0","0"
"F9","02/22/2024","2817","N388FR","SAN","16:25","16:20","-5","0","0","0","0","0"
"F9","02/22/2024","3084","N625FR","MCO","07:30","07:27","-3","0","0","0","0","0"
"F9","02/22/2024","3230","N373FR","IAH","15:32","15:26","-6","0","0","0","0","0"
"F9","02/22/2024","3286","N236FR","CVG","05:05","05:07","2","0","0","0","0","0"
"F9","02/22/2024","3294","N383FR","ATL","08:34","08:28","-6","0","0","0","0","0"
"F9","02/22/2024","3312","N367FR","MCO","12:07","12:00","-7","0","0","0","0","0"
"F9","02/22/2024","3376","N344FR","MCI","06:35","06:24","-11","0","0","0","0","0"
"F9","02/22/2024","3465","N312FR","PHX","15:51","16:16","25","8","0","19","0","17"
"F9","02/22/2024","3566","N229FR","DTW","05:15","05:05","-10","0","0","0","0","0"
"F9","02/22/2024","3719","N312FR","PHX","21:36","21:39","3","0","0","0","0","0"
"F9","02/22/2024","3843","N713FR","LAS","19:54","19:46","-8","0","0","0","0","0"
"F9","02/22/2024","3882","N603FR","MSY","17:50","17:47","-3","0","0","0","0","0"
"F9","02/22/2024","4070","N365FR","DFW","21:34","21:23","-11","0","0","0","0","0"
"F9","02/22/2024","4251","N344FR","SLC","23:02","23:06","4","0","0","0","0","0"
"F9","02/22/2024","4927","N373FR","SAN","22:26","22:29","3","0","0","0","0","0"
"F9","02/22/2024","4967","N367FR","LAS","22:52","22:42","-10","0","0","0","0","0"
"F9","02/23/2024","0086","N603FR","STL","05:50","05:47","-3","0","0","0","0","0"
"F9","02/23/2024","0686","N235FR","DCA","07:00","06:51","-9","0","0","0","0","0"
"F9","02/23/2024","0688","N350FR","DCA","12:24","12:18","-6","0","0","0","0","0"
"F9","02/23/2024","0690","N379FR","DCA","16:38","16:27","-11","0","0","0","0","0"
"F9","02/23/2024","1093","N236FR","SFO","05:05","05:01","-4","0","0","0","0","0"
"F9","02/23/2024","1114","N351FR","TPA","00:13","00:04","-9","0","0","0","0","0"
"F9","02/23/2024","1128","N229FR","OMA","07:00","06:54","-6","0","0","0","0","0"
"F9","02/23/2024","1150","N373FR","MSP","10:53","10:46","-7","0","0","0","0","0"
"F9","02/23/2024","1162","N388FR","HOU","15:22","15:16","-6","0","0","0","0","0"
"F9","02/23/2024","1227","N236FR","SLC","12:37","12:36","-1","0","0","0","0","0"
"F9","02/23/2024","1261","N335FR","ONT","14:22","14:15","-7","0","0","0","0","0"
"F9","02/23/2024","1280","N310FR","MIA","00:05","23:59","-6","0","0","0","0","0"
"F9","02/23/2024","1292","N633FR","MSP","20:35","20:24","-11","0","0","0","0","0"
"F9","02/23/2024","1324","N350FR","DFW","06:00","06:00","0","0","0","0","0","0"
"F9","02/23/2024","1362","N713FR","CLT","16:41","16:35","-6","0","0","0","0","0"
"F9","02/23/2024","1375","N720FR","PHX","07:55","07:46","-9","0","0","0","0","0"
"F9","02/23/2024","1402","N710FR","BNA","05:40","05:33","-7","0","0","0","0","0"
"F9","02/23/2024","1450","N383FR","ATL","00:27","00:36","9","0","0","0","0","0"
"F9","02/23/2024","1499","N388FR","ONT","22:25","22:28","3","0","0","0","0","0"
"F9","02/23/2024","1509","N385FR","LAS","06:00","05:54","-6","0","0","0","0","0"
"F9","02/23/2024","1560","N344FR","MSN","08:25","08:15","-10","0","0","0","0","0"
"F9","02/23/2024","1584","N336FR","FAR","10:12","10:04","-8","0","0","0","0","0"
"F9","02/23/2024","1587","N328FR","LAS","10:35","10:26","-9","0","0","0","0","0"
"F9","02/23/2024","1608","N360FR","MKE","05:05","05:10","5","0","0","0","0","0"
"F9","02/23/2024","1698","N382FR","DFW","08:10","08:12","2","0","0","0","0","0"
"F9","02/23/2024","1734","N386FR","MCO","00:55","00:51","-4","0","0","0","0","0"
"F9","02/23/2024","1789","N348FR","PDX","05:01","04:59","-2","0","0","0","0","0"
"F9","02/23/2024","1816","N360FR","AUS","19:22","19:16","-6","0","0","0","0","0"
"F9","02/23/2024","1819","N379FR","PHX","09:55","09:48","-7","0","0","0","0","0"
"F9","02/23/2024","2015","N349FR","LAS","13:42","13:34","-8","0","0","0","0","0"
"F9","02/23/2024","2141","N317FR","PHX","12:38","12:54","16","0","0","0","0","0"
"F9","02/23/2024","2148","N385FR","DFW","12:06","12:11","5","0","0","0","0","0"
"F9","02/23/2024","2179","N360FR","SAN","12:21","12:16","-5","0","0","0","0","0"
"F9","02/23/2024","2210","N352FR","MDW","07:05","07:04","-1","0","0","0","0","0"
"F9","02/23/2024","2261","N235FR","ELP","16:49","17:05","16","0","0","0","0","0"
"F9","02/23/2024","2360","N361FR","MSY","14:56","14:46","-10","0","0","0","0","0"
"F9","02/23/2024","2429","N610FR","LAS","17:08","17:07","-1","0","0","0","0","0"
"F9","02/23/2024","2438","N710FR","RDU","13:38","13:25","-13","0","0","0","0","0"
"F9","02/23/2024","2454","N388FR","PNS","07:10","07:04","-6","0","0","0","0","0"
"F9","02/23/2024","2575","N349FR","SNA","06:40","06:29","-11","0","0","0","0","0"
"F9","02/23/2024","2632","N336FR","DFW","18:30","18:21","-9","0","0","0","0","0"
"F9","02/23/2024","2734","N389FR","RSW","14:28","14:20","-8","0","0","0","0","0"
"F9","02/23/2024","2746","N709FR","TPA","09:19","09:27","8","0","0","0","0","0"
"F9","02/23/2024","2795","N332FR","SEA","17:25","17:19","-6","0","0","0","0","0"
"F9","02/23/2024","2817","N328FR","SAN","16:49","16:42","-7","0","0","0","0","0"
"F9","02/23/2024","3084","N332FR","MCO","07:20","07:30","10","0","0","0","0","0"
"F9","02/23/2024","3230","N317FR","IAH","05:30","05:42","12","0","0","0","0","0"
"F9","02/23/2024","3286","N229FR","CVG","12:12","12:02","-10","0","0","0","0","0"
"F9","02/23/2024","3294","N335FR","ATL","05:30","05:20","-10","0","0","0","0","0"
"F9","02/23/2024","3312","N348FR","MCO","12:25","12:21","-4","0","0","0","0","0"
"F9","02/23/2024","3376","N318FR","MCI","06:35","06:25","-10","0","0","0","0","0"
"F9","02/23/2024","3465","N344FR","PHX","15:51","15:42","-9","0","0","0","0","0"
"F9","02/23/2024","3566","N713FR","DTW","08:05","08:20","15","0","0","0","0","0"
"F9","02/23/2024","3719","N344FR","PHX","21:36","21:26","-10","0","0","0","0","0"
"F9","02/23/2024","3843","N373FR","LAS","19:52","19:50","-2","0","0","0","0","0"
"F9","02/23/2024","3861","N229FR","SLC","20:02","19:58","-4","0","0","0","0","0"
"F9","02/23/2024","4070","N317FR","DFW","21:18","21:08","-10","0","0","0","0","0"
"F9","02/23/2024","4251","N350FR","SLC","22:28","23:19","51","51","0","2","0","0"
"F9","02/23/2024","4558","N385FR","FSD","18:26","19:01","35","0","0","0","0","0"
"F9","02/23/2024","4626","N389FR","MEM","07:30","07:22","-8","0","0","0","0","0"
"F9","02/23/2024","4714","N324FR","TPA","23:53","23:47","-6","0","0","0","0","0"
"F9","02/23/2024","4876","N236FR","CID","17:43","17:32","-11","0","0","0","0","0"
"F9","02/23/2024","4927","N361FR","SAN","22:18","22:13","-5","0","0","0","0","0"
"F9","02/23/2024","4967","N710FR","LAS","22:52","22:49","-3","0","0","0","0","0"
"F9","02/24/2024","0086","N713FR","STL","05:50","06:14","24","0","0","0","0","0"
"F9","02/24/2024","0686","N385FR","DCA","07:00","06:58","-2","0","0","0","0","0"
"F9","02/24/2024","0688","N389FR","DCA","12:39","12:33","-6","0","0","0","0","0"
"F9","02/24/2024","0690","N379FR","DCA","16:38","16:31","-7","0","0","0","0","0"
"F9","02/24/2024","1093","N389FR","SFO","05:35","05:29","-6","0","0","0","0","0"
"F9","02/24/2024","1150","N236FR","MSP","07:35","07:28","-7","0","0","0","0","0"
"F9","02/24/2024","1175","N383FR","SEA","15:54","16:10","16","1","0","0","0","14"
"F9","02/24/2024","1227","N336FR","SLC","12:39","12:27","-12","0","0","0","0","0"
"F9","02/24/2024","1261","N335FR","ONT","14:54","14:41","-13","0","0","0","0","0"
"F9","02/24/2024","1280","N722FR","MIA","00:59","01:26","27","0","0","0","0","0"
"F9","02/24/2024","1292","N717FR","MSP","20:35","20:51","16","0","0","0","0","0"
"F9","02/24/2024","1324","N336FR","DFW","06:10","06:06","-4","0","0","0","0","0"
"F9","02/24/2024","1362","N229FR","CLT","15:21","15:16","-5","0","0","0","0","0"
"F9","02/24/2024","1375","N313FR","PHX","07:40","07:32","-8","0","0","0","0","0"
"F9","02/24/2024","1402","N350FR","BNA","08:25","08:48","23","0","0","0","0","0"
"F9","02/24/2024","1450","N235FR","ATL","00:27","00:22","-5","0","0","0","0","0"
"F9","02/24/2024","1499","N361FR","ONT","22:11","22:00","-11","0","0","0","0","0"
"F9","02/24/2024","1509","N382FR","LAS","07:10","07:00","-10","0","0","0","0","0"
"F9","02/24/2024","1584","N379FR","FAR","10:35","10:25","-10","0","0","0","0","0"
"F9","02/24/2024","1698","N303FR","DFW","08:10","08:05","-5","0","0","0","0","0"
"F9","02/24/2024","1734","N603FR","MCO","00:55","00:51","-4","0","0","0","0","0"
"F9","02/24/2024","1819","N393FR","PHX","09:55","09:52","-3","0","0","0","0","0"
"F9","02/24/2024","1993","N332FR","LAS","10:54","10:48","-6","0","0","0","0","0"
"F9","02/24/2024","2015","N382FR","LAS","13:09","12:57","-12","0","0","0","0","0"
"F9","02/24/2024","2108","N332FR","FSD","05:30","05:26","-4","0","0","0","0","0"
"F9","02/24/2024","2141","N352FR","PHX","13:01","12:53","-8","0","0","0","0","0"
"F9","02/24/2024","2148","N361FR","DFW","10:53","10:46","-7","0","0","0","0","0"
"F9","02/24/2024","2210","N377FR","MDW","07:40","07:53","13","0","0","0","0","0"
"F9","02/24/2024","2261","N352FR","ELP","06:00","06:00","0","0","0","0","0","0"
"F9","02/24/2024","2349","N332FR","LAS","16:59","16:49","-10","0","0","0","0","0"
"F9","02/24/2024","2429","N382FR","LAS","19:07","18:56","-11","0","0","0","0","0"
"F9","02/24/2024","2438","N385FR","RDU","16:30","16:27","-3","0","0","0","0","0"
"F9","02/24/2024","2454","N328FR","PNS","07:20","07:10","-10","0","0","0","0","0"
"F9","02/24/2024","2575","N335FR","SNA","08:05","07:53","-12","0","0","0","0","0"
"F9","02/24/2024","2596","N361FR","OMA","17:02","16:52","-10","0","0","0","0","0"
"F9","02/24/2024","2632","N360FR","DFW","19:02","19:22","20","0","0","0","0","0"
"F9","02/24/2024","2734","N350FR","RSW","16:01","15:53","-8","0","0","0","0","0"
"F9","02/24/2024","2746","N709FR","TPA","09:19","09:18","-1","0","0","0","0","0"
"F9","02/24/2024","2817","N328FR","SAN","15:41","15:35","-6","0","0","0","0","0"
"F9","02/24/2024","3084","N383FR","MCO","06:00","05:58","-2","0","0","0","0","0"
"F9","02/24/2024","3230","N236FR","IAH","14:22","14:16","-6","0","0","0","0","0"
"F9","02/24/2024","3286","N609FR","CVG","05:30","05:50","20","0","0","0","0","0"
"F9","02/24/2024","3294","N387FR","ATL","12:01","11:55","-6","0","0","0","0","0"
"F9","02/24/2024","3312","N388FR","MCO","12:20","12:13","-7","0","0","0","0","0"
"F9","02/24/2024","3465","N393FR","PHX","15:51","15:45","-6","0","0","0","0","0"
"F9","02/24/2024","3861","N352FR","SLC","18:59","18:47","-12","0","0","0","0","0"
"F9","02/24/2024","3882","N336FR","MSY","17:45","17:33","-12","0","0","0","0","0"
"F9","02/24/2024","3981","N236FR","SLC","21:18","21:24","6","0","0","0","0","0"
"F9","02/24/2024","4070","N303FR","DFW","21:18","21:10","-8","0","0","0","0","0"
"F9","02/24/2024","4635","N393FR","PHX","21:56","21:47","-9","0","0","0","0","0"
"F9","02/24/2024","4927","N328FR","SAN","22:26","22:19","-7","0","0","0","0","0"
"F9","02/24/2024","4967","N389FR","LAS","22:52","22:44","-8","0","0","0","0","0"
"F9","02/25/2024","0086","N713FR","STL","05:50","05:48","-2","0","0","0","0","0"
"F9","02/25/2024","0686","N318FR","DCA","06:50","06:45","-5","0","0","0","0","0"
"F9","02/25/2024","0688","N350FR","DCA","12:11","12:54","43","0","0","0","0","23"
"F9","02/25/2024","0690","N379FR","DCA","16:38","16:28","-10","0","0","0","0","0"
"F9","02/25/2024","1093","N348FR","SFO","05:30","05:30","0","0","0","0","0","0"
"F9","02/25/2024","1114","N332FR","TPA","00:28","01:26","58","43","0","0","0","0"
"F9","02/25/2024","1150","N379FR","MSP","10:12","10:07","-5","0","0","0","0","0"
"F9","02/25/2024","1175","N385FR","SEA","16:59","16:59","0","0","0","0","0","0"
"F9","02/25/2024","1215","N350FR","SLC","07:03","08:12","69","52","0","0","0","0"
"F9","02/25/2024","1227","N352FR","SLC","12:41","12:41","0","0","0","0","0","0"
"F9","02/25/2024","1261","N348FR","ONT","12:59","12:56","-3","0","0","0","0","0"
"F9","02/25/2024","1280","N335FR","MIA","00:04","23:59","-5","0","0","0","0","0"
"F9","02/25/2024","1292","N631FR","MSP","20:35","20:46","11","0","0","0","0","0"
"F9","02/25/2024","1324","N376FR","DFW","05:55","05:58","3","0","0","0","0","0"
"F9","02/25/2024","1362","N342FR","CLT","16:42","16:42","0","0","0","0","0","0"
"F9","02/25/2024","1375","N609FR","PHX","07:40","07:30","-10","0","0","0","0","0"
"F9","02/25/2024","1402","N236FR","BNA","08:25","08:19","-6","0","0","0","0","0"
"F9","02/25/2024","1450","N235FR","ATL","00:57","00:55","-2","0","0","0","0","0"
"F9","02/25/2024","1509","N352FR","LAS","06:35","06:35","0","0","0","0","0","0"
"F9","02/25/2024","1584","N376FR","FAR","12:15","12:05","-10","0","0","0","0","0"
"F9","02/25/2024","1587","N361FR","LAS","10:35","10:27","-8","0","0","0","0","0"
"F9","02/25/2024","1698","N365FR","DFW","08:35","08:26","-9","0","0","0","0","0"
"F9","02/25/2024","1734","N331FR","MCO","00:55","00:54","-1","0","0","0","0","0"
"F9","02/25/2024","1778","N356FR","IND","05:02","05:02","0","0","0","0","0","0"
"F9","02/25/2024","1789","N383FR","PDX","05:15","05:07","-8","0","0","0","0","0"
"F9","02/25/2024","1818","N313FR","AUS","19:34","19:27","-7","0","0","0","0","0"
"F9","02/25/2024","1819","N344FR","PHX","09:51","09:42","-9","0","0","0","0","0"
"F9","02/25/2024","1864","N360FR","OKC","12:55","12:49","-6","0","0","0","0","0"
"F9","02/25/2024","1918","N377FR","CLE","15:49","15:43","-6","0","0","0","0","0"
"F9","02/25/2024","2015","N313FR","LAS","13:53","13:49","-4","0","0","0","0","0"
"F9","02/25/2024","2105","N229FR","PHX","12:19","12:18","-1","0","0","0","0","0"
"F9","02/25/2024","2148","N328FR","DFW","10:53","10:47","-6","0","0","0","0","0"
"F9","02/25/2024","2179","N389FR","SAN","12:38","12:30","-8","0","0","0","0","0"
"F9","02/25/2024","2210","N310FR","MDW","07:40","07:30","-10","0","0","0","0","0"
"F9","02/25/2024","2261","N383FR","ELP","12:43","12:39","-4","0","0","0","0","0"
"F9","02/25/2024","2356","N229FR","SAT","05:35","05:32","-3","0","0","0","0","0"
"F9","02/25/2024","2429","N328FR","LAS","17:02","17:11","9","0","0","0","0","0"
"F9","02/25/2024","2438","N361FR","RDU","16:44","16:42","-2","0","0","0","0","0"
"F9","02/25/2024","2454","N377FR","PNS","07:30","07:20","-10","0","0","0","0","0"
"F9","02/25/2024","2575","N318FR","SNA","16:18","16:06","-12","0","0","0","0","0"
"F9","02/25/2024","2596","N352FR","OMA","17:47","17:44","-3","0","0","0","0","0"
"F9","02/25/2024","2632","N360FR","DFW","18:09","17:59","-10","0","0","0","0","0"
"F9","02/25/2024","2681","N352FR","ONT","23:01","23:09","8","0","0","0","0","0"
"F9","02/25/2024","2734","N610FR","RSW","13:53","13:51","-2","0","0","0","0","0"
"F9","02/25/2024","2746","N634FR","TPA","09:19","09:15","-4","0","0","0","0","0"
"F9","02/25/2024","2766","N229FR","HOU","18:22","18:15","-7","0","0","0","0","0"
"F9","02/25/2024","2817","N236FR","SAN","16:02","16:05","3","0","0","0","0","0"
"F9","02/25/2024","3084","N385FR","MCO","07:00","06:57","-3","0","0","0","0","0"
"F9","02/25/2024","3230","N389FR","IAH","05:30","05:30","0","0","0","0","0","0"
"F9","02/25/2024","3286","N360FR","CVG","05:05","04:55","-10","0","0","0","0","0"
"F9","02/25/2024","3294","N313FR","ATL","05:05","05:06","1","0","0","0","0","0"
"F9","02/25/2024","3312","N356FR","MCO","12:25","13:34","69","0","0","0","0","40"
"F9","02/25/2024","3376","N336FR","MCI","06:35","06:25","-10","0","0","0","0","0"
"F9","02/25/2024","3467","N371FR","PHX","16:03","16:15","12","0","0","0","0","0"
"F9","02/25/2024","3566","N610FR","DTW","05:20","05:20","0","0","0","0","0","0"
"F9","02/25/2024","3674","N376FR","MKE","18:14","18:10","-4","0","0","0","0","0"
"F9","02/25/2024","3843","N389FR","LAS","19:54","19:46","-8","0","0","0","0","0"
"F9","02/25/2024","3882","N383FR","MSY","18:25","18:14","-11","0","0","0","0","0"
"F9","02/25/2024","4070","N365FR","DFW","21:39","21:42","3","0","0","0","0","0"
"F9","02/25/2024","4251","N318FR","SLC","23:02","22:57","-5","0","0","0","0","0"
"F9","02/25/2024","4635","N350FR","PHX","21:56","21:59","3","0","0","0","0","0"
"F9","02/25/2024","4967","N336FR","LAS","22:52","22:46","-6","0","0","0","0","0"
"F9","02/25/2024","4989","N236FR","SAN","22:47","22:57","10","0","0","14","0","10"
"F9","02/26/2024","0086","N610FR","STL","05:50","05:39","-11","0","0","0","0","0"
"F9","02/26/2024","0686","N376FR","DCA","07:00","06:53","-7","0","0","0","0","0"
"F9","02/26/2024","0688","N229FR","DCA","12:39","12:35","-4","0","0","0","0","0"
"F9","02/26/2024","0690","N379FR","DCA","16:38","17:02","24","0","0","0","0","19"
"F9","02/26/2024","1093","N361FR","SFO","07:30","08:14","44","0","0","53","0","0"
"F9","02/26/2024","1114","N360FR","TPA","00:28","00:26","-2","0","0","0","0","0"
"F9","02/26/2024","1128","N371FR","OMA","07:00","06:50","-10","0","0","0","0","0"
"F9","02/26/2024","1150","N379FR","MSP","10:12","10:13","1","0","0","0","0","0"
"F9","02/26/2024","1162","N316FR","HOU","15:56","16:56","60","15","0","3","0","45"
"F9","02/26/2024","1227","N389FR","SLC","14:18","15:04","46","17","0","0","0","29"
"F9","02/26/2024","1261","N371FR","ONT","12:14","12:27","13","0","0","13","0","13"
"F9","02/26/2024","1280","N348FR","MIA","00:08","00:08","0","0","0","0","0","0"
"F9","02/26/2024","1292","N621FR","MSP","20:35","21:16","41","1","0","0","0","26"
"F9","02/26/2024","1324","N342FR","DFW","06:00","06:00","0","0","0","0","0","0"
"F9","02/26/2024","1362","N377FR","CLT","15:17","16:02","45","4","0","17","0","41"
"F9","02/26/2024","1375","N229FR","PHX","06:00","05:55","-5","0","0","0","0","0"
"F9","02/26/2024","1402","N388FR","BNA","05:35","05:28","-7","0","0","0","0","0"
"F9","02/26/2024","1450","N387FR","ATL","00:27","00:21","-6","0","0","0","0","0"
"F9","02/26/2024","1499","N352FR","ONT","22:04","22:24","20","0","0","15","0","20"
"F9","02/26/2024","1509","N328FR","LAS","07:35","07:37","2","0","0","0","0","0"
"F9","02/26/2024","1584","N390FR","FAR","15:41","17:20","99","0","0","0","0","97"
"F9","02/26/2024","1608","N316FR","MKE","08:28","08:22","-6","0","0","0","0","0"
"F9","02/26/2024","1698","N365FR","DFW","08:10","08:07","-3","0","0","0","0","0"
"F9","02/26/2024","1734","N370FR","MCO","00:29","00:41","12","0","0","0","0","0"
"F9","02/26/2024","1789","N301FR","PDX","05:30","05:22","-8","0","0","0","0","0"
"F9","02/26/2024","1816","N389FR","AUS","19:24","20:01","37","0","0","0","0","19"
"F9","02/26/2024","1819","N713FR","PHX","08:15","08:05","-10","0","0","24","0","0"
"F9","02/26/2024","1993","N390FR","LAS","11:26","11:42","16","0","0","11","0","16"
"F9","02/26/2024","2015","N328FR","LAS","13:35","14:18","43","0","0","26","0","43"
"F9","02/26/2024","2105","N352FR","PHX","10:15","10:06","-9","0","0","0","0","0"
"F9","02/26/2024","2108","N390FR","FSD","06:00","05:52","-8","0","0","0","0","0"
"F9","02/26/2024","2141","N310FR","PHX","12:26","13:00","34","0","0","6","0","34"
"F9","02/26/2024","2148","N388FR","DFW","13:13","13:48","35","0","0","0","0","24"
"F9","02/26/2024","2179","N236FR","SAN","10:53","10:44","-9","0","0","0","0","0"
"F9","02/26/2024","2210","N385FR","MDW","07:05","07:12","7","0","0","0","0","0"
"F9","02/26/2024","2360","N313FR","MSY","13:57","14:23","26","0","0","0","0","0"
"F9","02/26/2024","2429","N236FR","LAS","17:41","17:39","-2","0","0","26","0","0"
"F9","02/26/2024","2438","N383FR","RDU","15:56","16:24","28","0","0","0","0","0"
"F9","02/26/2024","2454","N377FR","PNS","07:00","06:54","-6","0","0","0","0","0"
"F9","02/26/2024","2575","N301FR","SNA","12:52","13:20","28","0","0","16","0","28"
"F9","02/26/2024","2604","N342FR","MSN","17:54","18:19","25","0","0","12","0","25"
"F9","02/26/2024","2632","N388FR","DFW","19:21","20:40","79","0","0","0","0","60"
"F9","02/26/2024","2734","N361FR","RSW","15:58","15:48","-10","0","0","0","0","0"
"F9","02/26/2024","2746","N634FR","TPA","09:19","09:12","-7","0","0","0","0","0"
"F9","02/26/2024","2795","N719FR","SEA","18:03","19:32","89","8","0","0","0","57"
"F9","02/26/2024","2817","N376FR","SAN","16:28","17:14","46","0","0","7","0","46"
"F9","02/26/2024","3084","N383FR","MCO","06:00","05:58","-2","0","0","0","0","0"
"F9","02/26/2024","3230","N310FR","IAH","05:15","05:07","-8","0","0","0","0","0"
"F9","02/26/2024","3286","N613FR","CVG","05:30","05:30","0","0","0","0","0","0"
"F9","02/26/2024","3294","N318FR","ATL","08:34","08:49","15","0","0","0","0","0"
"F9","02/26/2024","3312","N717FR","MCO","11:18","11:44","26","0","0","0","0","0"
"F9","02/26/2024","3376","N342FR","MCI","12:23","12:46","23","0","0","0","0","0"
"F9","02/26/2024","3467","N352FR","PHX","16:13","16:55","42","0","0","6","0","42"
"F9","02/26/2024","3566","N313FR","DTW","05:25","05:15","-10","0","0","0","0","0"
"F9","02/26/2024","3843","N372FR","LAS","19:54","20:12","18","0","0","0","0","0"
"F9","02/26/2024","3861","N301FR","SLC","19:34","20:01","27","0","0","0","0","18"
"F9","02/26/2024","4070","N365FR","DFW","21:24","21:25","1","0","0","0","0","0"
"F9","02/26/2024","4251","N316FR","SLC","22:53","23:14","21","0","0","0","0","0"
"F9","02/26/2024","4386","N389FR","CID","07:45","07:35","-10","0","0","0","0","0"
"F9","02/26/2024","4417","N344FR","ELP","18:18","18:29","11","0","0","26","0","11"
"F9","02/26/2024","4611","N606FR","LAS","22:42","22:33","-9","0","0","0","0","0"
"F9","02/26/2024","4626","N716FR","MEM","07:38","16:00","502","0","0","0","0","499"
"F9","02/26/2024","4920","N393FR","MCO","23:50","23:53","3","0","0","0","0","0"
"F9","02/26/2024","4927","N371FR","SAN","22:26","00:15","109","36","0","26","0","73"
"F9","02/27/2024","0086","N722FR","STL","05:50","05:49","-1","0","0","0","0","0"
"F9","02/27/2024","0686","N236FR","DCA","07:00","06:51","-9","0","0","0","0","0"
"F9","02/27/2024","0688","N361FR","DCA","12:39","13:04","25","0","0","0","0","0"
"F9","02/27/2024","0690","N352FR","DCA","16:38","17:34","56","0","0","0","0","31"
"F9","02/27/2024","1093","N390FR","SFO","07:30","07:53","23","0","0","0","0","0"
"F9","02/27/2024","1114","N229FR","TPA","00:13","00:03","-10","0","0","0","0","0"
"F9","02/27/2024","1150","N352FR","MSP","11:26","11:27","1","0","0","0","0","0"
"F9","02/27/2024","1215","N316FR","SLC","08:25","08:17","-8","0","0","0","0","0"
"F9","02/27/2024","1227","N356FR","SLC","12:33","12:26","-7","0","0","0","0","0"
"F9","02/27/2024","1261","N379FR","ONT","10:22","10:39","17","0","0","19","0","17"
"F9","02/27/2024","1280","N713FR","MIA","00:59","00:59","0","0","0","0","0","0"
"F9","02/27/2024","1292","N718FR","MSP","20:35","21:18","43","0","0","0","0","31"
"F9","02/27/2024","1324","N356FR","DFW","06:10","06:00","-10","0","0","0","0","0"
"F9","02/27/2024","1375","N377FR","PHX","07:55","07:48","-7","0","0","0","0","0"
"F9","02/27/2024","1450","N342FR","ATL","00:57","01:46","49","17","0","0","0","0"
"F9","02/27/2024","1499","N390FR","ONT","21:28","22:07","39","0","0","0","0","0"
"F9","02/27/2024","1509","N347FR","LAS","07:15","07:14","-1","0","0","0","0","0"
"F9","02/27/2024","1587","N383FR","LAS","10:50","11:21","31","0","31","25","0","0"
"F9","02/27/2024","1698","N317FR","DFW","08:10","08:17","7","0","0","0","0","0"
"F9","02/27/2024","1778","N232FR","IND","16:28","16:56","28","0","0","0","0","0"
"F9","02/27/2024","1819","N232FR","PHX","10:00","11:00","60","0","21","32","0","39"
"F9","02/27/2024","1864","N390FR","OKC","16:15","16:08","-7","0","0","0","0","0"
"F9","02/27/2024","1918","N388FR","CLE","15:22","15:19","-3","0","0","0","0","0"
"F9","02/27/2024","2015","N391FR","LAS","13:14","14:17","63","0","0","0","0","53"
"F9","02/27/2024","2108","N301FR","FSD","06:45","06:40","-5","0","0","0","0","0"
"F9","02/27/2024","2141","N385FR","PHX","12:38","12:32","-6","0","0","0","0","0"
"F9","02/27/2024","2148","N301FR","DFW","12:10","13:57","107","0","0","0","0","100"
"F9","02/27/2024","2179","N371FR","SAN","10:53","11:03","10","0","10","47","0","0"
"F9","02/27/2024","2210","N389FR","MDW","07:05","06:57","-8","0","0","0","0","0"
"F9","02/27/2024","2349","N383FR","LAS","16:58","17:37","39","0","0","0","0","27"
"F9","02/27/2024","2360","N313FR","MSY","14:02","14:27","25","0","0","0","0","0"
"F9","02/27/2024","2429","N347FR","LAS","19:11","19:04","-7","0","0","0","0","0"
"F9","02/27/2024","2454","N372FR","PNS","07:00","07:22","22","0","0","0","0","0"
"F9","02/27/2024","2632","N371FR","DFW","18:14","18:02","-12","0","0","0","0","0"
"F9","02/27/2024","2746","N709FR","TPA","09:29","09:27","-2","0","0","36","0","0"
"F9","02/27/2024","2817","N376FR","SAN","15:41","15:32","-9","0","0","0","0","0"
"F9","02/27/2024","3230","N385FR","IAH","05:30","05:26","-4","0","0","0","0","0"
"F9","02/27/2024","3286","N313FR","CVG","05:30","05:24","-6","0","0","0","0","0"
"F9","02/27/2024","3294","N376FR","ATL","05:30","05:24","-6","0","0","0","0","0"
"F9","02/27/2024","3376","N606FR","MCI","06:15","06:04","-11","0","0","0","0","0"
"F9","02/27/2024","3467","N372FR","PHX","15:58","15:56","-2","0","0","0","0","0"
"F9","02/27/2024","3861","N356FR","SLC","17:39","17:30","-9","0","0","0","0","0"
"F9","02/27/2024","4070","N313FR","DFW","21:18","21:33","15","0","0","0","0","0"
"F9","02/27/2024","4635","N317FR","PHX","22:09","21:56","-13","0","0","0","0","0"
"F9","02/27/2024","4927","N385FR","SAN","22:26","22:27","1","0","0","0","0","0"
"F9","02/27/2024","4967","N361FR","LAS","22:52","22:50","-2","0","0","0","0","0"
"F9","02/28/2024","0086","N722FR","STL","05:50","05:46","-4","0","0","0","0","0"
"F9","02/28/2024","0686","N372FR","DCA","07:00","06:50","-10","0","0","0","0","0"
"F9","02/28/2024","0688","N328FR","DCA","12:39","13:06","27","0","0","0","0","0"
"F9","02/28/2024","0690","N372FR","DCA","16:38","17:12","34","0","0","27","0","0"
"F9","02/28/2024","1093","N377FR","SFO","07:30","08:17","47","0","0","26","0","0"
"F9","02/28/2024","1114","N371FR","TPA","00:58","00:48","-10","0","0","0","0","0"
"F9","02/28/2024","1150","N301FR","MSP","10:10","10:03","-7","0","0","0","0","0"
"F9","02/28/2024","1162","N382FR","HOU","15:56","15:47","-9","0","0","0","0","0"
"F9","02/28/2024","1215","N356FR","SLC","08:25","08:18","-7","0","0","0","0","0"
"F9","02/28/2024","1227","N238FR","SLC","12:56","13:08","12","0","0","0","0","0"
"F9","02/28/2024","1261","N352FR","ONT","10:12","10:39","27","0","0","0","0","0"
"F9","02/28/2024","1280","N335FR","MIA","00:59","01:14","15","0","0","0","0","0"
"F9","02/28/2024","1292","N603FR","MSP","20:35","20:24","-11","0","0","0","0","0"
"F9","02/28/2024","1324","N238FR","DFW","06:10","07:30","80","59","0","0","0","0"
"F9","02/28/2024","1375","N719FR","PHX","07:55","07:59","4","0","0","0","0","0"
"F9","02/28/2024","1450","N342FR","ATL","00:57","00:50","-7","0","0","0","0","0"
"F9","02/28/2024","1499","N375FR","ONT","21:28","21:26","-2","0","0","0","0","0"
"F9","02/28/2024","1509","N383FR","LAS","06:15","06:07","-8","0","0","0","0","0"
"F9","02/28/2024","1587","N390FR","LAS","10:20","10:19","-1","0","0","0","0","0"
"F9","02/28/2024","1698","N313FR","DFW","08:10","08:01","-9","0","0","0","0","0"
"F9","02/28/2024","1734","N338FR","MCO","00:29","00:32","3","0","0","0","0","0"
"F9","02/28/2024","1787","N382FR","PDX","08:30","08:28","-2","0","0","0","0","0"
"F9","02/28/2024","1819","N376FR","PHX","09:55","09:50","-5","0","0","0","0","0"
"F9","02/28/2024","1993","N316FR","LAS","12:24","12:20","-4","0","0","0","0","0"
"F9","02/28/2024","2015","N390FR","LAS","16:28","16:16","-12","0","0","0","0","0"
"F9","02/28/2024","2108","N232FR","FSD","13:10","13:10","0","0","0","0","0","0"
"F9","02/28/2024","2141","N347FR","PHX","12:38","13:03","25","0","0","0","0","0"
"F9","02/28/2024","2148","N375FR","DFW","12:10","12:00","-10","0","0","0","0","0"
"F9","02/28/2024","2179","N385FR","SAN","10:53","10:43","-10","0","0","0","0","0"
"F9","02/28/2024","2210","N389FR","MDW","07:05","06:59","-6","0","0","0","0","0"
"F9","02/28/2024","2360","N388FR","MSY","09:00","08:51","-9","0","0","0","0","0"
"F9","02/28/2024","2429","N385FR","LAS","18:32","18:23","-9","0","0","0","0","0"
"F9","02/28/2024","2632","N352FR","DFW","18:14","18:10","-4","0","0","0","0","0"
"F9","02/28/2024","2734","N377FR","RSW","15:13","15:11","-2","0","0","0","0","0"
"F9","02/28/2024","2746","N606FR","TPA","09:19","09:20","1","0","0","0","0","0"
"F9","02/28/2024","2817","N356FR","SAN","15:41","15:29","-12","0","0","0","0","0"
"F9","02/28/2024","3230","N347FR","IAH","05:30","05:22","-8","0","0","0","0","0"
"F9","02/28/2024","3286","N379FR","CVG","05:30","05:19","-11","0","0","0","0","0"
"F9","02/28/2024","3465","N376FR","PHX","15:51","15:41","-10","0","0","0","0","0"
"F9","02/28/2024","3719","N376FR","PHX","21:36","21:30","-6","0","0","0","0","0"
"F9","02/28/2024","4070","N313FR","DFW","21:18","21:05","-13","0","0","0","0","0"
"F9","02/28/2024","4251","N301FR","SLC","22:50","22:39","-11","0","0","0","0","0"
"F9","02/28/2024","4386","N301FR","CID","16:41","16:31","-10","0","0","0","0","0"
"F9","02/28/2024","4417","N316FR","ELP","17:54","17:54","0","0","0","0","0","0"
"F9","02/28/2024","4626","N316FR","MEM","05:30","05:16","-14","0","0","0","0","0"
"F9","02/28/2024","4927","N356FR","SAN","22:26","22:16","-10","0","0","0","0","0"
"F9","02/28/2024","4967","N328FR","LAS","22:52","22:44","-8","0","0","0","0","0"
"F9","02/29/2024","0086","N722FR","STL","05:45","05:39","-6","0","0","0","0","0"
"F9","02/29/2024","0686","N352FR","DCA","07:00","06:54","-6","0","0","0","0","0"
"F9","02/29/2024","0690","N372FR","DCA","16:38","16:33","-5","0","0","0","0","0"
"F9","02/29/2024","0728","N328FR","DCA","12:39","12:32","-7","0","0","0","0","0"
"F9","02/29/2024","1093","N716FR","SFO","07:15","08:20","65","0","0","48","0","0"
"F9","02/29/2024","1114","N316FR","TPA","00:58","00:57","-1","0","0","0","0","0"
"F9","02/29/2024","1150","N372FR","MSP","10:12","10:07","-5","0","0","0","0","0"
"F9","02/29/2024","1175","N365FR","SEA","08:40","08:36","-4","0","0","0","0","0"
"F9","02/29/2024","1215","N342FR","SLC","06:00","05:52","-8","0","0","0","0","0"
"F9","02/29/2024","1227","N332FR","SLC","12:41","12:32","-9","0","0","0","0","0"
"F9","02/29/2024","1261","N379FR","ONT","12:55","12:45","-10","0","0","0","0","0"
"F9","02/29/2024","1280","N335FR","MIA","00:29","00:29","0","0","0","0","0","0"
"F9","02/29/2024","1292","N619FR","MSP","20:35","20:25","-10","0","0","0","0","0"
"F9","02/29/2024","1324","N332FR","DFW","06:10","06:03","-7","0","0","0","0","0"
"F9","02/29/2024","1362","N716FR","CLT","15:08","15:56","48","0","0","5","0","48"
"F9","02/29/2024","1375","N709FR","PHX","07:55","07:53","-2","0","0","0","0","0"
"F9","02/29/2024","1402","N375FR","BNA","15:36","15:33","-3","0","0","0","0","0"
"F9","02/29/2024","1450","N238FR","ATL","00:57","00:53","-4","0","0","0","0","0"
"F9","02/29/2024","1509","N328FR","LAS","05:30","05:31","1","0","0","0","0","0"
"F9","02/29/2024","1584","N375FR","FAR","09:35","09:24","-11","0","0","0","0","0"
"F9","02/29/2024","1587","N382FR","LAS","08:25","08:19","-6","0","0","0","0","0"
"F9","02/29/2024","1608","N377FR","MKE","11:16","11:12","-4","0","0","0","0","0"
"F9","02/29/2024","1698","N301FR","DFW","08:20","08:17","-3","0","0","0","0","0"
"F9","02/29/2024","1734","N719FR","MCO","00:49","00:51","2","0","0","0","0","0"
"F9","02/29/2024","1816","N232FR","AUS","19:35","19:23","-12","0","0","0","0","0"
"F9","02/29/2024","1819","N381FR","PHX","09:55","10:00","5","0","0","0","0","0"
"F9","02/29/2024","1864","N304FR","OKC","11:01","11:25","24","0","0","1","0","24"
"F9","02/29/2024","1918","N303FR","CLE","15:29","15:37","8","0","0","0","0","0"
"F9","02/29/2024","1993","N356FR","LAS","10:53","10:47","-6","0","0","0","0","0"
"F9","02/29/2024","2141","N369FR","PHX","12:51","12:46","-5","0","0","0","0","0"
"F9","02/29/2024","2148","N232FR","DFW","13:27","13:34","7","0","0","0","0","0"
"F9","02/29/2024","2179","N369FR","SAN","06:00","05:58","-2","0","0","0","0","0"
"F9","02/29/2024","2210","N390FR","MDW","07:05","07:02","-3","0","0","0","0","0"
"F9","02/29/2024","2261","N377FR","ELP","05:30","05:24","-6","0","0","0","0","0"
"F9","02/29/2024","2348","N377FR","IND","18:30","18:21","-9","0","0","0","0","0"
"F9","02/29/2024","2349","N352FR","LAS","16:58","17:23","25","0","0","0","0","0"
"F9","02/29/2024","2356","N351FR","SAT","05:05","04:59","-6","0","0","0","0","0"
"F9","02/29/2024","2438","N304FR","RDU","16:14","17:09","55","0","0","0","0","45"
"F9","02/29/2024","2454","N303FR","PNS","07:15","07:14","-1","0","0","0","0","0"
"F9","02/29/2024","2575","N351FR","SNA","11:40","11:35","-5","0","0","0","0","0"
"F9","02/29/2024","2596","N309FR","OMA","17:48","17:41","-7","0","0","0","0","0"
"F9","02/29/2024","2632","N332FR","DFW","17:47","17:51","4","0","0","0","0","0"
"F9","02/29/2024","2681","N352FR","ONT","22:54","22:59","5","0","0","0","0","0"
"F9","02/29/2024","2734","N344FR","RSW","16:01","15:56","-5","0","0","0","0","0"
"F9","02/29/2024","2746","N634FR","TPA","09:19","09:14","-5","0","0","0","0","0"
"F9","02/29/2024","2766","N351FR","HOU","18:48","18:38","-10","0","0","0","0","0"
"F9","02/29/2024","2817","N365FR","SAN","16:25","16:35","10","0","0","0","0","0"
"F9","02/29/2024","3084","N347FR","MCO","07:30","07:26","-4","0","0","0","0","0"
"F9","02/29/2024","3230","N382FR","IAH","15:32","15:25","-7","0","0","0","0","0"
"F9","02/29/2024","3286","N379FR","CVG","05:05","05:00","-5","0","0","0","0","0"
"F9","02/29/2024","3294","N367FR","ATL","08:34","08:31","-3","0","0","0","0","0"
"F9","02/29/2024","3312","N635FR","MCO","12:07","12:11","4","0","0","0","0","0"
"F9","02/29/2024","3376","N388FR","MCI","06:35","06:31","-4","0","0","0","0","0"
"F9","02/29/2024","3465","N381FR","PHX","15:51","15:41","-10","0","0","0","0","0"
"F9","02/29/2024","3566","N232FR","DTW","05:15","05:15","0","0","0","0","0","0"
"F9","02/29/2024","3719","N328FR","PHX","21:36","21:31","-5","0","0","0","0","0"
"F9","02/29/2024","3843","N369FR","LAS","19:54","19:44","-10","0","0","0","0","0"
"F9","02/29/2024","3882","N347FR","MSY","17:50","17:44","-6","0","0","0","0","0"
"F9","02/29/2024","4070","N381FR","DFW","21:34","22:29","55","43","0","0","0","0"
"F9","02/29/2024","4251","N309FR","SLC","23:02","22:58","-4","0","0","0","0","0"
"F9","02/29/2024","4927","N388FR","SAN","22:26","22:17","-9","0","0","0","0","0"
"F9","02/29/2024","4967","N365FR","LAS","22:52","22:57","5","0","0","0","0","0"
"F9","03/01/2024","0086","N722FR","STL","05:50","05:42","-8","0","0","0","0","0"
"F9","03/01/2024","0686","N382FR","DCA","07:00","06:50","-10","0","0","0","0","0"
"F9","03/01/2024","0688","N236FR","DCA","12:24","12:49","25","0","0","16","0","25"
"F9","03/01/2024","0690","N382FR","DCA","16:38","16:36","-2","0","0","0","0","0"
"F9","03/01/2024","1093","N369FR","SFO","05:05","04:55","-10","0","0","0","0","0"
"F9","03/01/2024","1114","N367FR","TPA","00:13","00:07","-6","0","0","0","0","0"
"F9","03/01/2024","1128","N347FR","OMA","07:00","06:58","-2","0","0","0","0","0"
"F9","03/01/2024","1150","N388FR","MSP","10:53","10:46","-7","0","0","0","0","0"
"F9","03/01/2024","1162","N360FR","HOU","15:22","15:17","-5","0","0","0","0","0"
"F9","03/01/2024","1227","N369FR","SLC","12:37","12:28","-9","0","0","0","0","0"
"F9","03/01/2024","1261","N348FR","ONT","14:22","14:15","-7","0","0","0","0","0"
"F9","03/01/2024","1280","N332FR","MIA","00:05","00:05","0","0","0","0","0","0"
"F9","03/01/2024","1292","N615FR","MSP","20:35","20:34","-1","0","0","0","0","0"
"F9","03/01/2024","1324","N236FR","DFW","06:00","06:06","6","0","0","0","0","0"
"F9","03/01/2024","1362","N716FR","CLT","16:41","16:35","-6","0","0","0","0","0"
"F9","03/01/2024","1375","N714FR","PHX","07:55","07:49","-6","0","0","21","0","0"
"F9","03/01/2024","1402","N338FR","BNA","05:40","05:43","3","0","0","0","0","0"
"F9","03/01/2024","1450","N605FR","ATL","00:27","00:27","0","0","0","0","0","0"
"F9","03/01/2024","1499","N379FR","ONT","22:25","22:44","19","18","0","0","0","0"
"F9","03/01/2024","1509","N390FR","LAS","06:00","05:59","-1","0","0","0","0","0"
"F9","03/01/2024","1560","N309FR","MSN","08:25","08:16","-9","0","0","0","0","0"
"F9","03/01/2024","1584","N379FR","FAR","10:12","10:05","-7","0","0","0","0","0"
"F9","03/01/2024","1587","N372FR","LAS","10:35","10:25","-10","0","0","0","0","0"
"F9","03/01/2024","1608","N351FR","MKE","05:05","04:55","-10","0","0","0","0","0"
"F9","03/01/2024","1698","N381FR","DFW","08:10","08:10","0","0","0","0","0","0"
"F9","03/01/2024","1734","N375FR","MCO","00:55","00:48","-7","0","0","0","0","0"
"F9","03/01/2024","1789","N328FR","PDX","05:01","05:03","2","0","0","0","0","0"
"F9","03/01/2024","1816","N351FR","AUS","19:22","19:52","30","0","0","0","0","0"
"F9","03/01/2024","1819","N352FR","PHX","09:55","09:55","0","0","0","0","0","0"
"F9","03/01/2024","2015","N377FR","LAS","13:42","14:30","48","0","0","41","0","0"
"F9","03/01/2024","2141","N358FR","PHX","12:38","12:37","-1","0","0","0","0","0"
"F9","03/01/2024","2148","N390FR","DFW","12:06","12:19","13","0","0","0","0","0"
"F9","03/01/2024","2179","N351FR","SAN","12:21","13:12","51","41","0","0","0","0"
"F9","03/01/2024","2210","N304FR","MDW","07:05","07:15","10","0","0","0","0","0"
"F9","03/01/2024","2261","N379FR","ELP","16:49","16:43","-6","0","0","0","0","0"
"F9","03/01/2024","2360","N309FR","MSY","14:56","15:05","9","0","0","0","0","0"
"F9","03/01/2024","2429","N388FR","LAS","17:08","17:59","51","0","0","54","0","0"
"F9","03/01/2024","2438","N338FR","RDU","13:38","13:28","-10","0","0","0","0","0"
"F9","03/01/2024","2454","N360FR","PNS","07:10","07:00","-10","0","0","0","0","0"
"F9","03/01/2024","2575","N377FR","SNA","06:40","06:39","-1","0","0","0","0","0"
"F9","03/01/2024","2632","N358FR","DFW","18:30","18:26","-4","0","0","0","0","0"
"F9","03/01/2024","2734","N344FR","RSW","14:28","14:21","-7","0","0","0","0","0"
"F9","03/01/2024","2746","N634FR","TPA","09:19","09:16","-3","0","0","0","0","0"
"F9","03/01/2024","2795","N635FR","SEA","17:25","17:41","16","0","0","0","0","0"
"F9","03/01/2024","2817","N331FR","SAN","16:49","16:39","-10","0","0","0","0","0"
"F9","03/01/2024","3084","N635FR","MCO","07:20","07:13","-7","0","0","0","0","0"
"F9","03/01/2024","3230","N358FR","IAH","05:30","05:20","-10","0","0","0","0","0"
"F9","03/01/2024","3286","N347FR","CVG","12:12","12:06","-6","0","0","0","0","0"
"F9","03/01/2024","3294","N348FR","ATL","05:30","05:24","-6","0","0","0","0","0"
"F9","03/01/2024","3312","N328FR","MCO","12:25","12:23","-2","0","0","0","0","0"
"F9","03/01/2024","3376","N303FR","MCI","06:35","06:30","-5","0","0","0","0","0"
"F9","03/01/2024","3465","N352FR","PHX","15:51","15:48","-3","0","0","0","0","0"
"F9","03/01/2024","3566","N716FR","DTW","08:05","08:01","-4","0","0","0","0","0"
"F9","03/01/2024","3719","N352FR","PHX","21:36","21:31","-5","0","0","0","0","0"
"F9","03/01/2024","3843","N347FR","LAS","19:52","20:09","17","0","0","18","0","0"
"F9","03/01/2024","3861","N384FR","SLC","20:02","20:31","29","0","0","0","0","21"
"F9","03/01/2024","4070","N381FR","DFW","21:18","21:18","0","0","0","0","0","0"
"F9","03/01/2024","4251","N236FR","SLC","22:28","22:29","1","1","0","22","0","0"
"F9","03/01/2024","4558","N390FR","FSD","18:26","18:17","-9","0","0","0","0","0"
"F9","03/01/2024","4626","N344FR","MEM","07:30","07:20","-10","0","0","0","0","0"
"F9","03/01/2024","4714","N369FR","TPA","23:53","00:59","66","54","0","0","0","0"
"F9","03/01/2024","4876","N369FR","CID","17:43","17:33","-10","0","0","0","0","0"
"F9","03/01/2024","4927","N360FR","SAN","22:18","22:15","-3","0","0","0","0","0"
"F9","03/01/2024","4967","N338FR","LAS","22:52","23:04","12","0","0","0","0","0"
"F9","03/02/2024","0086","N716FR","STL","05:50","05:43","-7","0","0","0","0","0"
"F9","03/02/2024","0686","N303FR","DCA","07:00","06:52","-8","0","0","0","0","0"
"F9","03/02/2024","0688","N323FR","DCA","12:39","12:28","-11","0","0","0","0","0"
"F9","03/02/2024","0690","N382FR","DCA","16:38","16:29","-9","0","0","0","0","0"
"F9","03/02/2024","1093","N338FR","SFO","05:35","05:25","-10","0","0","0","0","0"
"F9","03/02/2024","1150","N358FR","MSP","07:35","07:26","-9","0","0","0","0","0"
"F9","03/02/2024","1175","N344FR","SEA","15:54","15:51","-3","0","0","0","0","0"
"F9","03/02/2024","1227","N349FR","SLC","12:39","12:30","-9","0","0","0","0","0"
"F9","03/02/2024","1261","N384FR","ONT","14:54","14:46","-8","0","0","0","0","0"
"F9","03/02/2024","1280","N714FR","MIA","00:59","01:09","10","0","0","0","0","0"
"F9","03/02/2024","1292","N604FR","MSP","20:35","21:51","76","0","0","0","0","48"
"F9","03/02/2024","1324","N323FR","DFW","06:10","06:00","-10","0","0","0","0","0"
"F9","03/02/2024","1362","N232FR","CLT","15:21","15:49","28","28","0","10","0","0"
"F9","03/02/2024","1375","N309FR","PHX","07:40","07:37","-3","0","0","0","0","0"
"F9","03/02/2024","1402","N236FR","BNA","08:25","08:15","-10","0","0","0","0","0"
"F9","03/02/2024","1450","N390FR","ATL","00:27","00:19","-8","0","0","0","0","0"
"F9","03/02/2024","1499","N388FR","ONT","22:11","22:11","0","0","0","0","0","0"
"F9","03/02/2024","1509","N635FR","LAS","07:10","07:02","-8","0","0","0","0","0"
"F9","03/02/2024","1584","N382FR","FAR","10:35","10:22","-13","0","0","0","0","0"
"F9","03/02/2024","1698","N374FR","DFW","08:10","08:40","30","22","0","0","0","0"
"F9","03/02/2024","1734","N713FR","MCO","00:55","01:12","17","0","0","0","0","0"
"F9","03/02/2024","1819","N233FR","PHX","09:55","09:50","-5","0","0","0","0","0"
"F9","03/02/2024","1993","N379FR","LAS","10:54","10:53","-1","0","0","0","0","0"
"F9","03/02/2024","2015","N351FR","LAS","13:09","16:20","191","0","0","221","0","0"
"F9","03/02/2024","2108","N388FR","FSD","05:30","05:17","-13","0","0","0","0","0"
"F9","03/02/2024","2141","N338FR","PHX","13:01","12:50","-11","0","0","0","0","0"
"F9","03/02/2024","2148","N624FR","DFW","10:53","10:45","-8","0","0","0","0","0"
"F9","03/02/2024","2210","N362FR","MDW","07:40","07:41","1","0","0","0","0","0"
"F9","03/02/2024","2261","N349FR","ELP","06:00","05:51","-9","0","0","0","0","0"
"F9","03/02/2024","2349","N379FR","LAS","16:59","17:53","54","0","0","53","0","14"
"F9","03/02/2024","2429","N351FR","LAS","19:07","22:31","204","0","0","2","0","204"
"F9","03/02/2024","2438","N303FR","RDU","16:30","16:25","-5","0","0","0","0","0"
"F9","03/02/2024","2454","N348FR","PNS","07:20","07:12","-8","0","0","0","0","0"
"F9","03/02/2024","2575","N384FR","SNA","08:05","07:58","-7","0","0","0","0","0"
"F9","03/02/2024","2596","N360FR","OMA","17:02","17:20","18","0","0","0","0","0"
"F9","03/02/2024","2632","N304FR","DFW","19:02","19:30","28","0","0","0","0","19"
"F9","03/02/2024","2734","N236FR","RSW","16:01","15:58","-3","0","0","0","0","0"
"F9","03/02/2024","2746","N705FR","TPA","09:19","11:33","134","122","0","0","0","0"
"F9","03/02/2024","2817","N348FR","SAN","15:41","15:56","15","0","0","0","0","0"
"F9","03/02/2024","3084","N344FR","MCO","06:00","05:56","-4","0","0","0","0","0"
"F9","03/02/2024","3230","N358FR","IAH","14:22","14:17","-5","0","0","0","0","0"
"F9","03/02/2024","3286","N722FR","CVG","05:30","05:54","24","15","0","0","0","0"
"F9","03/02/2024","3294","N373FR","ATL","12:01","11:53","-8","0","0","0","0","0"
"F9","03/02/2024","3312","N388FR","MCO","12:20","12:16","-4","0","0","26","0","0"
"F9","03/02/2024","3465","N233FR","PHX","15:51","15:40","-11","0","0","0","0","0"
"F9","03/02/2024","3861","N338FR","SLC","18:59","19:16","17","17","0","3","0","0"
"F9","03/02/2024","3882","N331FR","MSY","17:45","19:09","84","69","0","0","0","0"
"F9","03/02/2024","3981","N358FR","SLC","21:18","21:21","3","0","0","0","0","0"
"F9","03/02/2024","4070","N374FR","DFW","21:18","21:10","-8","0","0","0","0","0"
"F9","03/02/2024","4635","N233FR","PHX","21:56","21:46","-10","0","0","0","0","0"
"F9","03/02/2024","4927","N348FR","SAN","22:26","22:20","-6","0","0","0","0","0"
"F9","03/02/2024","4967","N323FR","LAS","22:52","22:53","1","0","0","0","0","0"
"F9","03/03/2024","0086","N718FR","STL","05:50","06:21","31","28","0","0","0","0"
"F9","03/03/2024","0686","N362FR","DCA","06:50","06:51","1","0","0","0","0","0"
"F9","03/03/2024","0688","N304FR","DCA","12:11","12:08","-3","0","0","0","0","0"
"F9","03/03/2024","0690","N388FR","DCA","16:38","17:31","53","0","0","0","0","36"
"F9","03/03/2024","1093","N236FR","SFO","05:30","05:21","-9","0","0","20","0","0"
"F9","03/03/2024","1114","N375FR","TPA","00:28","00:19","-9","0","0","0","0","0"
"F9","03/03/2024","1150","N382FR","MSP","10:12","11:03","51","30","0","0","0","0"
"F9","03/03/2024","1175","N624FR","SEA","16:59","17:00","1","0","0","0","0","0"
"F9","03/03/2024","1215","N304FR","SLC","07:03","07:13","10","0","0","0","0","0"
"F9","03/03/2024","1227","N610FR","SLC","12:41","12:48","7","7","0","32","0","0"
"F9","03/03/2024","1261","N236FR","ONT","12:59","13:13","14","0","0","0","0","0"
"F9","03/03/2024","1280","N384FR","MIA","00:04","00:15","11","0","0","0","0","0"
"F9","03/03/2024","1292","N631FR","MSP","20:35","21:08","33","0","0","0","0","0"
"F9","03/03/2024","1324","N624FR","DFW","05:55","09:25","210","193","0","0","0","0"
"F9","03/03/2024","1362","N344FR","CLT","16:42","16:52","10","0","0","0","0","0"
"F9","03/03/2024","1375","N635FR","PHX","07:40","07:40","0","0","0","35","0","0"
"F9","03/03/2024","1402","N358FR","BNA","08:25","08:22","-3","0","0","0","0","0"
"F9","03/03/2024","1450","N309FR","ATL","00:57","00:51","-6","0","0","0","0","0"
"F9","03/03/2024","1509","N332FR","LAS","06:35","06:25","-10","0","0","21","0","0"
"F9","03/03/2024","1584","N338FR","FAR","12:15","12:19","4","0","0","0","0","0"
"F9","03/03/2024","1587","N388FR","LAS","10:35","10:41","6","0","0","0","0","0"
"F9","03/03/2024","1698","N308FR","DFW","08:35","08:28","-7","0","0","0","0","0"
"F9","03/03/2024","1734","N722FR","MCO","00:55","00:52","-3","0","0","0","0","0"
"F9","03/03/2024","1778","N351FR","IND","05:02","15:00","598","0","0","0","0","574"
"F9","03/03/2024","1789","N331FR","PDX","05:15","05:08","-7","0","0","0","0","0"
"F9","03/03/2024","1818","N612FR","AUS","19:34","20:17","43","0","0","0","0","26"
"F9","03/03/2024","1819","N317FR","PHX","09:51","09:45","-6","0","0","0","0","0"
"F9","03/03/2024","1864","N303FR","OKC","12:55","12:52","-3","0","0","0","0","0"
"F9","03/03/2024","1918","N395FR","CLE","15:49","15:46","-3","0","0","0","0","0"
"F9","03/03/2024","2015","N390FR","LAS","13:53","15:39","106","0","0","119","0","0"
"F9","03/03/2024","2105","N232FR","PHX","12:19","12:38","19","0","0","0","0","0"
"F9","03/03/2024","2148","N348FR","DFW","10:53","10:43","-10","0","0","0","0","0"
"F9","03/03/2024","2179","N368FR","SAN","12:38","12:29","-9","0","0","0","0","0"
"F9","03/03/2024","2210","N360FR","MDW","07:40","07:35","-5","0","0","0","0","0"
"F9","03/03/2024","2261","N331FR","ELP","12:43","12:40","-3","0","0","0","0","0"
"F9","03/03/2024","2356","N232FR","SAT","05:35","06:27","52","52","0","1","0","0"
"F9","03/03/2024","2429","N348FR","LAS","17:02","17:56","54","0","0","51","0","0"
"F9","03/03/2024","2438","N382FR","RDU","16:44","16:53","9","0","0","0","0","0"
"F9","03/03/2024","2454","N395FR","PNS","07:30","07:20","-10","0","0","20","0","0"
"F9","03/03/2024","2575","N362FR","SNA","16:18","16:14","-4","0","0","0","0","0"
"F9","03/03/2024","2596","N610FR","OMA","17:47","18:19","32","0","0","0","0","30"
"F9","03/03/2024","2632","N338FR","DFW","18:09","18:08","-1","0","0","0","0","0"
"F9","03/03/2024","2681","N349FR","ONT","23:01","23:42","41","35","0","0","0","0"
"F9","03/03/2024","2734","N636FR","RSW","13:53","13:55","2","0","0","0","0","0"
"F9","03/03/2024","2746","N634FR","TPA","09:19","11:04","105","0","0","3","0","105"
"F9","03/03/2024","2766","N232FR","HOU","18:22","18:12","-10","0","0","0","0","0"
"F9","03/03/2024","2817","N358FR","SAN","16:02","15:55","-7","0","0","0","0","0"
"F9","03/03/2024","3084","N379FR","MCO","07:00","06:57","-3","0","0","0","0","0"
"F9","03/03/2024","3230","N368FR","IAH","05:30","05:23","-7","0","0","0","0","0"
"F9","03/03/2024","3286","N303FR","CVG","05:05","05:00","-5","0","0","0","0","0"
"F9","03/03/2024","3294","N390FR","ATL","05:05","05:00","-5","0","0","0","0","0"
"F9","03/03/2024","3312","N332FR","MCO","12:25","12:57","32","0","0","0","0","28"
"F9","03/03/2024","3376","N349FR","MCI","06:35","06:25","-10","0","0","0","0","0"
"F9","03/03/2024","3467","N310FR","PHX","16:03","15:57","-6","0","0","0","0","0"
"F9","03/03/2024","3566","N636FR","DTW","05:20","05:18","-2","0","0","0","0","0"
"F9","03/03/2024","3674","N303FR","MKE","18:14","21:28","194","166","0","0","0","0"
"F9","03/03/2024","3843","N390FR","LAS","19:54","21:42","108","0","0","0","0","100"
"F9","03/03/2024","3882","N368FR","MSY","18:25","19:13","48","7","0","0","0","40"
"F9","03/03/2024","4070","N304FR","DFW","21:39","21:33","-6","0","0","0","0","0"
"F9","03/03/2024","4251","N362FR","SLC","23:02","23:10","8","0","0","0","0","0"
"F9","03/03/2024","4635","N310FR","PHX","21:56","21:50","-6","0","0","0","0","0"
"F9","03/03/2024","4967","N308FR","LAS","22:52","22:45","-7","0","0","0","0","0"
"F9","03/03/2024","4989","N358FR","SAN","22:47","22:46","-1","0","0","0","0","0"
"F9","03/04/2024","0086","N718FR","STL","05:50","05:48","-2","0","0","0","0","0"
"F9","03/04/2024","0686","N351FR","DCA","07:00","06:57","-3","0","0","0","0","0"
"F9","03/04/2024","0688","N347FR","DCA","12:39","12:36","-3","0","0","0","0","0"
"F9","03/04/2024","0690","N388FR","DCA","16:38","16:30","-8","0","0","0","0","0"
"F9","03/04/2024","1093","N328FR","SFO","07:30","07:25","-5","0","0","78","0","0"
"F9","03/04/2024","1114","N318FR","TPA","00:28","01:05","37","24","0","0","0","0"
"F9","03/04/2024","1128","N347FR","OMA","07:00","07:05","5","0","0","0","0","0"
"F9","03/04/2024","1150","N388FR","MSP","10:12","10:05","-7","0","0","0","0","0"
"F9","03/04/2024","1162","N362FR","HOU","15:56","16:08","12","0","0","0","0","0"
"F9","03/04/2024","1227","N301FR","SLC","14:18","14:15","-3","0","0","0","0","0"
"F9","03/04/2024","1261","N360FR","ONT","12:14","12:15","1","0","0","0","0","0"
"F9","03/04/2024","1280","N395FR","MIA","00:08","00:32","24","18","0","0","0","0"
"F9","03/04/2024","1292","N611FR","MSP","20:35","20:35","0","0","0","0","0","0"
"F9","03/04/2024","1324","N232FR","DFW","06:00","05:53","-7","0","0","0","0","0"
"F9","03/04/2024","1362","N236FR","CLT","15:17","15:10","-7","0","0","0","0","0"
"F9","03/04/2024","1375","N360FR","PHX","06:00","05:50","-10","0","0","0","0","0"
"F9","03/04/2024","1402","N382FR","BNA","05:35","05:26","-9","0","0","0","0","0"
"F9","03/04/2024","1450","N334FR","ATL","00:27","00:53","26","0","0","15","0","26"
"F9","03/04/2024","1499","N349FR","ONT","22:04","21:59","-5","0","0","0","0","0"
"F9","03/04/2024","1509","N331FR","LAS","07:35","07:33","-2","0","0","39","0","0"
"F9","03/04/2024","1584","N328FR","FAR","15:41","15:42","1","0","0","0","0","0"
"F9","03/04/2024","1608","N362FR","MKE","08:28","08:23","-5","0","0","0","0","0"
"F9","03/04/2024","1698","N304FR","DFW","08:10","08:22","12","0","0","0","0","0"
"F9","03/04/2024","1734","N338FR","MCO","00:29","00:29","0","0","0","0","0","0"
"F9","03/04/2024","1789","N361FR","PDX","05:30","05:23","-7","0","0","0","0","0"
"F9","03/04/2024","1816","N361FR","AUS","19:24","19:25","1","0","0","0","0","0"
"F9","03/04/2024","1819","N636FR","PHX","08:15","08:06","-9","0","0","0","0","0"
"F9","03/04/2024","1993","N366FR","LAS","11:26","11:44","18","0","0","4","0","18"
"F9","03/04/2024","2015","N331FR","LAS","13:35","14:20","45","19","0","0","0","22"
"F9","03/04/2024","2105","N349FR","PHX","10:15","10:15","0","0","0","0","0","0"
"F9","03/04/2024","2108","N366FR","FSD","06:00","07:11","71","12","0","0","0","29"
"F9","03/04/2024","2141","N368FR","PHX","12:26","12:21","-5","0","0","0","0","0"
"F9","03/04/2024","2148","N382FR","DFW","13:13","13:02","-11","0","0","0","0","0"
"F9","03/04/2024","2179","N358FR","SAN","10:53","10:47","-6","0","0","0","0","0"
"F9","03/04/2024","2210","N391FR","MDW","07:05","06:55","-10","0","0","0","0","0"
"F9","03/04/2024","2360","N610FR","MSY","13:57","13:47","-10","0","0","22","0","0"
"F9","03/04/2024","2429","N358FR","LAS","17:41","17:41","0","0","0","0","0","0"
"F9","03/04/2024","2438","N303FR","RDU","15:56","15:54","-2","0","0","23","0","0"
"F9","03/04/2024","2454","N236FR","PNS","07:00","06:58","-2","0","0","0","0","0"
"F9","03/04/2024","2575","N361FR","SNA","12:52","12:50","-2","0","0","0","0","0"
"F9","03/04/2024","2604","N232FR","MSN","17:54","17:50","-4","0","0","0","0","0"
"F9","03/04/2024","2632","N382FR","DFW","19:21","19:34","13","0","0","3","0","13"
"F9","03/04/2024","2734","N344FR","RSW","15:58","15:50","-8","0","0","0","0","0"
"F9","03/04/2024","2746","N635FR","TPA","09:19","09:19","0","0","0","0","0","0"
"F9","03/04/2024","2795","N366FR","SEA","18:03","18:03","0","0","0","36","0","0"
"F9","03/04/2024","2817","N351FR","SAN","16:28","16:22","-6","0","0","0","0","0"
"F9","03/04/2024","3084","N303FR","MCO","06:00","06:00","0","0","0","0","0","0"
"F9","03/04/2024","3230","N368FR","IAH","05:15","05:13","-2","0","0","0","0","0"
"F9","03/04/2024","3286","N624FR","CVG","05:30","05:28","-2","0","0","0","0","0"
"F9","03/04/2024","3294","N230FR","ATL","08:34","10:58","144","0","0","0","0","141"
"F9","03/04/2024","3312","N625FR","MCO","11:18","11:14","-4","0","0","0","0","0"
"F9","03/04/2024","3376","N232FR","MCI","12:23","12:21","-2","0","0","0","0","0"
"F9","03/04/2024","3467","N349FR","PHX","16:13","16:08","-5","0","0","0","0","0"
"F9","03/04/2024","3566","N610FR","DTW","05:25","05:24","-1","0","0","0","0","0"
"F9","03/04/2024","3843","N301FR","LAS","19:54","20:43","49","34","0","0","0","0"
"F9","03/04/2024","3861","N331FR","SLC","19:34","22:00","146","27","0","0","0","108"
"F9","03/04/2024","4070","N304FR","DFW","21:24","21:22","-2","0","0","0","0","0"
"F9","03/04/2024","4251","N362FR","SLC","22:53","22:52","-1","0","0","20","0","0"
"F9","03/04/2024","4386","N301FR","CID","07:45","07:37","-8","0","0","0","0","0"
"F9","03/04/2024","4417","N368FR","ELP","18:18","18:24","6","0","0","0","0","0"
"F9","03/04/2024","4611","N718FR","LAS","22:42","23:09","27","0","0","0","0","19"
"F9","03/04/2024","4626","N344FR","MEM","07:38","07:26","-12","0","0","0","0","0"
"F9","03/04/2024","4920","N394FR","MCO","23:50","23:58","8","0","0","0","0","0"
"F9","03/04/2024","4927","N347FR","SAN","22:26","22:28","2","0","0","0","0","0"
"F9","03/05/2024","0086","N609FR","STL","05:50","06:57","67","0","0","0","0","59"
"F9","03/05/2024","0686","N358FR","DCA","07:00","07:16","16","16","0","3","0","0"
"F9","03/05/2024","0688","N368FR","DCA","12:39","12:53","14","0","0","0","0","0"
"F9","03/05/2024","0690","N358FR","DCA","16:38","16:41","3","0","0","0","0","0"
"F9","03/05/2024","1093","N391FR","SFO","07:30","07:28","-2","0","0","0","0","0"
"F9","03/05/2024","1114","N351FR","TPA","00:13","00:50","37","24","0","0","0","0"
"F9","03/05/2024","1150","N335FR","MSP","11:26","11:24","-2","0","0","0","0","0"
"F9","03/05/2024","1215","N362FR","SLC","08:25","08:14","-11","0","0","0","0","0"
"F9","03/05/2024","1227","N232FR","SLC","12:33","12:27","-6","0","0","0","0","0"
"F9","03/05/2024","1261","N388FR","ONT","10:22","10:11","-11","0","0","0","0","0"
"F9","03/05/2024","1280","N636FR","MIA","00:58","01:11","13","0","0","0","0","0"
"F9","03/05/2024","1294","N716FR","MSP","20:35","21:06","31","0","0","0","0","0"
"F9","03/05/2024","1324","N232FR","DFW","06:10","06:04","-6","0","0","0","0","0"
"F9","03/05/2024","1375","N720FR","PHX","07:55","07:52","-3","0","0","27","0","0"
"F9","03/05/2024","1450","N373FR","ATL","00:57","00:52","-5","0","0","0","0","0"
"F9","03/05/2024","1499","N347FR","ONT","21:28","21:35","7","0","0","0","0","0"
"F9","03/05/2024","1509","N364FR","LAS","07:15","07:06","-9","0","0","0","0","0"
"F9","03/05/2024","1587","N331FR","LAS","10:50","10:43","-7","0","0","0","0","0"
"F9","03/05/2024","1698","N304FR","DFW","08:10","08:06","-4","0","0","0","0","0"
"F9","03/05/2024","1819","N332FR","PHX","10:00","09:54","-6","0","0","0","0","0"
"F9","03/05/2024","1864","N391FR","OKC","16:15","16:13","-2","0","0","0","0","0"
"F9","03/05/2024","1918","N360FR","CLE","15:22","15:13","-9","0","0","0","0","0"
"F9","03/05/2024","2015","N364FR","LAS","13:14","13:10","-4","0","0","0","0","0"
"F9","03/05/2024","2108","N344FR","FSD","06:45","06:36","-9","0","0","0","0","0"
"F9","03/05/2024","2141","N366FR","PHX","12:38","12:28","-10","0","0","0","0","0"
"F9","03/05/2024","2148","N344FR","DFW","12:10","12:02","-8","0","0","0","0","0"
"F9","03/05/2024","2179","N347FR","SAN","10:53","10:50","-3","0","0","0","0","0"
"F9","03/05/2024","2210","N382FR","MDW","07:05","07:01","-4","0","0","0","0","0"
"F9","03/05/2024","2349","N331FR","LAS","16:58","16:48","-10","0","0","0","0","0"
"F9","03/05/2024","2360","N236FR","MSY","14:02","13:53","-9","0","0","0","0","0"
"F9","03/05/2024","2429","N323FR","LAS","19:11","19:37","26","0","0","0","0","16"
"F9","03/05/2024","2454","N303FR","PNS","07:00","06:58","-2","0","0","0","0","0"
"F9","03/05/2024","2632","N328FR","DFW","18:14","18:04","-10","0","0","0","0","0"
"F9","03/05/2024","2746","N619FR","TPA","09:29","09:28","-1","0","0","18","0","0"
"F9","03/05/2024","2817","N362FR","SAN","15:41","15:30","-11","0","0","0","0","0"
"F9","03/05/2024","3230","N366FR","IAH","05:30","05:29","-1","0","0","0","0","0"
"F9","03/05/2024","3286","N236FR","CVG","05:30","05:26","-4","0","0","0","0","0"
"F9","03/05/2024","3294","N360FR","ATL","05:30","05:25","-5","0","0","0","0","0"
"F9","03/05/2024","3376","N718FR","MCI","06:15","06:10","-5","0","0","0","0","0"
"F9","03/05/2024","3467","N332FR","PHX","15:58","15:53","-5","0","0","0","0","0"
"F9","03/05/2024","3861","N232FR","SLC","17:39","17:29","-10","0","0","0","0","0"
"F9","03/05/2024","4070","N304FR","DFW","21:18","21:09","-9","0","0","0","0","0"
"F9","03/05/2024","4635","N317FR","PHX","22:09","22:05","-4","0","0","0","0","0"
"F9","03/05/2024","4927","N362FR","SAN","22:26","22:23","-3","0","0","0","0","0"
"F9","03/05/2024","4967","N368FR","LAS","22:52","22:43","-9","0","0","0","0","0"
"F9","03/06/2024","0686","N388FR","DCA","07:00","06:56","-4","0","0","0","0","0"
"F9","03/06/2024","0688","N331FR","DCA","12:39","12:30","-9","0","0","0","0","0"
"F9","03/06/2024","0690","N391FR","DCA","16:38","16:50","12","0","0","0","0","0"
"F9","03/06/2024","1093","N361FR","SFO","07:30","07:21","-9","0","0","0","0","0"
"F9","03/06/2024","1114","N360FR","TPA","00:58","00:53","-5","0","0","0","0","0"
"F9","03/06/2024","1132","N718FR","STL","05:50","05:41","-9","0","0","0","0","0"
"F9","03/06/2024","1162","N312FR","HOU","15:56","15:52","-4","0","0","0","0","0"
"F9","03/06/2024","1239","N366FR","LAS","06:15","06:10","-5","0","0","0","0","0"
"F9","03/06/2024","1261","N358FR","ONT","10:12","10:05","-7","0","0","0","0","0"
"F9","03/06/2024","1280","N328FR","MIA","00:59","01:08","9","0","0","0","0","0"
"F9","03/06/2024","1292","N391FR","MSP","10:10","11:05","55","39","0","0","0","0"
"F9","03/06/2024","1324","N384FR","DFW","06:10","06:03","-7","0","0","0","0","0"
"F9","03/06/2024","1375","N304FR","PHX","07:55","08:01","6","0","0","14","0","6"
"F9","03/06/2024","1450","N236FR","ATL","00:57","00:58","1","0","0","0","0","0"
"F9","03/06/2024","1592","N377FR","MDW","07:05","07:04","-1","0","0","0","0","0"
"F9","03/06/2024","1630","N362FR","FSD","13:10","13:10","0","0","0","0","0","0"
"F9","03/06/2024","1734","N330FR","MCO","00:29","00:31","2","0","0","0","0","0"
"F9","03/06/2024","1789","N312FR","PDX","08:30","08:27","-3","0","0","0","0","0"
"F9","03/06/2024","1819","N317FR","PHX","09:55","09:47","-8","0","0","0","0","0"
"F9","03/06/2024","1866","N335FR","MSY","09:00","08:50","-10","0","0","0","0","0"
"F9","03/06/2024","1993","N347FR","LAS","10:20","10:12","-8","0","0","0","0","0"
"F9","03/06/2024","2015","N366FR","LAS","12:24","12:18","-6","0","0","0","0","0"
"F9","03/06/2024","2038","N388FR","CID","16:41","16:28","-13","0","0","0","0","0"
"F9","03/06/2024","2141","N323FR","PHX","12:38","12:43","5","0","0","0","0","0"
"F9","03/06/2024","2145","N335FR","SEA","17:38","17:28","-10","0","0","0","0","0"
"F9","03/06/2024","2148","N303FR","DFW","08:10","08:08","-2","0","0","0","0","0"
"F9","03/06/2024","2349","N347FR","LAS","16:25","16:30","5","0","0","0","0","0"
"F9","03/06/2024","2429","N366FR","LAS","18:27","18:15","-12","0","0","0","0","0"
"F9","03/06/2024","2480","N344FR","DFW","12:10","12:04","-6","0","0","0","0","0"
"F9","03/06/2024","2734","N361FR","RSW","15:13","15:01","-12","0","0","0","0","0"
"F9","03/06/2024","2746","N619FR","TPA","09:19","09:17","-2","0","0","0","0","0"
"F9","03/06/2024","2817","N382FR","SAN","10:53","10:44","-9","0","0","0","0","0"
"F9","03/06/2024","2823","N387FR","SLC","08:25","08:23","-2","0","0","0","0","0"
"F9","03/06/2024","3040","N323FR","IAH","05:30","05:47","17","0","0","0","0","0"
"F9","03/06/2024","3223","N384FR","SLC","12:56","13:03","7","0","0","0","0","0"
"F9","03/06/2024","3286","N720FR","CVG","05:30","05:22","-8","0","0","0","0","0"
"F9","03/06/2024","3414","N358FR","DFW","18:14","18:10","-4","0","0","0","0","0"
"F9","03/06/2024","3467","N317FR","PHX","15:51","15:37","-14","0","0","0","0","0"
"F9","03/06/2024","3719","N317FR","PHX","21:36","21:23","-13","0","0","0","0","0"
"F9","03/06/2024","4008","N611FR","MSP","21:38","21:38","0","0","0","0","0","0"
"F9","03/06/2024","4070","N303FR","DFW","21:18","21:26","8","0","0","0","0","0"
"F9","03/06/2024","4221","N387FR","SAN","15:41","15:34","-7","0","0","0","0","0"
"F9","03/06/2024","4251","N388FR","SLC","22:50","22:40","-10","0","0","0","0","0"
"F9","03/06/2024","4417","N382FR","ELP","17:54","17:54","0","0","0","0","0","0"
"F9","03/06/2024","4611","N387FR","LAS","22:52","22:43","-9","0","0","0","0","0"
"F9","03/06/2024","4626","N331FR","MEM","05:30","05:20","-10","0","0","0","0","0"
"F9","03/06/2024","4929","N331FR","SAN","22:26","22:19","-7","0","0","0","0","0"
"F9","03/07/2024","0032","N366FR","CLE","06:35","06:29","-6","0","0","0","0","0"
"F9","03/07/2024","0094","N358FR","MCI","05:47","05:42","-5","0","0","0","0","0"
"F9","03/07/2024","0686","N373FR","DCA","07:30","07:22","-8","0","0","0","0","0"
"F9","03/07/2024","0688","N323FR","DCA","12:05","11:57","-8","0","0","0","0","0"
"F9","03/07/2024","0690","N362FR","DCA","16:40","17:25","45","0","0","0","0","29"
"F9","03/07/2024","1093","N335FR","SFO","11:19","11:52","33","0","0","31","0","0"
"F9","03/07/2024","1114","N718FR","TPA","00:39","00:38","-1","0","0","0","0","0"
"F9","03/07/2024","1162","N354FR","HOU","12:18","12:32","14","0","0","0","0","0"
"F9","03/07/2024","1229","N323FR","SFO","21:47","21:41","-6","0","0","0","0","0"
"F9","03/07/2024","1248","N330FR","GRR","16:25","16:45","20","0","0","0","0","0"
"F9","03/07/2024","1261","N330FR","ONT","05:01","05:01","0","0","0","0","0","0"
"F9","03/07/2024","1280","N377FR","MIA","00:31","00:33","2","0","0","0","0","0"
"F9","03/07/2024","1292","N378FR","MSP","09:50","09:48","-2","0","0","0","0","0"
"F9","03/07/2024","1324","N349FR","DFW","05:01","04:56","-5","0","0","0","0","0"
"F9","03/07/2024","1362","N312FR","CLT","16:59","17:05","6","0","0","0","0","0"
"F9","03/07/2024","1375","N379FR","PHX","07:00","06:52","-8","0","0","0","0","0"
"F9","03/07/2024","1402","N611FR","BNA","11:36","11:27","-9","0","0","0","0","0"
"F9","03/07/2024","1499","N358FR","ONT","22:36","22:35","-1","0","0","0","0","0"
"F9","03/07/2024","1592","N323FR","MDW","05:01","04:55","-6","0","0","0","0","0"
"F9","03/07/2024","1608","N361FR","MKE","05:05","08:09","184","184","0","3","0","0"
"F9","03/07/2024","1734","N316FR","MCO","00:18","00:15","-3","0","0","0","0","0"
"F9","03/07/2024","1764","N391FR","FAR","10:14","10:04","-10","0","0","0","0","0"
"F9","03/07/2024","1789","N382FR","PDX","22:08","22:08","0","0","0","0","0","0"
"F9","03/07/2024","1816","N362FR","AUS","05:01","04:52","-9","0","0","0","0","0"
"F9","03/07/2024","1864","N335FR","OKC","06:00","05:54","-6","0","0","0","0","0"
"F9","03/07/2024","1866","N303FR","MSY","09:00","08:54","-6","0","0","0","0","0"
"F9","03/07/2024","1993","N719FR","LAS","10:30","17:11","401","386","0","0","0","0"
"F9","03/07/2024","2105","N362FR","PHX","11:20","11:23","3","0","0","0","0","0"
"F9","03/07/2024","2141","N708FR","PHX","13:35","13:29","-6","0","0","0","0","0"
"F9","03/07/2024","2148","N344FR","DFW","08:22","08:05","-17","0","0","0","0","0"
"F9","03/07/2024","2153","","SEA","18:00","00:00","0","0","0","0","0","0"
"F9","03/07/2024","2155","N316FR","LAS","14:32","15:04","32","0","0","0","0","31"
"F9","03/07/2024","2210","N384FR","MDW","18:49","18:57","8","0","0","0","0","0"
"F9","03/07/2024","2261","N383FR","ELP","10:20","10:10","-10","0","0","0","0","0"
"F9","03/07/2024","2438","N622FR","RDU","16:14","16:12","-2","0","0","0","0","0"
"F9","03/07/2024","2480","N331FR","DFW","10:52","10:58","6","0","6","32","0","0"
"F9","03/07/2024","2500","N720FR","ATL","08:05","09:36","91","91","0","13","0","0"
"F9","03/07/2024","2570","N303FR","OMA","18:03","19:19","76","0","0","24","0","76"
"F9","03/07/2024","2632","","DFW","16:29","00:00","0","0","0","0","0","0"
"F9","03/07/2024","2712","N716FR","PNS","17:01","16:54","-7","0","0","0","0","0"
"F9","03/07/2024","2746","N716FR","TPA","06:35","06:33","-2","0","0","0","0","0"
"F9","03/07/2024","2762","N304FR","TPA","13:44","13:41","-3","0","0","0","0","0"
"F9","03/07/2024","2802","N312FR","MCO","06:55","06:50","-5","0","0","0","0","0"
"F9","03/07/2024","2817","N304FR","SAN","06:35","06:35","0","0","0","0","0","0"
"F9","03/07/2024","2823","N388FR","SLC","09:09","08:59","-10","0","0","0","0","0"
"F9","03/07/2024","3040","N354FR","IAH","05:15","05:11","-4","0","0","0","0","0"
"F9","03/07/2024","3050","N349FR","XNA","12:18","12:09","-9","0","0","0","0","0"
"F9","03/07/2024","3223","N330FR","SLC","11:39","11:39","0","0","0","0","0","0"
"F9","03/07/2024","3266","N384FR","PHL","06:35","06:23","-12","0","0","0","0","0"
"F9","03/07/2024","3286","N382FR","CVG","13:36","13:40","4","0","0","14","0","4"
"F9","03/07/2024","3302","N354FR","STL","19:17","19:47","30","2","0","19","0","28"
"F9","03/07/2024","3312","N361FR","MCO","11:45","15:35","230","0","0","0","0","191"
"F9","03/07/2024","3414","","DFW","19:22","00:00","0","0","0","0","0","0"
"F9","03/07/2024","3467","N347FR","PHX","15:35","15:32","-3","0","0","0","0","0"
"F9","03/07/2024","3543","N387FR","LAS","20:05","20:48","43","8","0","15","0","35"
"F9","03/07/2024","3566","N347FR","DTW","06:50","06:43","-7","0","0","0","0","0"
"F9","03/07/2024","3861","N708FR","SLC","19:53","19:52","-1","0","0","16","0","0"
"F9","03/07/2024","4373","N379FR","SNA","17:19","17:24","5","0","0","0","0","0"
"F9","03/07/2024","4401","N335FR","LAS","18:02","19:18","76","0","9","16","0","67"
"F9","03/07/2024","4611","N364FR","LAS","23:40","23:56","16","0","5","10","0","11"
"F9","03/07/2024","4626","N382FR","MEM","06:35","06:34","-1","0","0","0","0","0"
"F9","03/07/2024","4635","N337FR","PHX","22:13","22:54","41","0","0","0","0","26"
"F9","03/07/2024","4714","N391FR","TPA","16:35","16:25","-10","0","0","0","0","0"
"F9","03/07/2024","4856","N720FR","IAH","19:07","20:30","83","0","0","4","0","83"
"F9","03/07/2024","4931","N373FR","SAN","17:02","16:52","-10","0","0","0","0","0"
"F9","03/08/2024","0006","N622FR","STL","06:55","07:59","64","64","0","10","0","0"
"F9","03/08/2024","0094","N382FR","MCI","05:47","05:44","-3","0","0","0","0","0"
"F9","03/08/2024","0243","N342FR","ATL","14:45","14:40","-5","0","0","21","0","0"
"F9","03/08/2024","0686","N384FR","DCA","07:30","07:41","11","0","0","0","0","0"
"F9","03/08/2024","0688","N379FR","DCA","12:32","13:28","56","0","0","33","0","56"
"F9","03/08/2024","0690","N312FR","DCA","16:40","16:46","6","0","0","0","0","0"
"F9","03/08/2024","1002","N719FR","MSN","08:00","07:52","-8","0","0","0","0","0"
"F9","03/08/2024","1063","N347FR","SMF","05:05","05:07","2","0","0","0","0","0"
"F9","03/08/2024","1066","N323FR","GRB","06:35","06:23","-12","0","0","0","0","0"
"F9","03/08/2024","1093","N362FR","SFO","15:00","15:17","17","0","0","0","0","0"
"F9","03/08/2024","1150","N330FR","MSP","05:01","04:58","-3","0","0","0","0","0"
"F9","03/08/2024","1162","N375FR","HOU","12:04","12:53","49","0","0","0","0","46"
"F9","03/08/2024","1261","N391FR","ONT","05:01","05:02","1","0","0","0","0","0"
"F9","03/08/2024","1280","N304FR","MIA","00:51","00:50","-1","0","0","0","0","0"
"F9","03/08/2024","1292","N337FR","MSP","10:05","09:59","-6","0","0","0","0","0"
"F9","03/08/2024","1324","N354FR","DFW","05:05","05:54","49","0","49","34","0","0"
"F9","03/08/2024","1362","N610FR","CLT","16:59","17:43","44","0","0","0","0","37"
"F9","03/08/2024","1375","N303FR","PHX","07:00","06:58","-2","0","0","0","0","0"
"F9","03/08/2024","1402","N716FR","BNA","08:35","08:26","-9","0","0","0","0","0"
"F9","03/08/2024","1499","N382FR","ONT","22:36","22:35","-1","0","0","0","0","0"
"F9","03/08/2024","1592","N379FR","MDW","05:01","05:58","57","57","0","17","0","0"
"F9","03/08/2024","1630","N362FR","FSD","10:14","10:05","-9","0","0","0","0","0"
"F9","03/08/2024","1678","N373FR","DSM","09:00","09:05","5","5","0","10","0","0"
"F9","03/08/2024","1734","N334FR","MCO","00:18","00:37","19","0","0","0","0","0"
"F9","03/08/2024","1816","N312FR","AUS","05:01","05:00","-1","0","0","29","0","0"
"F9","03/08/2024","1864","N373FR","OKC","14:41","14:40","-1","0","0","0","0","0"
"F9","03/08/2024","2015","N354FR","LAS","11:20","12:37","77","0","0","0","0","51"
"F9","03/08/2024","2105","N335FR","PHX","10:35","10:27","-8","0","0","0","0","0"
"F9","03/08/2024","2141","N634FR","PHX","13:05","13:07","2","0","0","0","0","0"
"F9","03/08/2024","2148","N341FR","DFW","08:22","08:12","-10","0","0","15","0","0"
"F9","03/08/2024","2155","N305FR","LAS","14:32","14:37","5","0","0","0","0","0"
"F9","03/08/2024","2175","N362FR","PDX","22:08","22:10","2","0","0","0","0","0"
"F9","03/08/2024","2210","N373FR","MDW","18:49","19:35","46","0","0","12","0","46"
"F9","03/08/2024","2261","N230FR","ELP","10:29","10:23","-6","0","0","0","0","0"
"F9","03/08/2024","2348","N305FR","IND","07:30","07:18","-12","0","0","0","0","0"
"F9","03/08/2024","2356","N716FR","SAT","16:25","16:25","0","0","0","0","0","0"
"F9","03/08/2024","2374","N323FR","TYS","13:40","14:22","42","0","0","0","0","36"
"F9","03/08/2024","2429","N347FR","LAS","18:02","18:12","10","0","0","0","0","0"
"F9","03/08/2024","2438","N384FR","RDU","16:36","16:50","14","0","0","0","0","0"
"F9","03/08/2024","2454","N358FR","PNS","16:29","16:56","27","12","0","3","0","15"
"F9","03/08/2024","2480","N391FR","DFW","12:03","12:02","-1","0","0","0","0","0"
"F9","03/08/2024","2570","N388FR","OMA","17:50","17:52","2","0","0","0","0","0"
"F9","03/08/2024","2734","N335FR","RSW","15:32","16:28","56","0","0","0","0","52"
"F9","03/08/2024","2746","N606FR","TPA","06:35","06:28","-7","0","0","0","0","0"
"F9","03/08/2024","2762","N719FR","TPA","13:44","14:08","24","0","0","0","0","19"
"F9","03/08/2024","2802","N611FR","MCO","06:35","06:32","-3","0","0","0","0","0"
"F9","03/08/2024","2817","N720FR","SAN","06:35","06:30","-5","0","0","17","0","0"
"F9","03/08/2024","2823","N388FR","SLC","09:09","09:18","9","0","0","0","0","0"
"F9","03/08/2024","3040","N349FR","IAH","05:01","06:00","59","59","0","2","0","0"
"F9","03/08/2024","3050","N347FR","XNA","12:05","12:01","-4","0","0","0","0","0"
"F9","03/08/2024","3223","N312FR","SLC","11:40","11:46","6","0","0","0","0","0"
"F9","03/08/2024","3266","N358FR","PHL","06:35","06:44","9","0","9","19","0","0"
"F9","03/08/2024","3286","N375FR","CVG","05:01","05:14","13","0","13","21","0","0"
"F9","03/08/2024","3312","N330FR","MCO","11:53","11:59","6","0","0","0","0","0"
"F9","03/08/2024","3414","N363FR","DFW","19:47","20:21","34","23","0","4","0","11"
"F9","03/08/2024","3467","N720FR","PHX","15:05","16:43","98","0","0","1","0","98"
"F9","03/08/2024","3543","N305FR","LAS","20:28","20:34","6","0","0","0","0","0"
"F9","03/08/2024","3861","N634FR","SLC","19:43","19:43","0","0","0","0","0","0"
"F9","03/08/2024","4309","N323FR","SFO","22:02","22:01","-1","0","0","0","0","0"
"F9","03/08/2024","4371","N391FR","SNA","18:13","18:33","20","0","0","0","0","0"
"F9","03/08/2024","4386","N375FR","CID","19:03","20:21","78","0","0","0","0","66"
"F9","03/08/2024","4611","N379FR","LAS","23:40","23:55","15","0","0","0","0","0"
"F9","03/08/2024","4635","N359FR","PHX","22:13","00:04","111","0","0","0","0","83"
"F9","03/08/2024","4714","N606FR","TPA","16:49","16:48","-1","0","0","0","0","0"
"F9","03/08/2024","4776","N363FR","LIT","12:51","14:14","83","0","0","0","0","73"
"F9","03/08/2024","4856","N348FR","IAH","17:50","17:48","-2","0","0","0","0","0"
"F9","03/08/2024","4927","N303FR","SAN","17:02","17:39","37","10","0","17","0","27"
"F9","03/09/2024","0006","N605FR","STL","07:30","07:43","13","13","0","10","0","0"
"F9","03/09/2024","0686","N335FR","DCA","07:30","07:22","-8","0","0","0","0","0"
"F9","03/09/2024","0688","N358FR","DCA","12:30","13:36","66","0","0","0","0","56"
"F9","03/09/2024","0690","N391FR","DCA","16:40","16:42","2","0","0","0","0","0"
"F9","03/09/2024","1093","N705FR","SFO","16:02","16:02","0","0","0","0","0","0"
"F9","03/09/2024","1150","N349FR","MSP","05:05","05:21","16","16","0","17","0","0"
"F9","03/09/2024","1162","N362FR","HOU","13:52","13:42","-10","0","0","0","0","0"
"F9","03/09/2024","1229","N637FR","SFO","21:52","21:48","-4","0","0","0","0","0"
"F9","03/09/2024","1261","N391FR","ONT","05:01","04:58","-3","0","0","0","0","0"
"F9","03/09/2024","1280","N328FR","MIA","00:17","00:24","7","0","0","0","0","0"
"F9","03/09/2024","1292","N356FR","MSP","11:31","12:42","71","71","0","8","0","0"
"F9","03/09/2024","1324","N384FR","DFW","05:05","05:08","3","3","0","22","0","0"
"F9","03/09/2024","1362","N701FR","CLT","16:59","17:29","30","4","0","0","0","18"
"F9","03/09/2024","1375","N350FR","PHX","06:00","06:55","55","46","0","0","0","0"
"F9","03/09/2024","1429","N375FR","SNA","14:51","14:49","-2","0","0","0","0","0"
"F9","03/09/2024","1501","N620FR","ONT","22:07","22:07","0","0","0","0","0","0"
"F9","03/09/2024","1592","N358FR","MDW","05:01","05:20","19","19","0","14","0","0"
"F9","03/09/2024","1608","N373FR","MKE","06:35","06:29","-6","0","0","0","0","0"
"F9","03/09/2024","1630","N312FR","FSD","10:16","10:06","-10","0","0","0","0","0"
"F9","03/09/2024","1734","N348FR","MCO","00:59","00:51","-8","0","0","0","0","0"
"F9","03/09/2024","1816","N352FR","AUS","06:30","06:23","-7","0","0","0","0","0"
"F9","03/09/2024","1864","N373FR","OKC","13:51","13:43","-8","0","0","0","0","0"
"F9","03/09/2024","1918","N303FR","CLE","08:00","07:52","-8","0","0","0","0","0"
"F9","03/09/2024","1993","N316FR","LAS","08:53","08:44","-9","0","0","0","0","0"
"F9","03/09/2024","2015","","LAS","10:55","00:00","0","0","0","0","0","0"
"F9","03/09/2024","2038","N362FR","CID","07:45","07:34","-11","0","0","0","0","0"
"F9","03/09/2024","2105","N350FR","PHX","11:20","12:58","98","0","0","0","0","74"
"F9","03/09/2024","2141","N723FR","PHX","13:35","13:38","3","0","0","0","0","0"
"F9","03/09/2024","2151","N350FR","SEA","17:17","18:16","59","0","0","0","0","53"
"F9","03/09/2024","2155","N352FR","LAS","13:01","13:00","-1","0","0","0","0","0"
"F9","03/09/2024","2175","N375FR","PDX","22:11","22:07","-4","0","0","0","0","0"
"F9","03/09/2024","2348","N363FR","IND","06:50","06:43","-7","0","0","0","0","0"
"F9","03/09/2024","2349","N709FR","LAS","15:15","15:11","-4","0","0","0","0","0"
"F9","03/09/2024","2360","N388FR","MSY","18:26","19:38","72","0","0","0","0","60"
"F9","03/09/2024","2374","N303FR","TYS","16:20","16:10","-10","0","0","0","0","0"
"F9","03/09/2024","2429","N720FR","LAS","19:00","19:02","2","0","0","0","0","0"
"F9","03/09/2024","2438","N363FR","RDU","14:16","14:08","-8","0","0","0","0","0"
"F9","03/09/2024","2454","N341FR","PNS","16:46","17:44","58","0","0","0","0","32"
"F9","03/09/2024","2480","N388FR","DFW","12:05","11:56","-9","0","0","0","0","0"
"F9","03/09/2024","2500","N324FR","ATL","13:36","14:10","34","0","0","0","0","17"
"F9","03/09/2024","2570","N349FR","OMA","17:05","17:00","-5","0","0","0","0","0"
"F9","03/09/2024","2632","N390FR","DFW","15:50","17:06","76","22","0","14","0","54"
"F9","03/09/2024","2746","N719FR","TPA","06:35","07:31","56","0","0","78","0","0"
"F9","03/09/2024","2802","N716FR","MCO","06:35","07:46","71","0","0","61","0","0"
"F9","03/09/2024","2817","N323FR","SAN","06:40","06:36","-4","0","0","0","0","0"
"F9","03/09/2024","2823","N385FR","SLC","09:09","09:01","-8","0","0","0","0","0"
"F9","03/09/2024","3040","N705FR","IAH","08:50","08:39","-11","0","0","0","0","0"
"F9","03/09/2024","3050","N349FR","XNA","11:20","11:16","-4","0","0","0","0","0"
"F9","03/09/2024","3223","N391FR","SLC","11:45","11:36","-9","0","0","0","0","0"
"F9","03/09/2024","3230","N610FR","IAH","16:24","16:28","4","0","0","0","0","0"
"F9","03/09/2024","3266","N610FR","PHL","06:10","06:23","13","13","0","18","0","0"
"F9","03/09/2024","3286","N382FR","CVG","05:30","05:57","27","27","0","5","0","0"
"F9","03/09/2024","3312","N348FR","MCO","11:01","11:24","23","0","0","0","0","0"
"F9","03/09/2024","3376","N323FR","MCI","13:30","14:04","34","9","0","1","0","25"
"F9","03/09/2024","3414","N323FR","DFW","19:22","20:41","79","63","0","0","0","6"
"F9","03/09/2024","3467","N312FR","PHX","15:35","15:25","-10","0","0","0","0","0"
"F9","03/09/2024","3566","N375FR","DTW","06:35","06:33","-2","0","0","0","0","0"
"F9","03/09/2024","3861","N723FR","SLC","19:53","19:46","-7","0","0","0","0","0"
"F9","03/09/2024","4635","N352FR","PHX","22:13","22:24","11","0","0","0","0","0"
"F9","03/09/2024","4714","N719FR","TPA","16:40","22:47","367","0","0","296","0","98"
"F9","03/09/2024","4989","N335FR","SAN","17:02","16:54","-8","0","0","0","0","0"
"F9","03/10/2024","0094","N323FR","MCI","05:47","05:49","2","0","0","0","0","0"
"F9","03/10/2024","0686","N230FR","DCA","07:30","07:59","29","21","0","0","0","0"
"F9","03/10/2024","0688","N382FR","DCA","12:38","12:36","-2","0","0","0","0","0"
"F9","03/10/2024","0690","N374FR","DCA","16:40","17:18","38","25","0","0","0","13"
"F9","03/10/2024","1093","N350FR","SFO","11:35","11:35","0","0","0","0","0","0"
"F9","03/10/2024","1114","N720FR","TPA","06:35","07:02","27","0","0","0","0","0"
"F9","03/10/2024","1128","N350FR","OMA","18:54","18:54","0","0","0","0","0","0"
"F9","03/10/2024","1150","N701FR","MSP","05:01","04:57","-4","0","0","0","0","0"
"F9","03/10/2024","1162","N335FR","HOU","12:18","12:14","-4","0","0","0","0","0"
"F9","03/10/2024","1229","N375FR","SFO","21:47","22:25","38","0","0","24","0","0"
"F9","03/10/2024","1248","N391FR","GRR","16:38","16:36","-2","0","0","0","0","0"
"F9","03/10/2024","1261","N312FR","ONT","05:01","05:00","-1","0","0","0","0","0"
"F9","03/10/2024","1280","N363FR","MIA","00:36","04:28","232","146","0","0","0","0"
"F9","03/10/2024","1292","N356FR","MSP","09:55","10:31","36","0","0","0","0","21"
"F9","03/10/2024","1324","N341FR","DFW","05:01","05:01","0","0","0","0","0","0"
"F9","03/10/2024","1362","N637FR","CLT","17:09","17:54","45","4","0","0","0","35"
"F9","03/10/2024","1375","N637FR","PHX","07:00","07:27","27","0","0","0","0","0"
"F9","03/10/2024","1402","N701FR","BNA","11:36","12:16","40","0","0","0","0","26"
"F9","03/10/2024","1429","N337FR","SNA","18:03","18:24","21","0","0","0","0","0"
"F9","03/10/2024","1450","N308FR","ATL","08:15","08:22","7","7","0","8","0","0"
"F9","03/10/2024","1592","N382FR","MDW","05:30","05:27","-3","0","0","0","0","0"
"F9","03/10/2024","1608","N335FR","MKE","05:05","05:05","0","0","0","0","0","0"
"F9","03/10/2024","1734","N349FR","MCO","00:19","12:45","746","690","0","0","0","0"
"F9","03/10/2024","1764","N391FR","FAR","10:14","10:10","-4","0","0","0","0","0"
"F9","03/10/2024","1791","N382FR","PDX","22:08","21:59","-9","0","0","0","0","0"
"F9","03/10/2024","1816","N350FR","AUS","05:01","05:01","0","0","0","0","0","0"
"F9","03/10/2024","1819","N341FR","PHX","11:20","11:50","30","0","0","0","0","0"
"F9","03/10/2024","1864","N358FR","OKC","10:00","10:14","14","0","0","0","0","0"
"F9","03/10/2024","1866","N303FR","MSY","14:17","14:20","3","0","0","0","0","0"
"F9","03/10/2024","1918","N620FR","CLE","06:35","06:59","24","0","0","0","0","0"
"F9","03/10/2024","1993","N362FR","LAS","10:50","10:48","-2","0","0","0","0","0"
"F9","03/10/2024","2105","N634FR","PHX","13:30","13:25","-5","0","0","0","0","0"
"F9","03/10/2024","2141","N348FR","PHX","15:30","15:27","-3","0","0","0","0","0"
"F9","03/10/2024","2145","N362FR","SEA","17:01","17:30","29","7","0","0","0","17"
"F9","03/10/2024","2148","N714FR","DFW","08:27","08:21","-6","0","0","0","0","0"
"F9","03/10/2024","2155","N358FR","LAS","14:53","17:43","170","145","0","0","0","9"
"F9","03/10/2024","2210","N308FR","MDW","18:50","19:09","19","0","0","0","0","17"
"F9","03/10/2024","2261","N364FR","ELP","10:15","10:07","-8","0","0","0","0","0"
"F9","03/10/2024","2349","N359FR","LAS","17:44","20:43","179","173","0","0","0","0"
"F9","03/10/2024","2429","N386FR","LAS","19:44","19:38","-6","0","0","0","0","0"
"F9","03/10/2024","2438","N610FR","RDU","16:14","16:42","28","0","0","0","0","0"
"F9","03/10/2024","2454","N230FR","PNS","17:17","17:16","-1","0","0","0","0","0"
"F9","03/10/2024","2480","","DFW","13:22","00:00","0","0","0","0","0","0"
"F9","03/10/2024","2632","N626FR","DFW","16:49","17:27","38","38","0","6","0","0"
"F9","03/10/2024","2746","","TPA","13:18","00:00","0","0","0","0","0","0"
"F9","03/10/2024","2762","N720FR","TPA","16:35","17:06","31","9","0","0","0","12"
"F9","03/10/2024","2802","N716FR","MCO","06:45","09:24","159","0","0","37","0","90"
"F9","03/10/2024","2817","N375FR","SAN","07:00","07:05","5","0","0","0","0","0"
"F9","03/10/2024","2823","N316FR","SLC","09:09","09:36","27","0","0","0","0","0"
"F9","03/10/2024","3040","N388FR","IAH","05:05","06:50","105","89","0","0","0","0"
"F9","03/10/2024","3050","N337FR","XNA","12:18","13:05","47","36","0","0","0","0"
"F9","03/10/2024","3223","N374FR","SLC","11:40","11:37","-3","0","0","0","0","0"
"F9","03/10/2024","3230","N716FR","IAH","17:50","20:28","158","0","0","0","0","158"
"F9","03/10/2024","3266","N718FR","PHL","06:35","07:02","27","21","0","0","0","0"
"F9","03/10/2024","3286","N375FR","CVG","13:51","13:58","7","0","0","0","0","0"
"F9","03/10/2024","3302","N335FR","STL","19:17","19:14","-3","0","0","0","0","0"
"F9","03/10/2024","3312","N312FR","MCO","11:45","12:17","32","0","0","0","0","0"
"F9","03/10/2024","3414","N701FR","DFW","19:22","19:15","-7","0","0","0","0","0"
"F9","03/10/2024","3467","N329FR","PHX","22:13","22:10","-3","0","0","0","0","0"
"F9","03/10/2024","3475","N369FR","ONT","22:35","22:33","-2","0","0","0","0","0"
"F9","03/10/2024","3566","N705FR","DTW","05:01","05:05","4","4","0","19","0","0"
"F9","03/10/2024","3843","N341FR","LAS","23:40","00:16","36","0","0","0","0","16"
"F9","03/10/2024","3861","N634FR","SLC","19:48","19:54","6","0","0","0","0","0"
"F9","03/10/2024","4626","N303FR","MEM","07:15","07:33","18","0","0","0","0","0"
"F9","03/10/2024","4927","N313FR","SAN","17:02","17:45","43","0","0","4","0","43"
"F9","03/11/2024","0006","N610FR","STL","06:55","06:54","-1","0","0","0","0","0"
"F9","03/11/2024","0686","N328FR","DCA","07:30","07:28","-2","0","0","0","0","0"
"F9","03/11/2024","0688","N313FR","DCA","12:37","12:31","-6","0","0","0","0","0"
"F9","03/11/2024","0690","N335FR","DCA","16:40","16:40","0","0","0","0","0","0"
"F9","03/11/2024","1002","N356FR","MSN","07:20","07:11","-9","0","0","0","0","0"
"F9","03/11/2024","1063","N350FR","SMF","05:05","04:54","-11","0","0","0","0","0"
"F9","03/11/2024","1066","N323FR","GRB","06:35","06:31","-4","0","0","0","0","0"
"F9","03/11/2024","1093","N339FR","SFO","15:19","15:52","33","18","0","0","0","0"
"F9","03/11/2024","1114","N719FR","TPA","06:35","06:49","14","0","0","0","0","0"
"F9","03/11/2024","1128","N356FR","OMA","19:14","19:23","9","0","0","0","0","0"
"F9","03/11/2024","1150","","MSP","05:05","00:00","0","0","0","0","0","0"
"F9","03/11/2024","1229","N369FR","SFO","21:47","21:46","-1","0","0","0","0","0"
"F9","03/11/2024","1261","N313FR","ONT","05:01","04:59","-2","0","0","0","0","0"
"F9","03/11/2024","1280","N362FR","MIA","00:36","00:58","22","0","0","0","0","0"
"F9","03/11/2024","1292","N336FR","MSP","11:31","11:21","-10","0","0","0","0","0"
"F9","03/11/2024","1324","N230FR","DFW","05:05","05:08","3","0","0","0","0","0"
"F9","03/11/2024","1362","N629FR","CLT","16:59","17:09","10","0","0","0","0","0"
"F9","03/11/2024","1375","N637FR","PHX","06:00","06:47","47","35","0","0","0","0"
"F9","03/11/2024","1380","N323FR","HOU","19:00","18:52","-8","0","0","0","0","0"
"F9","03/11/2024","1592","N369FR","MDW","05:01","05:22","21","0","0","0","0","0"
"F9","03/11/2024","1630","N374FR","FSD","10:14","10:07","-7","0","0","0","0","0"
"F9","03/11/2024","1678","N303FR","DSM","06:45","06:44","-1","0","0","0","0","0"
"F9","03/11/2024","1734","N391FR","MCO","00:18","11:54","696","665","0","0","0","0"
"F9","03/11/2024","1764","N375FR","FAR","06:35","06:31","-4","0","0","0","0","0"
"F9","03/11/2024","1789","N385FR","PDX","22:08","22:19","11","0","0","0","0","0"
"F9","03/11/2024","1816","N704FR","AUS","08:20","08:12","-8","0","0","0","0","0"
"F9","03/11/2024","1819","N230FR","PHX","11:20","11:19","-1","0","0","0","0","0"
"F9","03/11/2024","1864","N356FR","OKC","14:03","13:55","-8","0","0","0","0","0"
"F9","03/11/2024","1993","N351FR","LAS","10:20","10:12","-8","0","0","0","0","0"
"F9","03/11/2024","2038","N350FR","CID","12:04","11:49","-15","0","0","0","0","0"
"F9","03/11/2024","2105","N723FR","PHX","13:20","13:15","-5","0","0","0","0","0"
"F9","03/11/2024","2141","N704FR","PHX","15:20","15:12","-8","0","0","0","0","0"
"F9","03/11/2024","2148","N308FR","DFW","08:22","08:16","-6","0","0","0","0","0"
"F9","03/11/2024","2155","N392FR","LAS","14:32","14:45","13","0","0","0","0","0"
"F9","03/11/2024","2210","N366FR","MDW","18:50","18:51","1","0","0","0","0","0"
"F9","03/11/2024","2261","N354FR","ELP","09:59","09:51","-8","0","0","0","0","0"
"F9","03/11/2024","2348","N339FR","IND","07:30","07:19","-11","0","0","0","0","0"
"F9","03/11/2024","2356","N230FR","SAT","17:17","17:10","-7","0","0","0","0","0"
"F9","03/11/2024","2374","N328FR","TYS","13:40","16:03","143","0","0","0","0","134"
"F9","03/11/2024","2429","N359FR","LAS","18:02","18:41","39","0","0","0","0","25"
"F9","03/11/2024","2438","N351FR","RDU","16:32","16:25","-7","0","0","0","0","0"
"F9","03/11/2024","2454","N637FR","PNS","16:49","16:49","0","0","0","0","0","0"
"F9","03/11/2024","2480","N375FR","DFW","12:18","14:25","127","111","0","0","0","0"
"F9","03/11/2024","2734","N374FR","RSW","15:32","15:34","2","0","0","0","0","0"
"F9","03/11/2024","2746","N382FR","TPA","13:24","13:40","16","0","0","0","0","0"
"F9","03/11/2024","2762","N719FR","TPA","16:32","16:32","0","0","0","0","0","0"
"F9","03/11/2024","2802","N716FR","MCO","06:35","06:44","9","0","0","0","0","0"
"F9","03/11/2024","2817","N382FR","SAN","06:35","06:30","-5","0","0","0","0","0"
"F9","03/11/2024","2823","N383FR","SLC","09:09","09:10","1","0","0","0","0","0"
"F9","03/11/2024","3040","N701FR","IAH","05:05","05:02","-3","0","0","0","0","0"
"F9","03/11/2024","3050","N303FR","XNA","12:05","12:30","25","0","0","0","0","0"
"F9","03/11/2024","3223","N335FR","SLC","11:40","11:50","10","0","0","0","0","0"
"F9","03/11/2024","3230","N626FR","IAH","16:46","20:03","197","0","0","0","0","186"
"F9","03/11/2024","3266","N626FR","PHL","06:35","08:10","95","95","0","1","0","0"
"F9","03/11/2024","3286","N337FR","CVG","05:20","05:18","-2","0","0","0","0","0"
"F9","03/11/2024","3294","N324FR","ATL","14:45","14:41","-4","0","0","0","0","0"
"F9","03/11/2024","3312","N369FR","MCO","12:00","12:32","32","0","0","0","0","0"
"F9","03/11/2024","3376","N701FR","MCI","13:30","13:26","-4","0","0","0","0","0"
"F9","03/11/2024","3414","N701FR","DFW","19:22","19:14","-8","0","0","0","0","0"
"F9","03/11/2024","3467","N339FR","PHX","22:14","22:41","27","0","0","0","0","0"
"F9","03/11/2024","3475","N382FR","ONT","22:35","23:01","26","0","0","0","0","0"
"F9","03/11/2024","3543","N392FR","LAS","20:28","20:27","-1","0","0","0","0","0"
"F9","03/11/2024","3843","N373FR","LAS","23:48","23:38","-10","0","0","0","0","0"
"F9","03/11/2024","3861","N723FR","SLC","19:58","20:08","10","2","0","54","0","8"
"F9","03/11/2024","4371","N350FR","SNA","18:13","18:06","-7","0","0","0","0","0"
"F9","03/11/2024","4638","N625FR","CLE","19:36","19:54","18","0","0","0","0","18"
"F9","03/11/2024","4776","N366FR","LIT","12:30","12:25","-5","0","0","0","0","0"
"F9","03/11/2024","4927","N303FR","SAN","17:02","18:09","67","0","0","0","0","52"
"F9","03/12/2024","0094","N385FR","MCI","05:47","05:44","-3","0","0","0","0","0"
"F9","03/12/2024","0686","N374FR","DCA","07:30","07:30","0","0","0","0","0","0"
"F9","03/12/2024","0688","N323FR","DCA","12:32","12:23","-9","0","0","0","0","0"
"F9","03/12/2024","0690","N328FR","DCA","16:40","16:34","-6","0","0","0","0","0"
"F9","03/12/2024","1114","N622FR","TPA","06:35","06:46","11","0","0","0","0","0"
"F9","03/12/2024","1150","N626FR","MSP","05:01","05:01","0","0","0","0","0","0"
"F9","03/12/2024","1162","N331FR","HOU","13:24","13:18","-6","0","0","0","0","0"
"F9","03/12/2024","1248","N335FR","GRR","16:25","16:26","1","0","0","0","0","0"
"F9","03/12/2024","1261","N328FR","ONT","05:01","05:15","14","0","0","0","0","0"
"F9","03/12/2024","1280","N350FR","MIA","00:36","01:06","30","0","0","0","0","0"
"F9","03/12/2024","1292","N352FR","MSP","09:55","09:54","-1","0","0","0","0","0"
"F9","03/12/2024","1299","N323FR","SFO","21:57","22:25","28","0","0","0","0","0"
"F9","03/12/2024","1324","N356FR","DFW","05:01","04:56","-5","0","0","0","0","0"
"F9","03/12/2024","1362","N313FR","CLT","16:59","17:12","13","0","0","0","0","0"
"F9","03/12/2024","1375","N701FR","PHX","07:00","06:53","-7","0","0","0","0","0"
"F9","03/12/2024","1402","N626FR","BNA","11:36","11:27","-9","0","0","0","0","0"
"F9","03/12/2024","1429","N356FR","SNA","17:19","17:38","19","16","0","0","0","0"
"F9","03/12/2024","1450","N375FR","ATL","08:05","08:11","6","0","0","0","0","0"
"F9","03/12/2024","1592","N323FR","MDW","05:01","05:14","13","0","0","0","0","0"
"F9","03/12/2024","1608","N367FR","MKE","09:45","09:41","-4","0","0","0","0","0"
"F9","03/12/2024","1734","N388FR","MCO","00:18","00:06","-12","0","0","0","0","0"
"F9","03/12/2024","1764","N335FR","FAR","10:14","10:04","-10","0","0","0","0","0"
"F9","03/12/2024","1789","N351FR","PDX","22:15","22:05","-10","0","0","0","0","0"
"F9","03/12/2024","1819","N356FR","PHX","11:20","11:18","-2","0","0","0","0","0"
"F9","03/12/2024","1864","N313FR","OKC","09:30","09:24","-6","0","0","0","0","0"
"F9","03/12/2024","1866","N351FR","MSY","11:41","11:33","-8","0","0","0","0","0"
"F9","03/12/2024","1918","N719FR","CLE","06:35","06:37","2","0","0","0","0","0"
"F9","03/12/2024","1993","N394FR","LAS","08:53","09:10","17","0","0","23","0","0"
"F9","03/12/2024","2015","N366FR","LAS","12:04","11:56","-8","0","0","24","0","0"
"F9","03/12/2024","2105","N723FR","PHX","13:20","15:17","117","97","0","0","0","0"
"F9","03/12/2024","2141","N622FR","PHX","15:20","17:07","107","3","0","23","0","104"
"F9","03/12/2024","2145","N375FR","SEA","19:07","19:02","-5","0","0","0","0","0"
"F9","03/12/2024","2148","N722FR","DFW","08:32","08:24","-8","0","0","0","0","0"
"F9","03/12/2024","2155","N394FR","LAS","14:56","15:10","14","0","0","0","0","0"
"F9","03/12/2024","2261","N382FR","ELP","13:36","14:06","30","18","0","0","0","0"
"F9","03/12/2024","2438","N629FR","RDU","16:14","16:09","-5","0","0","0","0","0"
"F9","03/12/2024","2454","N367FR","PNS","17:00","17:18","18","0","0","0","0","0"
"F9","03/12/2024","2480","N303FR","DFW","13:38","13:39","1","0","0","0","0","0"
"F9","03/12/2024","2632","N230FR","DFW","16:29","16:27","-2","0","0","0","0","0"
"F9","03/12/2024","2762","N637FR","TPA","16:40","17:35","55","14","0","8","0","41"
"F9","03/12/2024","2802","N637FR","MCO","06:35","06:44","9","0","0","0","0","0"
"F9","03/12/2024","2817","N303FR","SAN","06:35","06:25","-10","0","0","0","0","0"
"F9","03/12/2024","2823","N383FR","SLC","09:09","09:02","-7","0","0","0","0","0"
"F9","03/12/2024","3040","N366FR","IAH","05:01","05:03","2","0","0","0","0","0"
"F9","03/12/2024","3223","N328FR","SLC","11:45","11:45","0","0","0","0","0","0"
"F9","03/12/2024","3230","N701FR","IAH","17:50","17:43","-7","0","0","0","0","0"
"F9","03/12/2024","3266","N230FR","PHL","06:35","06:32","-3","0","0","0","0","0"
"F9","03/12/2024","3286","N369FR","CVG","15:05","15:01","-4","0","0","0","0","0"
"F9","03/12/2024","3302","N366FR","STL","18:05","18:23","18","0","0","0","0","0"
"F9","03/12/2024","3414","N626FR","DFW","19:22","19:16","-6","0","0","0","0","0"
"F9","03/12/2024","3467","N384FR","PHX","22:13","22:03","-10","0","0","0","0","0"
"F9","03/12/2024","3475","N230FR","ONT","22:35","23:06","31","0","0","0","0","0"
"F9","03/12/2024","3543","N331FR","LAS","20:05","21:17","72","0","0","0","0","62"
"F9","03/12/2024","3566","N369FR","DTW","06:50","06:49","-1","0","0","0","0","0"
"F9","03/12/2024","3756","N382FR","AUS","19:13","19:29","16","0","0","0","0","0"
"F9","03/12/2024","3843","N373FR","LAS","23:26","23:26","0","0","0","0","0","0"
"F9","03/12/2024","3861","N723FR","SLC","19:58","21:03","65","0","0","31","0","65"
"F9","03/12/2024","4626","N382FR","MEM","06:35","06:25","-10","0","0","0","0","0"
"F9","03/12/2024","4927","N374FR","SAN","17:02","16:53","-9","0","0","0","0","0"
"F9","03/13/2024","0006","N629FR","STL","06:55","06:54","-1","0","0","0","0","0"
"F9","03/13/2024","0686","N351FR","DCA","07:30","07:23","-7","0","0","0","0","0"
"F9","03/13/2024","0688","N303FR","DCA","12:32","12:29","-3","0","0","0","0","0"
"F9","03/13/2024","0690","N382FR","DCA","16:40","16:51","11","0","0","0","0","0"
"F9","03/13/2024","1066","N375FR","GRB","06:35","06:28","-7","0","0","0","0","0"
"F9","03/13/2024","1093","N344FR","SFO","16:30","17:09","39","0","0","15","0","0"
"F9","03/13/2024","1114","N704FR","TPA","06:35","07:32","57","0","0","68","0","0"
"F9","03/13/2024","1229","","SFO","21:47","00:00","0","0","0","0","0","0"
"F9","03/13/2024","1261","N708FR","ONT","05:01","05:04","3","0","0","0","0","0"
"F9","03/13/2024","1280","N335FR","MIA","00:36","00:27","-9","0","0","0","0","0"
"F9","03/13/2024","1292","N374FR","MSP","11:31","12:45","74","26","0","0","0","23"
"F9","03/13/2024","1324","N356FR","DFW","05:05","05:06","1","0","0","0","0","0"
"F9","03/13/2024","1362","N701FR","CLT","16:59","18:59","120","0","63","0","0","53"
"F9","03/13/2024","1375","N323FR","PHX","06:00","06:06","6","0","0","0","0","0"
"F9","03/13/2024","1402","N354FR","BNA","11:36","11:28","-8","0","0","0","0","0"
"F9","03/13/2024","1450","N622FR","ATL","08:45","08:53","8","0","0","0","0","0"
"F9","03/13/2024","1592","N313FR","MDW","05:01","05:07","6","0","0","0","0","0"
"F9","03/13/2024","1630","N328FR","FSD","10:14","10:26","12","0","0","0","0","0"
"F9","03/13/2024","1678","N372FR","DSM","08:25","08:41","16","0","0","0","0","0"
"F9","03/13/2024","1734","N366FR","MCO","00:18","00:37","19","0","0","0","0","0"
"F9","03/13/2024","1791","","PDX","22:08","00:00","0","0","0","0","0","0"
"F9","03/13/2024","1816","N708FR","AUS","12:05","12:01","-4","0","0","0","0","0"
"F9","03/13/2024","1819","N377FR","PHX","11:20","11:26","6","0","0","0","0","0"
"F9","03/13/2024","1864","N372FR","OKC","14:03","14:08","5","0","0","0","0","0"
"F9","03/13/2024","1993","N373FR","LAS","08:53","09:09","16","0","0","0","0","0"
"F9","03/13/2024","2015","N337FR","LAS","11:56","12:59","63","49","0","0","0","0"
"F9","03/13/2024","2038","N317FR","CID","12:04","11:56","-8","0","0","0","0","0"
"F9","03/13/2024","2105","N723FR","PHX","13:35","13:42","7","0","0","0","0","0"
"F9","03/13/2024","2141","N323FR","PHX","15:35","16:07","32","2","0","0","0","21"
"F9","03/13/2024","2145","N708FR","SEA","18:49","19:12","23","0","0","0","0","0"
"F9","03/13/2024","2148","N722FR","DFW","08:32","08:34","2","0","0","0","0","0"
"F9","03/13/2024","2155","N367FR","LAS","14:32","14:30","-2","0","0","0","0","0"
"F9","03/13/2024","2261","N316FR","ELP","10:10","10:06","-4","0","0","0","0","0"
"F9","03/13/2024","2348","N367FR","IND","07:30","07:31","1","0","0","0","0","0"
"F9","03/13/2024","2356","N620FR","SAT","17:45","17:53","8","0","0","0","0","0"
"F9","03/13/2024","2374","N375FR","TYS","13:40","13:39","-1","0","0","0","0","0"
"F9","03/13/2024","2454","N637FR","PNS","16:49","16:57","8","0","0","0","0","0"
"F9","03/13/2024","2480","N385FR","DFW","12:30","12:25","-5","0","0","0","0","0"
"F9","03/13/2024","2734","N328FR","RSW","15:32","15:32","0","0","0","0","0","0"
"F9","03/13/2024","2762","N704FR","TPA","16:40","18:08","88","0","14","0","0","65"
"F9","03/13/2024","2802","N701FR","MCO","06:35","07:56","81","0","0","54","0","0"
"F9","03/13/2024","2817","N385FR","SAN","05:30","05:30","0","0","0","0","0","0"
"F9","03/13/2024","2823","N230FR","SLC","09:09","09:07","-2","0","0","0","0","0"
"F9","03/13/2024","3040","N374FR","IAH","05:01","05:07","6","0","0","0","0","0"
"F9","03/13/2024","3223","N382FR","SLC","11:40","11:30","-10","0","0","0","0","0"
"F9","03/13/2024","3230","N377FR","IAH","17:20","17:23","3","0","0","0","0","0"
"F9","03/13/2024","3266","N637FR","PHL","06:35","06:40","5","0","0","0","0","0"
"F9","03/13/2024","3286","N626FR","CVG","05:20","05:41","21","21","0","3","0","0"
"F9","03/13/2024","3414","N354FR","DFW","19:22","19:20","-2","0","0","0","0","0"
"F9","03/13/2024","3467","N303FR","PHX","22:13","22:23","10","0","0","0","0","0"
"F9","03/13/2024","3475","","ONT","22:35","00:00","0","0","0","0","0","0"
"F9","03/13/2024","3543","N367FR","LAS","20:28","20:26","-2","0","0","0","0","0"
"F9","03/13/2024","3843","N375FR","LAS","23:25","23:31","6","0","0","0","0","0"
"F9","03/13/2024","3861","N723FR","SLC","19:53","20:12","19","0","0","3","0","19"
"F9","03/13/2024","4371","N337FR","SNA","18:13","18:44","31","0","0","0","0","0"
"F9","03/13/2024","4927","N351FR","SAN","17:02","16:58","-4","0","0","0","0","0"
"F9","03/14/2024","0094","","MCI","05:47","00:00","0","0","0","0","0","0"
"F9","03/14/2024","0686","","DCA","07:30","00:00","0","0","0","0","0","0"
"F9","03/14/2024","0688","","DCA","12:05","00:00","0","0","0","0","0","0"
"F9","03/14/2024","0690","","DCA","16:40","00:00","0","0","0","0","0","0"
"F9","03/14/2024","1093","","SFO","11:19","00:00","0","0","0","0","0","0"
"F9","03/14/2024","1114","","TPA","06:35","00:00","0","0","0","0","0","0"
"F9","03/14/2024","1150","","MSP","05:01","00:00","0","0","0","0","0","0"
"F9","03/14/2024","1162","","HOU","12:14","00:00","0","0","0","0","0","0"
"F9","03/14/2024","1229","N354FR","SFO","21:47","22:17","30","0","0","48","0","0"
"F9","03/14/2024","1248","","GRR","16:25","00:00","0","0","0","0","0","0"
"F9","03/14/2024","1261","","ONT","05:01","00:00","0","0","0","0","0","0"
"F9","03/14/2024","1280","N362FR","MIA","00:36","00:26","-10","0","0","0","0","0"
"F9","03/14/2024","1292","","MSP","09:55","00:00","0","0","0","0","0","0"
"F9","03/14/2024","1324","","DFW","05:01","00:00","0","0","0","0","0","0"
"F9","03/14/2024","1362","","CLT","16:59","00:00","0","0","0","0","0","0"
"F9","03/14/2024","1375","","PHX","07:00","00:00","0","0","0","0","0","0"
"F9","03/14/2024","1402","","BNA","11:36","00:00","0","0","0","0","0","0"
"F9","03/14/2024","1429","","SNA","17:19","00:00","0","0","0","0","0","0"
"F9","03/14/2024","1450","","ATL","08:05","00:00","0","0","0","0","0","0"
"F9","03/14/2024","1592","","MDW","05:01","00:00","0","0","0","0","0","0"
"F9","03/14/2024","1608","","MKE","05:05","00:00","0","0","0","0","0","0"
"F9","03/14/2024","1734","N377FR","MCO","00:18","21:54","1296","1296","0","25","0","0"
"F9","03/14/2024","1764","","FAR","10:14","00:00","0","0","0","0","0","0"
"F9","03/14/2024","1789","N344FR","PDX","22:08","23:09","61","58","0","0","0","0"
"F9","03/14/2024","1816","","AUS","05:01","00:00","0","0","0","0","0","0"
"F9","03/14/2024","1819","","PHX","11:20","00:00","0","0","0","0","0","0"
"F9","03/14/2024","1864","","OKC","06:00","00:00","0","0","0","0","0","0"
"F9","03/14/2024","1866","","MSY","09:00","00:00","0","0","0","0","0","0"
"F9","03/14/2024","1918","","CLE","06:35","00:00","0","0","0","0","0","0"
"F9","03/14/2024","1993","","LAS","10:30","00:00","0","0","0","0","0","0"
"F9","03/14/2024","2105","","PHX","13:35","00:00","0","0","0","0","0","0"
"F9","03/14/2024","2141","","PHX","15:35","00:00","0","0","0","0","0","0"
"F9","03/14/2024","2148","","DFW","08:22","00:00","0","0","0","0","0","0"
"F9","03/14/2024","2153","","SEA","18:14","00:00","0","0","0","0","0","0"
"F9","03/14/2024","2155","","LAS","14:32","00:00","0","0","0","0","0","0"
"F9","03/14/2024","2210","","MDW","18:49","00:00","0","0","0","0","0","0"
"F9","03/14/2024","2261","","ELP","10:20","00:00","0","0","0","0","0","0"
"F9","03/14/2024","2438","","RDU","16:14","00:00","0","0","0","0","0","0"
"F9","03/14/2024","2454","","PNS","17:00","00:00","0","0","0","0","0","0"
"F9","03/14/2024","2480","","DFW","13:12","00:00","0","0","0","0","0","0"
"F9","03/14/2024","2570","","OMA","19:13","00:00","0","0","0","0","0","0"
"F9","03/14/2024","2632","","DFW","16:29","00:00","0","0","0","0","0","0"
"F9","03/14/2024","2746","","TPA","13:44","00:00","0","0","0","0","0","0"
"F9","03/14/2024","2762","","TPA","16:35","00:00","0","0","0","0","0","0"
"F9","03/14/2024","2802","","MCO","06:35","00:00","0","0","0","0","0","0"
"F9","03/14/2024","2817","","SAN","06:35","00:00","0","0","0","0","0","0"
"F9","03/14/2024","2823","","SLC","09:09","00:00","0","0","0","0","0","0"
"F9","03/14/2024","3040","","IAH","05:11","00:00","0","0","0","0","0","0"
"F9","03/14/2024","3050","","XNA","12:18","00:00","0","0","0","0","0","0"
"F9","03/14/2024","3223","","SLC","11:39","00:00","0","0","0","0","0","0"
"F9","03/14/2024","3230","","IAH","17:50","00:00","0","0","0","0","0","0"
"F9","03/14/2024","3266","","PHL","06:35","00:00","0","0","0","0","0","0"
"F9","03/14/2024","3286","","CVG","13:36","00:00","0","0","0","0","0","0"
"F9","03/14/2024","3302","","STL","19:07","00:00","0","0","0","0","0","0"
"F9","03/14/2024","3312","","MCO","11:45","00:00","0","0","0","0","0","0"
"F9","03/14/2024","3414","","DFW","19:22","00:00","0","0","0","0","0","0"
"F9","03/14/2024","3467","","PHX","22:13","00:00","0","0","0","0","0","0"
"F9","03/14/2024","3475","N328FR","ONT","22:35","22:37","2","0","0","0","0","0"
"F9","03/14/2024","3543","","LAS","20:05","00:00","0","0","0","0","0","0"
"F9","03/14/2024","3566","","DTW","06:50","00:00","0","0","0","0","0","0"
"F9","03/14/2024","3843","","LAS","23:40","00:00","0","0","0","0","0","0"
"F9","03/14/2024","3861","","SLC","19:53","00:00","0","0","0","0","0","0"
"F9","03/14/2024","4401","","LAS","18:02","00:00","0","0","0","0","0","0"
"F9","03/14/2024","4626","","MEM","06:35","00:00","0","0","0","0","0","0"
"F9","03/14/2024","4927","","SAN","17:02","00:00","0","0","0","0","0","0"
"F9","03/15/2024","0006","N626FR","STL","06:55","07:27","32","32","0","15","0","0"
"F9","03/15/2024","0094","N328FR","MCI","05:47","05:46","-1","0","0","0","0","0"
"F9","03/15/2024","0686","N307FR","DCA","07:30","07:32","2","0","0","0","0","0"
"F9","03/15/2024","0688","N370FR","DCA","12:32","13:14","42","13","0","0","0","4"
"F9","03/15/2024","0690","N361FR","DCA","16:40","17:48","68","0","0","0","0","61"
"F9","03/15/2024","1002","N364FR","MSN","08:00","08:18","18","12","0","13","0","6"
"F9","03/15/2024","1063","N369FR","SMF","05:05","04:54","-11","0","0","0","0","0"
"F9","03/15/2024","1066","N376FR","GRB","06:35","06:25","-10","0","0","0","0","0"
"F9","03/15/2024","1093","","SFO","15:00","00:00","0","0","0","0","0","0"
"F9","03/15/2024","1114","N705FR","TPA","06:35","06:45","10","10","0","37","0","0"
"F9","03/15/2024","1128","N317FR","OMA","17:50","17:40","-10","0","0","0","0","0"
"F9","03/15/2024","1150","N329FR","MSP","05:01","05:17","16","16","0","13","0","0"
"F9","03/15/2024","1162","N356FR","HOU","12:04","13:23","79","2","0","47","0","77"
"F9","03/15/2024","1229","N329FR","SFO","22:02","22:49","47","0","0","0","0","16"
"F9","03/15/2024","1261","N337FR","ONT","05:01","05:02","1","0","0","0","0","0"
"F9","03/15/2024","1280","N322FR","MIA","00:59","00:56","-3","0","0","19","0","0"
"F9","03/15/2024","1292","N358FR","MSP","10:05","09:57","-8","0","0","0","0","0"
"F9","03/15/2024","1324","N317FR","DFW","05:05","05:23","18","18","0","30","0","0"
"F9","03/15/2024","1362","N637FR","CLT","16:59","17:10","11","0","0","0","0","0"
"F9","03/15/2024","1375","N701FR","PHX","07:00","07:19","19","19","0","13","0","0"
"F9","03/15/2024","1402","N614FR","BNA","08:35","08:26","-9","0","0","0","0","0"
"F9","03/15/2024","1592","N354FR","MDW","05:01","06:35","94","13","0","16","0","81"
"F9","03/15/2024","1630","N382FR","FSD","10:14","10:09","-5","0","0","0","0","0"
"F9","03/15/2024","1678","N353FR","DSM","09:00","08:52","-8","0","0","0","0","0"
"F9","03/15/2024","1734","N351FR","MCO","00:18","00:18","0","0","0","15","0","0"
"F9","03/15/2024","1789","N370FR","PDX","22:08","22:02","-6","0","0","37","0","0"
"F9","03/15/2024","1816","N361FR","AUS","05:01","05:03","2","2","0","14","0","0"
"F9","03/15/2024","1819","N342FR","PHX","10:35","10:33","-2","0","0","0","0","0"
"F9","03/15/2024","1864","N384FR","OKC","14:41","15:47","66","0","0","0","0","55"
"F9","03/15/2024","2015","N317FR","LAS","11:20","11:49","29","0","0","0","0","0"
"F9","03/15/2024","2105","N723FR","PHX","13:05","13:00","-5","0","0","0","0","0"
"F9","03/15/2024","2141","N364FR","PHX","15:05","15:16","11","0","0","0","0","0"
"F9","03/15/2024","2145","N316FR","SEA","19:11","19:14","3","0","0","0","0","0"
"F9","03/15/2024","2148","N344FR","DFW","08:22","08:24","2","2","0","29","0","0"
"F9","03/15/2024","2155","N351FR","LAS","14:32","15:32","60","0","0","34","0","10"
"F9","03/15/2024","2210","N337FR","MDW","18:49","18:37","-12","0","0","0","0","0"
"F9","03/15/2024","2261","N372FR","ELP","10:29","10:26","-3","0","0","0","0","0"
"F9","03/15/2024","2348","N316FR","IND","07:30","07:42","12","0","0","0","0","0"
"F9","03/15/2024","2356","N614FR","SAT","16:25","16:21","-4","0","0","20","0","0"
"F9","03/15/2024","2374","N376FR","TYS","13:40","13:33","-7","0","0","0","0","0"
"F9","03/15/2024","2429","N383FR","LAS","18:02","18:31","29","0","0","0","0","0"
"F9","03/15/2024","2438","N342FR","RDU","16:36","16:35","-1","0","0","0","0","0"
"F9","03/15/2024","2454","N620FR","PNS","16:49","16:58","9","0","0","0","0","0"
"F9","03/15/2024","2480","N337FR","DFW","12:03","11:57","-6","0","0","20","0","0"
"F9","03/15/2024","2734","N382FR","RSW","15:32","15:56","24","0","0","0","0","0"
"F9","03/15/2024","2746","N719FR","TPA","13:44","14:54","70","54","0","0","0","0"
"F9","03/15/2024","2762","N705FR","TPA","16:49","17:37","48","2","0","91","0","46"
"F9","03/15/2024","2802","N637FR","MCO","06:35","06:30","-5","0","0","27","0","0"
"F9","03/15/2024","2817","N719FR","SAN","06:35","06:32","-3","0","0","0","0","0"
"F9","03/15/2024","2823","N384FR","SLC","09:09","11:19","130","0","0","0","0","105"
"F9","03/15/2024","3040","N356FR","IAH","05:01","05:08","7","7","0","84","0","0"
"F9","03/15/2024","3050","N369FR","XNA","12:05","11:55","-10","0","0","0","0","0"
"F9","03/15/2024","3223","N361FR","SLC","11:40","11:40","0","0","0","62","0","0"
"F9","03/15/2024","3230","N701FR","IAH","17:50","18:06","16","16","0","4","0","0"
"F9","03/15/2024","3266","N620FR","PHL","06:35","07:08","33","0","29","0","0","0"
"F9","03/15/2024","3286","N385FR","CVG","05:01","06:26","85","85","0","22","0","0"
"F9","03/15/2024","3294","","ATL","14:45","00:00","0","0","0","0","0","0"
"F9","03/15/2024","3312","N329FR","MCO","11:53","11:54","1","0","0","0","0","0"
"F9","03/15/2024","3414","N384FR","DFW","19:47","20:30","43","9","0","5","0","34"
"F9","03/15/2024","3467","N359FR","PHX","22:28","22:28","0","0","0","0","0","0"
"F9","03/15/2024","3475","N376FR","ONT","22:35","22:30","-5","0","0","0","0","0"
"F9","03/15/2024","3543","N351FR","LAS","20:28","21:15","47","0","0","0","0","35"
"F9","03/15/2024","3843","N349FR","LAS","23:40","05:55","375","0","0","370","0","0"
"F9","03/15/2024","3861","N723FR","SLC","19:43","19:38","-5","0","0","0","0","0"
"F9","03/15/2024","4371","N369FR","SNA","18:13","18:34","21","0","0","0","0","0"
"F9","03/15/2024","4386","N356FR","CID","19:03","20:49","106","0","0","0","0","94"
"F9","03/15/2024","4776","N353FR","LIT","12:51","14:50","119","34","0","0","0","80"
"F9","03/15/2024","4927","N307FR","SAN","17:02","17:01","-1","0","0","0","0","0"
"F9","03/16/2024","0006","N620FR","STL","07:30","07:23","-7","0","0","0","0","0"
"F9","03/16/2024","0686","N307FR","DCA","07:30","07:39","9","9","0","12","0","0"
"F9","03/16/2024","0688","N328FR","DCA","12:32","12:57","25","0","0","0","0","0"
"F9","03/16/2024","0690","N316FR","DCA","16:40","16:44","4","0","0","0","0","0"
"F9","03/16/2024","1093","N614FR","SFO","16:10","16:33","23","3","0","0","0","16"
"F9","03/16/2024","1114","N629FR","TPA","06:35","06:49","14","0","0","0","0","0"
"F9","03/16/2024","1128","N384FR","OMA","17:50","18:17","27","9","0","0","0","9"
"F9","03/16/2024","1150","N316FR","MSP","05:05","05:01","-4","0","0","0","0","0"
"F9","03/16/2024","1162","N337FR","HOU","14:16","14:08","-8","0","0","36","0","0"
"F9","03/16/2024","1229","N328FR","SFO","21:54","22:09","15","15","0","35","0","0"
"F9","03/16/2024","1261","N384FR","ONT","05:01","05:00","-1","0","0","0","0","0"
"F9","03/16/2024","1280","N317FR","MIA","00:17","00:24","7","0","0","0","0","0"
"F9","03/16/2024","1292","N370FR","MSP","11:31","11:22","-9","0","0","0","0","0"
"F9","03/16/2024","1324","N382FR","DFW","05:05","05:02","-3","0","0","17","0","0"
"F9","03/16/2024","1362","N719FR","CLT","16:59","18:26","87","68","0","0","0","0"
"F9","03/16/2024","1375","N376FR","PHX","06:00","06:11","11","0","0","0","0","0"
"F9","03/16/2024","1429","N346FR","SNA","14:50","14:43","-7","0","0","0","0","0"
"F9","03/16/2024","1499","N337FR","ONT","21:28","21:39","11","0","0","0","0","0"
"F9","03/16/2024","1592","N328FR","MDW","05:01","06:28","87","78","0","0","0","0"
"F9","03/16/2024","1608","N385FR","MKE","06:35","06:31","-4","0","0","0","0","0"
"F9","03/16/2024","1630","N361FR","FSD","10:26","10:19","-7","0","0","0","0","0"
"F9","03/16/2024","1734","N347FR","MCO","00:18","00:16","-2","0","0","0","0","0"
"F9","03/16/2024","1791","N329FR","PDX","22:11","22:02","-9","0","0","0","0","0"
"F9","03/16/2024","1816","N329FR","AUS","06:30","06:28","-2","0","0","0","0","0"
"F9","03/16/2024","1819","N382FR","PHX","11:20","11:13","-7","0","0","0","0","0"
"F9","03/16/2024","1864","N385FR","OKC","13:51","13:50","-1","0","0","0","0","0"
"F9","03/16/2024","1918","N353FR","CLE","08:00","08:01","1","0","0","0","0","0"
"F9","03/16/2024","1993","N372FR","LAS","08:53","08:50","-3","0","0","0","0","0"
"F9","03/16/2024","2015","N701FR","LAS","10:55","10:47","-8","0","0","0","0","0"
"F9","03/16/2024","2038","N356FR","CID","09:00","08:49","-11","0","0","0","0","0"
"F9","03/16/2024","2105","N634FR","PHX","13:35","13:30","-5","0","0","0","0","0"
"F9","03/16/2024","2141","N356FR","PHX","15:35","15:30","-5","0","0","0","0","0"
"F9","03/16/2024","2151","N382FR","SEA","17:17","17:48","31","0","0","0","0","0"
"F9","03/16/2024","2155","N329FR","LAS","12:58","12:58","0","0","0","0","0","0"
"F9","03/16/2024","2348","N364FR","IND","07:30","07:23","-7","0","0","0","0","0"
"F9","03/16/2024","2349","N603FR","LAS","14:58","15:06","8","0","0","0","0","0"
"F9","03/16/2024","2360","N376FR","MSY","18:26","19:06","40","37","0","0","0","0"
"F9","03/16/2024","2374","N392FR","TYS","16:20","16:42","22","0","0","0","0","0"
"F9","03/16/2024","2429","N701FR","LAS","19:00","18:55","-5","0","0","0","0","0"
"F9","03/16/2024","2438","N361FR","RDU","15:45","15:45","0","0","0","0","0","0"
"F9","03/16/2024","2454","N637FR","PNS","16:46","17:15","29","0","0","0","0","0"
"F9","03/16/2024","2480","N349FR","DFW","12:05","15:42","217","0","0","251","0","0"
"F9","03/16/2024","2632","N353FR","DFW","15:50","16:57","67","0","0","19","0","44"
"F9","03/16/2024","2762","N629FR","TPA","16:40","17:19","39","13","0","0","0","7"
"F9","03/16/2024","2802","N705FR","MCO","06:35","07:13","38","0","0","0","0","0"
"F9","03/16/2024","2817","N369FR","SAN","06:40","06:40","0","0","0","0","0","0"
"F9","03/16/2024","2823","N344FR","SLC","09:09","10:00","51","26","0","0","0","8"
"F9","03/16/2024","3040","N614FR","IAH","08:50","08:47","-3","0","0","0","0","0"
"F9","03/16/2024","3050","N384FR","XNA","12:05","11:55","-10","0","0","0","0","0"
"F9","03/16/2024","3223","N316FR","SLC","11:40","11:36","-4","0","0","0","0","0"
"F9","03/16/2024","3230","N711FR","IAH","16:49","19:05","136","28","0","7","0","108"
"F9","03/16/2024","3266","N637FR","PHL","06:35","06:32","-3","0","0","0","0","0"
"F9","03/16/2024","3286","N342FR","CVG","05:30","05:29","-1","0","0","0","0","0"
"F9","03/16/2024","3294","N364FR","ATL","14:45","14:42","-3","0","0","0","0","0"
"F9","03/16/2024","3312","N347FR","MCO","11:01","10:54","-7","0","0","0","0","0"
"F9","03/16/2024","3376","N369FR","MCI","13:30","13:32","2","0","0","0","0","0"
"F9","03/16/2024","3414","N369FR","DFW","19:22","22:21","179","170","0","0","0","0"
"F9","03/16/2024","3467","N358FR","PHX","22:13","22:15","2","0","0","0","0","0"
"F9","03/16/2024","3566","N337FR","DTW","06:00","05:59","-1","0","0","0","0","0"
"F9","03/16/2024","3861","N634FR","SLC","19:53","19:47","-6","0","0","0","0","0"
"F9","03/16/2024","4927","N307FR","SAN","17:02","17:19","17","0","0","0","0","0"
"F9","03/17/2024","0094","N328FR","MCI","05:47","06:19","32","0","0","0","0","0"
"F9","03/17/2024","0686","N349FR","DCA","07:30","07:25","-5","0","0","0","0","0"
"F9","03/17/2024","0688","N346FR","DCA","12:32","12:30","-2","0","0","0","0","0"
"F9","03/17/2024","0690","N349FR","DCA","16:40","16:59","19","0","0","0","0","0"
"F9","03/17/2024","1093","N385FR","SFO","11:11","11:56","45","0","0","18","0","0"
"F9","03/17/2024","1114","N612FR","TPA","06:35","06:35","0","0","0","0","0","0"
"F9","03/17/2024","1128","N305FR","OMA","17:53","18:21","28","21","0","0","0","0"
"F9","03/17/2024","1150","N603FR","MSP","05:01","07:48","167","153","0","0","0","0"
"F9","03/17/2024","1162","N307FR","HOU","12:18","12:23","5","0","0","0","0","0"
"F9","03/17/2024","1229","N346FR","SFO","21:57","21:57","0","0","0","0","0","0"
"F9","03/17/2024","1248","N316FR","GRR","16:28","16:28","0","0","0","0","0","0"
"F9","03/17/2024","1261","N307FR","ONT","05:01","05:03","2","0","0","0","0","0"
"F9","03/17/2024","1280","N236FR","MIA","00:36","01:17","41","11","0","0","0","23"
"F9","03/17/2024","1292","N324FR","MSP","09:55","09:46","-9","0","0","0","0","0"
"F9","03/17/2024","1324","N376FR","DFW","05:01","04:59","-2","0","0","0","0","0"
"F9","03/17/2024","1362","N637FR","CLT","16:59","17:31","32","0","0","0","0","0"
"F9","03/17/2024","1375","N719FR","PHX","07:00","07:09","9","0","0","0","0","0"
"F9","03/17/2024","1402","N603FR","BNA","11:36","13:49","133","0","0","0","0","121"
"F9","03/17/2024","1429","N382FR","SNA","17:32","17:52","20","0","0","0","0","0"
"F9","03/17/2024","1450","N384FR","ATL","08:05","08:02","-3","0","0","0","0","0"
"F9","03/17/2024","1592","N346FR","MDW","05:01","05:20","19","0","0","0","0","0"
"F9","03/17/2024","1734","N614FR","MCO","00:18","00:42","24","0","0","0","0","0"
"F9","03/17/2024","1764","N316FR","FAR","10:14","10:16","2","0","0","0","0","0"
"F9","03/17/2024","1789","N356FR","PDX","22:08","22:02","-6","0","0","0","0","0"
"F9","03/17/2024","1816","N382FR","AUS","05:01","05:07","6","0","0","0","0","0"
"F9","03/17/2024","1819","N382FR","PHX","11:35","11:40","5","0","0","0","0","0"
"F9","03/17/2024","1864","N369FR","OKC","10:00","09:57","-3","0","0","0","0","0"
"F9","03/17/2024","1866","N342FR","MSY","13:40","13:31","-9","0","0","0","0","0"
"F9","03/17/2024","1918","N622FR","CLE","06:35","06:32","-3","0","0","0","0","0"
"F9","03/17/2024","1993","N392FR","LAS","10:49","10:42","-7","0","0","0","0","0"
"F9","03/17/2024","2105","N723FR","PHX","13:35","13:57","22","0","0","0","0","17"
"F9","03/17/2024","2141","N337FR","PHX","15:35","15:31","-4","0","0","0","0","0"
"F9","03/17/2024","2145","N385FR","SEA","18:30","18:57","27","0","0","0","0","0"
"F9","03/17/2024","2148","N619FR","DFW","08:27","08:24","-3","0","0","0","0","0"
"F9","03/17/2024","2155","N232FR","LAS","15:05","15:23","18","0","0","0","0","0"
"F9","03/17/2024","2210","N384FR","MDW","18:50","19:01","11","0","0","0","0","0"
"F9","03/17/2024","2261","N313FR","ELP","10:10","13:29","199","0","0","0","0","188"
"F9","03/17/2024","2349","N329FR","LAS","17:44","18:52","68","25","0","0","0","13"
"F9","03/17/2024","2429","N367FR","LAS","19:44","19:47","3","0","0","0","0","0"
"F9","03/17/2024","2438","N629FR","RDU","16:14","16:44","30","15","0","0","0","0"
"F9","03/17/2024","2454","N392FR","PNS","17:09","18:29","80","67","0","0","0","0"
"F9","03/17/2024","2480","N233FR","DFW","13:32","18:27","295","0","0","0","0","289"
"F9","03/17/2024","2632","N711FR","DFW","16:49","17:50","61","58","0","2","0","3"
"F9","03/17/2024","2746","N369FR","TPA","13:18","15:18","120","9","0","0","0","101"
"F9","03/17/2024","2762","N612FR","TPA","16:36","18:40","124","0","0","113","0","0"
"F9","03/17/2024","2802","N637FR","MCO","06:35","07:06","31","0","0","0","0","0"
"F9","03/17/2024","2817","N356FR","SAN","06:35","06:43","8","0","0","0","0","0"
"F9","03/17/2024","2823","N361FR","SLC","09:09","09:40","31","25","0","0","0","0"
"F9","03/17/2024","3040","N329FR","IAH","05:05","05:10","5","0","0","0","0","0"
"F9","03/17/2024","3050","N329FR","XNA","12:08","11:56","-12","0","0","0","0","0"
"F9","03/17/2024","3223","N377FR","SLC","11:17","11:15","-2","0","0","0","0","0"
"F9","03/17/2024","3230","N719FR","IAH","17:50","17:46","-4","0","0","0","0","0"
"F9","03/17/2024","3266","N711FR","PHL","06:35","06:35","0","0","0","0","0","0"
"F9","03/17/2024","3286","N356FR","CVG","13:36","13:45","9","0","0","0","0","0"
"F9","03/17/2024","3302","N307FR","STL","19:17","19:13","-4","0","0","0","0","0"
"F9","03/17/2024","3312","N343FR","MCO","11:45","12:33","48","23","0","0","0","0"
"F9","03/17/2024","3414","N603FR","DFW","19:22","21:33","131","27","0","0","0","100"
"F9","03/17/2024","3467","N348FR","PHX","22:13","22:05","-8","0","0","0","0","0"
"F9","03/17/2024","3475","N328FR","ONT","22:35","22:23","-12","0","0","0","0","0"
"F9","03/17/2024","3566","N337FR","DTW","05:01","05:03","2","0","0","0","0","0"
"F9","03/17/2024","3843","N394FR","LAS","23:40","23:48","8","0","0","0","0","0"
"F9","03/17/2024","3861","N723FR","SLC","19:53","20:25","32","0","0","0","0","0"
"F9","03/17/2024","4626","N342FR","MEM","06:35","06:28","-7","0","0","0","0","0"
"F9","03/17/2024","4927","N377FR","SAN","17:02","17:50","48","0","0","0","0","0"
"F9","03/18/2024","0006","","STL","06:55","00:00","0","0","0","0","0","0"
"F9","03/18/2024","0686","N356FR","DCA","07:30","07:23","-7","0","0","0","0","0"
"F9","03/18/2024","0688","N377FR","DCA","12:37","12:31","-6","0","0","0","0","0"
"F9","03/18/2024","0690","N342FR","DCA","16:40","16:43","3","0","0","0","0","0"
"F9","03/18/2024","1002","N385FR","MSN","07:20","07:14","-6","0","0","0","0","0"
"F9","03/18/2024","1063","N388FR","SMF","05:05","05:00","-5","0","0","0","0","0"
"F9","03/18/2024","1066","N316FR","GRB","06:35","06:33","-2","0","0","24","0","0"
"F9","03/18/2024","1093","N372FR","SFO","15:19","15:45","26","0","0","0","0","0"
"F9","03/18/2024","1114","N711FR","TPA","06:35","06:48","13","13","0","5","0","0"
"F9","03/18/2024","1128","N385FR","OMA","19:14","19:01","-13","0","0","0","0","0"
"F9","03/18/2024","1150","","MSP","05:05","00:00","0","0","0","0","0","0"
"F9","03/18/2024","1229","N316FR","SFO","21:47","21:43","-4","0","0","0","0","0"
"F9","03/18/2024","1261","N384FR","ONT","05:01","04:57","-4","0","0","0","0","0"
"F9","03/18/2024","1280","N382FR","MIA","00:49","00:41","-8","0","0","0","0","0"
"F9","03/18/2024","1292","N228FR","MSP","11:31","11:31","0","0","0","0","0","0"
"F9","03/18/2024","1324","","DFW","05:05","00:00","0","0","0","0","0","0"
"F9","03/18/2024","1362","N637FR","CLT","16:59","19:22","143","0","0","0","0","123"
"F9","03/18/2024","1375","N719FR","PHX","06:00","06:00","0","0","0","0","0","0"
"F9","03/18/2024","1380","N384FR","HOU","19:00","18:55","-5","0","0","0","0","0"
"F9","03/18/2024","1592","N307FR","MDW","05:01","04:56","-5","0","0","22","0","0"
"F9","03/18/2024","1630","N349FR","FSD","10:14","10:09","-5","0","0","0","0","0"
"F9","03/18/2024","1678","N328FR","DSM","06:45","06:36","-9","0","0","0","0","0"
"F9","03/18/2024","1734","N716FR","MCO","00:18","01:33","75","0","0","0","0","44"
"F9","03/18/2024","1764","N377FR","FAR","06:35","06:44","9","9","0","19","0","0"
"F9","03/18/2024","1789","N369FR","PDX","22:08","22:01","-7","0","0","0","0","0"
"F9","03/18/2024","1816","N709FR","AUS","08:20","08:17","-3","0","0","15","0","0"
"F9","03/18/2024","1819","N392FR","PHX","11:20","12:10","50","30","0","0","0","0"
"F9","03/18/2024","1864","N385FR","OKC","14:03","13:57","-6","0","0","0","0","0"
"F9","03/18/2024","1993","N374FR","LAS","10:20","10:20","0","0","0","0","0","0"
"F9","03/18/2024","2038","N388FR","CID","12:04","11:56","-8","0","0","0","0","0"
"F9","03/18/2024","2105","N723FR","PHX","13:20","13:20","0","0","0","0","0","0"
"F9","03/18/2024","2141","N709FR","PHX","15:20","15:25","5","0","0","0","0","0"
"F9","03/18/2024","2148","N383FR","DFW","08:22","08:31","9","0","0","0","0","0"
"F9","03/18/2024","2151","N307FR","SEA","17:50","17:46","-4","0","0","0","0","0"
"F9","03/18/2024","2155","N305FR","LAS","14:32","14:22","-10","0","0","28","0","0"
"F9","03/18/2024","2210","N328FR","MDW","18:50","19:24","34","34","0","0","0","0"
"F9","03/18/2024","2261","N361FR","ELP","09:59","09:52","-7","0","0","0","0","0"
"F9","03/18/2024","2348","N305FR","IND","07:30","07:21","-9","0","0","0","0","0"
"F9","03/18/2024","2356","N392FR","SAT","17:17","17:37","20","0","0","0","0","0"
"F9","03/18/2024","2374","N316FR","TYS","13:40","13:34","-6","0","0","0","0","0"
"F9","03/18/2024","2429","N388FR","LAS","18:02","19:01","59","0","0","28","0","0"
"F9","03/18/2024","2438","N374FR","RDU","16:32","16:34","2","0","0","0","0","0"
"F9","03/18/2024","2454","N603FR","PNS","16:49","16:49","0","0","0","0","0","0"
"F9","03/18/2024","2480","N384FR","DFW","12:18","12:08","-10","0","0","0","0","0"
"F9","03/18/2024","2734","N349FR","RSW","15:32","15:24","-8","0","0","0","0","0"
"F9","03/18/2024","2746","N346FR","TPA","13:24","13:24","0","0","0","0","0","0"
"F9","03/18/2024","2762","N711FR","TPA","16:32","16:40","8","0","0","8","0","8"
"F9","03/18/2024","2802","N637FR","MCO","06:35","06:37","2","2","0","16","0","0"
"F9","03/18/2024","2817","N346FR","SAN","06:35","06:25","-10","0","0","0","0","0"
"F9","03/18/2024","2823","N308FR","SLC","09:09","08:57","-12","0","0","0","0","0"
"F9","03/18/2024","3040","N612FR","IAH","05:05","05:00","-5","0","0","0","0","0"
"F9","03/18/2024","3050","N307FR","XNA","12:05","12:00","-5","0","0","0","0","0"
"F9","03/18/2024","3223","N342FR","SLC","11:40","11:32","-8","0","0","0","0","0"
"F9","03/18/2024","3230","N719FR","IAH","16:46","16:42","-4","0","0","0","0","0"
"F9","03/18/2024","3266","N603FR","PHL","06:35","06:30","-5","0","0","0","0","0"
"F9","03/18/2024","3286","N720FR","CVG","05:20","05:21","1","0","0","0","0","0"
"F9","03/18/2024","3294","N364FR","ATL","14:45","14:44","-1","0","0","0","0","0"
"F9","03/18/2024","3312","N353FR","MCO","12:00","11:48","-12","0","0","0","0","0"
"F9","03/18/2024","3376","N612FR","MCI","13:30","13:31","1","0","0","0","0","0"
"F9","03/18/2024","3414","N612FR","DFW","19:22","19:30","8","0","0","0","0","0"
"F9","03/18/2024","3467","N352FR","PHX","22:14","23:29","75","0","0","0","0","49"
"F9","03/18/2024","3475","N377FR","ONT","22:35","22:28","-7","0","0","0","0","0"
"F9","03/18/2024","3543","N305FR","LAS","20:28","21:08","40","0","0","0","0","35"
"F9","03/18/2024","3843","N392FR","LAS","23:48","01:24","96","72","0","0","0","0"
"F9","03/18/2024","3861","N723FR","SLC","19:58","19:53","-5","0","0","0","0","0"
"F9","03/18/2024","4371","N367FR","SNA","18:13","18:06","-7","0","0","0","0","0"
"F9","03/18/2024","4638","N605FR","CLE","19:36","19:28","-8","0","0","0","0","0"
"F9","03/18/2024","4776","N328FR","LIT","12:30","12:20","-10","0","0","0","0","0"
"F9","03/18/2024","4927","N356FR","SAN","17:02","17:03","1","0","0","0","0","0"
"F9","03/19/2024","0094","N316FR","MCI","05:47","06:03","16","0","0","0","0","0"
"F9","03/19/2024","0686","N349FR","DCA","07:30","07:21","-9","0","0","0","0","0"
"F9","03/19/2024","0688","N313FR","DCA","12:32","12:26","-6","0","0","0","0","0"
"F9","03/19/2024","0690","N307FR","DCA","16:40","16:38","-2","0","0","0","0","0"
"F9","03/19/2024","1114","N633FR","TPA","06:35","06:35","0","0","0","0","0","0"
"F9","03/19/2024","1150","N637FR","MSP","05:01","04:57","-4","0","0","0","0","0"
"F9","03/19/2024","1162","N385FR","HOU","13:24","13:24","0","0","0","0","0","0"
"F9","03/19/2024","1248","N342FR","GRR","16:25","17:01","36","32","0","0","0","0"
"F9","03/19/2024","1261","N307FR","ONT","05:01","05:01","0","0","0","0","0","0"
"F9","03/19/2024","1280","N367FR","MIA","00:36","01:14","38","25","0","0","0","9"
"F9","03/19/2024","1292","N370FR","MSP","09:55","09:47","-8","0","0","0","0","0"
"F9","03/19/2024","1299","N313FR","SFO","21:57","21:55","-2","0","0","0","0","0"
"F9","03/19/2024","1324","N374FR","DFW","05:01","04:56","-5","0","0","0","0","0"
"F9","03/19/2024","1362","N607FR","CLT","16:59","17:25","26","25","0","13","0","1"
"F9","03/19/2024","1375","N720FR","PHX","07:00","06:55","-5","0","0","0","0","0"
"F9","03/19/2024","1402","N637FR","BNA","11:36","11:49","13","0","0","0","0","0"
"F9","03/19/2024","1429","N374FR","SNA","17:19","17:17","-2","0","0","0","0","0"
"F9","03/19/2024","1450","N361FR","ATL","08:05","08:04","-1","0","0","0","0","0"
"F9","03/19/2024","1592","N313FR","MDW","05:01","04:56","-5","0","0","0","0","0"
"F9","03/19/2024","1608","N356FR","MKE","09:45","10:05","20","0","0","0","0","0"
"F9","03/19/2024","1734","N372FR","MCO","00:18","00:23","5","0","0","0","0","0"
"F9","03/19/2024","1764","N342FR","FAR","10:14","10:04","-10","0","0","0","0","0"
"F9","03/19/2024","1789","N384FR","PDX","22:15","22:06","-9","0","0","0","0","0"
"F9","03/19/2024","1819","N374FR","PHX","11:20","11:18","-2","0","0","0","0","0"
"F9","03/19/2024","1864","N709FR","OKC","09:30","09:23","-7","0","0","0","0","0"
"F9","03/19/2024","1866","N384FR","MSY","11:41","11:35","-6","0","0","0","0","0"
"F9","03/19/2024","1918","N603FR","CLE","06:35","06:34","-1","0","0","0","0","0"
"F9","03/19/2024","1993","N329FR","LAS","08:53","08:48","-5","0","0","0","0","0"
"F9","03/19/2024","2015","N328FR","LAS","12:04","12:02","-2","0","0","0","0","0"
"F9","03/19/2024","2105","N723FR","PHX","13:20","13:20","0","0","0","0","0","0"
"F9","03/19/2024","2141","N709FR","PHX","15:20","15:12","-8","0","0","0","0","0"
"F9","03/19/2024","2145","N361FR","SEA","19:07","19:06","-1","0","0","0","0","0"
"F9","03/19/2024","2148","N362FR","DFW","08:32","08:22","-10","0","0","0","0","0"
"F9","03/19/2024","2155","N376FR","LAS","14:56","15:02","6","0","0","0","0","0"
"F9","03/19/2024","2261","N337FR","ELP","13:36","13:29","-7","0","0","0","0","0"
"F9","03/19/2024","2438","N612FR","RDU","16:14","16:19","5","0","0","0","0","0"
"F9","03/19/2024","2454","N356FR","PNS","17:00","16:57","-3","0","0","0","0","0"
"F9","03/19/2024","2480","N346FR","DFW","13:38","13:38","0","0","0","0","0","0"
"F9","03/19/2024","2632","N369FR","DFW","16:29","16:26","-3","0","0","0","0","0"
"F9","03/19/2024","2762","N625FR","TPA","16:40","16:44","4","0","0","0","0","0"
"F9","03/19/2024","2802","N607FR","MCO","06:35","06:53","18","0","0","0","0","0"
"F9","03/19/2024","2817","N385FR","SAN","06:35","06:30","-5","0","0","0","0","0"
"F9","03/19/2024","2823","N375FR","SLC","09:09","09:02","-7","0","0","0","0","0"
"F9","03/19/2024","3040","N328FR","IAH","05:01","04:57","-4","0","0","0","0","0"
"F9","03/19/2024","3223","N307FR","SLC","11:45","11:43","-2","0","0","0","0","0"
"F9","03/19/2024","3230","N720FR","IAH","17:50","17:48","-2","0","0","0","0","0"
"F9","03/19/2024","3266","N369FR","PHL","06:35","06:32","-3","0","0","0","0","0"
"F9","03/19/2024","3286","N377FR","CVG","15:05","14:55","-10","0","0","0","0","0"
"F9","03/19/2024","3302","N328FR","STL","18:05","18:24","19","0","0","0","0","0"
"F9","03/19/2024","3414","N637FR","DFW","19:22","19:18","-4","0","0","0","0","0"
"F9","03/19/2024","3467","N348FR","PHX","22:13","22:05","-8","0","0","0","0","0"
"F9","03/19/2024","3475","N385FR","ONT","22:35","22:26","-9","0","0","0","0","0"
"F9","03/19/2024","3543","N364FR","LAS","20:05","21:00","55","0","0","0","0","39"
"F9","03/19/2024","3566","N377FR","DTW","06:50","06:42","-8","0","0","0","0","0"
"F9","03/19/2024","3756","N337FR","AUS","19:13","19:10","-3","0","0","0","0","0"
"F9","03/19/2024","3843","N369FR","LAS","23:26","23:23","-3","0","0","0","0","0"
"F9","03/19/2024","3861","N723FR","SLC","19:58","19:49","-9","0","0","0","0","0"
"F9","03/19/2024","4626","N346FR","MEM","06:35","06:29","-6","0","0","0","0","0"
"F9","03/19/2024","4927","N349FR","SAN","17:02","16:58","-4","0","0","0","0","0"
"F9","03/20/2024","0006","N603FR","STL","06:55","06:53","-2","0","0","0","0","0"
"F9","03/20/2024","0686","N384FR","DCA","07:30","07:24","-6","0","0","0","0","0"
"F9","03/20/2024","0688","N311FR","DCA","12:32","12:25","-7","0","0","0","0","0"
"F9","03/20/2024","0690","N361FR","DCA","16:40","16:33","-7","0","0","0","0","0"
"F9","03/20/2024","1066","N313FR","GRB","06:35","06:27","-8","0","0","0","0","0"
"F9","03/20/2024","1093","N233FR","SFO","16:30","17:13","43","13","0","0","0","3"
"F9","03/20/2024","1114","N637FR","TPA","06:35","06:33","-2","0","0","0","0","0"
"F9","03/20/2024","1150","N361FR","MSP","05:01","04:52","-9","0","0","0","0","0"
"F9","03/20/2024","1229","N385FR","SFO","21:47","21:38","-9","0","0","0","0","0"
"F9","03/20/2024","1261","N625FR","ONT","05:01","04:58","-3","0","0","0","0","0"
"F9","03/20/2024","1280","N328FR","MIA","00:36","00:33","-3","0","0","0","0","0"
"F9","03/20/2024","1292","N356FR","MSP","11:31","11:25","-6","0","0","0","0","0"
"F9","03/20/2024","1324","N337FR","DFW","05:05","05:01","-4","0","0","0","0","0"
"F9","03/20/2024","1362","N609FR","CLT","16:59","17:31","32","15","0","6","0","17"
"F9","03/20/2024","1375","N233FR","PHX","06:00","05:54","-6","0","0","0","0","0"
"F9","03/20/2024","1402","N228FR","BNA","11:36","11:30","-6","0","0","0","0","0"
"F9","03/20/2024","1450","N612FR","ATL","08:45","08:39","-6","0","0","0","0","0"
"F9","03/20/2024","1592","N382FR","MDW","05:01","04:54","-7","0","0","0","0","0"
"F9","03/20/2024","1630","N307FR","FSD","10:14","10:13","-1","0","0","0","0","0"
"F9","03/20/2024","1678","N385FR","DSM","08:25","08:21","-4","0","0","0","0","0"
"F9","03/20/2024","1734","N230FR","MCO","00:18","00:30","12","0","0","0","0","0"
"F9","03/20/2024","1791","N313FR","PDX","22:08","22:05","-3","0","0","0","0","0"
"F9","03/20/2024","1816","N625FR","AUS","12:05","12:01","-4","0","0","0","0","0"
"F9","03/20/2024","1819","N337FR","PHX","11:20","11:30","10","0","0","0","0","0"
"F9","03/20/2024","1864","N385FR","OKC","14:03","13:53","-10","0","0","0","0","0"
"F9","03/20/2024","1993","N375FR","LAS","08:53","08:57","4","0","0","0","0","0"
"F9","03/20/2024","2015","N316FR","LAS","11:56","12:47","51","25","0","0","0","0"
"F9","03/20/2024","2038","N349FR","CID","12:04","11:54","-10","0","0","0","0","0"
"F9","03/20/2024","2105","N723FR","PHX","13:35","13:27","-8","0","0","0","0","0"
"F9","03/20/2024","2141","N342FR","PHX","15:35","15:33","-2","0","0","0","0","0"
"F9","03/20/2024","2145","N625FR","SEA","18:49","18:46","-3","0","0","0","0","0"
"F9","03/20/2024","2148","N358FR","DFW","08:32","08:32","0","0","0","0","0","0"
"F9","03/20/2024","2155","N331FR","LAS","14:32","14:33","1","0","0","0","0","0"
"F9","03/20/2024","2261","N318FR","ELP","10:10","10:10","0","0","0","0","0","0"
"F9","03/20/2024","2348","N342FR","IND","07:30","07:24","-6","0","0","0","0","0"
"F9","03/20/2024","2356","N705FR","SAT","17:45","18:25","40","0","0","0","0","26"
"F9","03/20/2024","2374","N313FR","TYS","13:40","13:34","-6","0","0","0","0","0"
"F9","03/20/2024","2438","N318FR","RDU","15:56","15:48","-8","0","0","0","0","0"
"F9","03/20/2024","2454","N607FR","PNS","16:49","17:26","37","4","0","0","0","13"
"F9","03/20/2024","2480","N374FR","DFW","12:30","12:41","11","0","0","0","0","0"
"F9","03/20/2024","2734","N307FR","RSW","15:32","15:21","-11","0","0","0","0","0"
"F9","03/20/2024","2762","N637FR","TPA","16:40","16:37","-3","0","0","0","0","0"
"F9","03/20/2024","2802","N709FR","MCO","06:35","07:30","55","20","0","0","0","0"
"F9","03/20/2024","2817","N374FR","SAN","05:30","05:20","-10","0","0","0","0","0"
"F9","03/20/2024","2823","N308FR","SLC","09:09","09:03","-6","0","0","0","0","0"
"F9","03/20/2024","3040","N349FR","IAH","05:01","04:59","-2","0","0","0","0","0"
"F9","03/20/2024","3223","N361FR","SLC","11:40","11:31","-9","0","0","0","0","0"
"F9","03/20/2024","3230","N337FR","IAH","17:20","17:33","13","0","0","0","0","0"
"F9","03/20/2024","3266","N607FR","PHL","06:35","06:34","-1","0","0","0","0","0"
"F9","03/20/2024","3286","N720FR","CVG","05:20","05:10","-10","0","0","0","0","0"
"F9","03/20/2024","3414","N228FR","DFW","19:22","19:22","0","0","0","0","0","0"
"F9","03/20/2024","3467","N303FR","PHX","22:13","23:47","94","0","0","0","0","62"
"F9","03/20/2024","3475","N349FR","ONT","22:35","22:28","-7","0","0","0","0","0"
"F9","03/20/2024","3543","N383FR","LAS","20:28","20:20","-8","0","0","0","0","0"
"F9","03/20/2024","3843","N369FR","LAS","23:25","23:21","-4","0","0","0","0","0"
"F9","03/20/2024","3861","N723FR","SLC","19:53","19:49","-4","0","0","0","0","0"
"F9","03/20/2024","4371","N316FR","SNA","18:13","18:33","20","0","0","0","0","0"
"F9","03/20/2024","4927","N384FR","SAN","17:02","16:55","-7","0","0","0","0","0"
"F9","03/21/2024","0094","N307FR","MCI","05:47","05:40","-7","0","0","0","0","0"
"F9","03/21/2024","0686","N367FR","DCA","07:30","07:20","-10","0","0","0","0","0"
"F9","03/21/2024","0688","N385FR","DCA","12:05","12:23","18","0","0","0","0","0"
"F9","03/21/2024","0690","N326FR","DCA","16:40","16:37","-3","0","0","0","0","0"
"F9","03/21/2024","1093","N311FR","SFO","11:19","12:02","43","0","0","11","0","18"
"F9","03/21/2024","1114","N614FR","TPA","06:35","06:35","0","0","0","0","0","0"
"F9","03/21/2024","1150","N720FR","MSP","05:01","05:02","1","0","0","0","0","0"
"F9","03/21/2024","1162","N313FR","HOU","12:14","12:12","-2","0","0","0","0","0"
"F9","03/21/2024","1229","N228FR","SFO","21:47","22:21","34","0","0","18","0","0"
"F9","03/21/2024","1239","N384FR","LAS","06:00","05:56","-4","0","0","0","0","0"
"F9","03/21/2024","1248","N341FR","GRR","16:41","19:59","198","0","0","0","0","189"
"F9","03/21/2024","1261","N337FR","ONT","05:01","05:00","-1","0","0","21","0","0"
"F9","03/21/2024","1280","N342FR","MIA","00:36","00:44","8","0","0","0","0","0"
"F9","03/21/2024","1292","N324FR","MSP","09:55","09:45","-10","0","0","0","0","0"
"F9","03/21/2024","1324","N386FR","DFW","05:01","05:41","40","30","0","0","0","0"
"F9","03/21/2024","1362","N637FR","CLT","16:59","17:02","3","0","0","0","0","0"
"F9","03/21/2024","1375","N719FR","PHX","07:00","06:56","-4","0","0","0","0","0"
"F9","03/21/2024","1402","N720FR","BNA","11:36","11:42","6","0","0","0","0","0"
"F9","03/21/2024","1429","N386FR","SNA","17:19","17:18","-1","0","0","0","0","0"
"F9","03/21/2024","1450","N625FR","ATL","08:05","08:01","-4","0","0","0","0","0"
"F9","03/21/2024","1592","N385FR","MDW","05:01","05:35","34","2","0","0","0","16"
"F9","03/21/2024","1608","N349FR","MKE","05:05","05:02","-3","0","0","0","0","0"
"F9","03/21/2024","1734","N316FR","MCO","00:23","01:02","39","0","0","0","0","0"
"F9","03/21/2024","1764","N232FR","FAR","10:14","10:31","17","0","0","0","0","0"
"F9","03/21/2024","1789","N230FR","PDX","22:08","21:58","-10","0","0","0","0","0"
"F9","03/21/2024","1816","N326FR","AUS","05:01","04:55","-6","0","0","0","0","0"
"F9","03/21/2024","1819","N386FR","PHX","11:20","11:18","-2","0","0","0","0","0"
"F9","03/21/2024","1864","N311FR","OKC","06:00","05:58","-2","0","0","0","0","0"
"F9","03/21/2024","1866","N361FR","MSY","09:00","09:33","33","0","0","0","0","29"
"F9","03/21/2024","1918","N609FR","CLE","06:35","06:32","-3","0","0","0","0","0"
"F9","03/21/2024","1993","N233FR","LAS","10:30","11:06","36","19","0","0","0","0"
"F9","03/21/2024","2141","N377FR","PHX","15:39","15:26","-13","0","0","0","0","0"
"F9","03/21/2024","2148","N380FR","DFW","08:22","08:18","-4","0","0","0","0","0"
"F9","03/21/2024","2153","N313FR","SEA","18:14","19:18","64","11","0","1","0","53"
"F9","03/21/2024","2155","N316FR","LAS","14:32","14:54","22","0","0","0","0","0"
"F9","03/21/2024","2210","N311FR","MDW","18:49","19:04","15","0","0","0","0","0"
"F9","03/21/2024","2261","N229FR","ELP","10:20","10:39","19","0","0","0","0","0"
"F9","03/21/2024","2438","N607FR","RDU","16:14","16:45","31","4","0","0","0","15"
"F9","03/21/2024","2454","N367FR","PNS","17:02","16:54","-8","0","0","0","0","0"
"F9","03/21/2024","2480","N329FR","DFW","13:27","14:20","53","7","0","6","0","46"
"F9","03/21/2024","2570","N363FR","OMA","19:13","19:27","14","0","0","0","0","0"
"F9","03/21/2024","2632","N309FR","DFW","16:29","19:18","169","0","0","0","0","166"
"F9","03/21/2024","2746","N705FR","TPA","13:44","13:45","1","0","0","0","0","0"
"F9","03/21/2024","2762","N636FR","TPA","16:35","17:09","34","2","0","16","0","32"
"F9","03/21/2024","2802","N637FR","MCO","06:35","06:35","0","0","0","0","0","0"
"F9","03/21/2024","2817","N705FR","SAN","06:35","06:47","12","0","0","0","0","0"
"F9","03/21/2024","2823","N318FR","SLC","09:09","08:56","-13","0","0","31","0","0"
"F9","03/21/2024","3040","N313FR","IAH","05:11","05:48","37","4","0","0","0","11"
"F9","03/21/2024","3050","N349FR","XNA","12:18","12:12","-6","0","0","0","0","0"
"F9","03/21/2024","3223","N326FR","SLC","11:39","11:42","3","0","0","0","0","0"
"F9","03/21/2024","3230","N719FR","IAH","17:50","17:47","-3","0","0","53","0","0"
"F9","03/21/2024","3266","N308FR","PHL","06:35","06:40","5","5","0","10","0","0"
"F9","03/21/2024","3286","N228FR","CVG","13:36","13:27","-9","0","0","0","0","0"
"F9","03/21/2024","3302","N606FR","STL","19:07","19:04","-3","0","0","0","0","0"
"F9","03/21/2024","3312","N337FR","MCO","11:45","12:04","19","0","0","0","0","16"
"F9","03/21/2024","3414","N720FR","DFW","19:22","19:28","6","6","0","19","0","0"
"F9","03/21/2024","3467","N385FR","PHX","22:13","22:04","-9","0","0","0","0","0"
"F9","03/21/2024","3473","N356FR","ONT","22:25","22:17","-8","0","0","0","0","0"
"F9","03/21/2024","3543","N316FR","LAS","20:05","20:50","45","45","0","6","0","0"
"F9","03/21/2024","3566","N377FR","DTW","07:30","07:39","9","0","0","0","0","0"
"F9","03/21/2024","3843","N307FR","LAS","23:40","23:35","-5","0","0","0","0","0"
"F9","03/21/2024","3861","N361FR","SLC","19:57","19:47","-10","0","0","0","0","0"
"F9","03/21/2024","4221","N309FR","SAN","12:30","12:59","29","0","0","0","0","0"
"F9","03/21/2024","4401","N366FR","LAS","18:02","19:29","87","6","0","0","0","70"
"F9","03/21/2024","4626","N228FR","MEM","06:35","06:29","-6","0","0","0","0","0"
"F9","03/21/2024","4927","N232FR","SAN","16:18","16:06","-12","0","0","0","0","0"
"F9","03/22/2024","0006","N607FR","STL","06:55","07:21","26","0","0","0","0","0"
"F9","03/22/2024","0094","N356FR","MCI","05:47","05:43","-4","0","0","0","0","0"
"F9","03/22/2024","0686","N311FR","DCA","07:30","07:24","-6","0","0","0","0","0"
"F9","03/22/2024","0688","N235FR","DCA","12:32","13:22","50","3","0","0","0","39"
"F9","03/22/2024","0690","N367FR","DCA","16:40","16:42","2","0","0","0","0","0"
"F9","03/22/2024","1002","N719FR","MSN","08:00","07:50","-10","0","0","0","0","0"
"F9","03/22/2024","1063","N371FR","SMF","05:05","05:07","2","0","0","0","0","0"
"F9","03/22/2024","1066","N230FR","GRB","06:35","06:25","-10","0","0","0","0","0"
"F9","03/22/2024","1093","N228FR","SFO","15:00","16:07","67","0","0","63","0","0"
"F9","03/22/2024","1114","N636FR","TPA","06:35","07:16","41","30","0","0","0","0"
"F9","03/22/2024","1128","N360FR","OMA","17:50","17:43","-7","0","0","0","0","0"
"F9","03/22/2024","1150","N232FR","MSP","05:01","04:56","-5","0","0","0","0","0"
"F9","03/22/2024","1162","N363FR","HOU","12:04","11:59","-5","0","0","0","0","0"
"F9","03/22/2024","1229","N228FR","SFO","21:57","23:28","91","13","0","0","0","73"
"F9","03/22/2024","1239","N386FR","LAS","06:00","05:55","-5","0","0","0","0","0"
"F9","03/22/2024","1261","N309FR","ONT","05:01","05:40","39","17","0","0","0","0"
"F9","03/22/2024","1280","N350FR","MIA","00:50","00:44","-6","0","0","0","0","0"
"F9","03/22/2024","1292","N352FR","MSP","10:05","09:59","-6","0","0","0","0","0"
"F9","03/22/2024","1324","N360FR","DFW","05:05","05:01","-4","0","0","0","0","0"
"F9","03/22/2024","1362","N636FR","CLT","16:59","17:05","6","0","0","0","0","0"
"F9","03/22/2024","1375","N720FR","PHX","07:00","08:02","62","47","0","0","0","0"
"F9","03/22/2024","1402","N637FR","BNA","08:35","08:28","-7","0","0","0","0","0"
"F9","03/22/2024","1592","N341FR","MDW","05:01","04:59","-2","0","0","0","0","0"
"F9","03/22/2024","1630","N326FR","FSD","10:14","11:31","77","4","0","0","0","66"
"F9","03/22/2024","1678","N353FR","DSM","09:00","08:51","-9","0","0","0","0","0"
"F9","03/22/2024","1734","N377FR","MCO","00:18","01:00","42","28","0","0","0","0"
"F9","03/22/2024","1789","N232FR","PDX","22:08","22:02","-6","0","0","0","0","0"
"F9","03/22/2024","1816","N367FR","AUS","05:01","04:55","-6","0","0","0","0","0"
"F9","03/22/2024","1819","N313FR","PHX","10:35","10:49","14","0","0","0","0","0"
"F9","03/22/2024","1864","N353FR","OKC","14:41","14:35","-6","0","0","0","0","0"
"F9","03/22/2024","2015","N360FR","LAS","11:20","11:21","1","0","0","0","0","0"
"F9","03/22/2024","2105","N605FR","PHX","13:05","13:30","25","0","0","0","0","0"
"F9","03/22/2024","2141","N719FR","PHX","15:05","14:55","-10","0","0","0","0","0"
"F9","03/22/2024","2145","N386FR","SEA","19:11","21:46","155","37","0","0","0","100"
"F9","03/22/2024","2148","N349FR","DFW","08:22","08:23","1","0","0","0","0","0"
"F9","03/22/2024","2155","N377FR","LAS","14:32","14:26","-6","0","0","0","0","0"
"F9","03/22/2024","2210","N383FR","MDW","18:49","18:49","0","0","0","0","0","0"
"F9","03/22/2024","2261","N229FR","ELP","10:29","10:46","17","0","0","0","0","0"
"F9","03/22/2024","2348","N228FR","IND","07:30","07:22","-8","0","0","0","0","0"
"F9","03/22/2024","2356","N637FR","SAT","16:25","16:24","-1","0","0","0","0","0"
"F9","03/22/2024","2374","N230FR","TYS","13:40","13:32","-8","0","0","0","0","0"
"F9","03/22/2024","2429","N233FR","LAS","18:02","18:21","19","0","0","0","0","0"
"F9","03/22/2024","2438","N313FR","RDU","16:36","16:41","5","0","0","0","0","0"
"F9","03/22/2024","2454","N606FR","PNS","16:49","16:46","-3","0","0","0","0","0"
"F9","03/22/2024","2480","N309FR","DFW","12:03","11:59","-4","0","0","0","0","0"
"F9","03/22/2024","2500","N386FR","ATL","12:30","12:46","16","0","0","0","0","15"
"F9","03/22/2024","2734","N330FR","RSW","15:32","16:19","47","0","0","73","0","0"
"F9","03/22/2024","2746","N705FR","TPA","13:44","13:36","-8","0","0","0","0","0"
"F9","03/22/2024","2762","N371FR","TPA","16:49","18:20","91","0","0","32","0","51"
"F9","03/22/2024","2802","N610FR","MCO","06:35","06:28","-7","0","0","0","0","0"
"F9","03/22/2024","2817","N705FR","SAN","06:35","06:31","-4","0","0","0","0","0"
"F9","03/22/2024","2823","N318FR","SLC","09:09","09:05","-4","0","0","0","0","0"
"F9","03/22/2024","3040","N363FR","IAH","05:01","04:50","-11","0","0","0","0","0"
"F9","03/22/2024","3050","N371FR","XNA","12:05","12:01","-4","0","0","0","0","0"
"F9","03/22/2024","3223","N367FR","SLC","11:40","11:33","-7","0","0","0","0","0"
"F9","03/22/2024","3230","N720FR","IAH","17:50","18:13","23","0","0","0","0","0"
"F9","03/22/2024","3266","N606FR","PHL","06:35","06:36","1","0","0","0","0","0"
"F9","03/22/2024","3286","N316FR","CVG","05:01","04:59","-2","0","0","16","0","0"
"F9","03/22/2024","3294","N312FR","ATL","14:45","14:41","-4","0","0","0","0","0"
"F9","03/22/2024","3312","N232FR","MCO","11:20","11:35","15","0","0","0","0","0"
"F9","03/22/2024","3414","N353FR","DFW","19:47","19:36","-11","0","0","0","0","0"
"F9","03/22/2024","3467","N324FR","PHX","22:28","22:21","-7","0","0","0","0","0"
"F9","03/22/2024","3475","N235FR","ONT","22:35","22:40","5","0","0","0","0","0"
"F9","03/22/2024","3543","N701FR","LAS","20:28","20:43","15","0","0","5","0","15"
"F9","03/22/2024","3843","N360FR","LAS","23:40","01:06","86","86","0","2","0","0"
"F9","03/22/2024","3861","N605FR","SLC","19:43","19:39","-4","0","0","0","0","0"
"F9","03/22/2024","4371","N316FR","SNA","18:13","18:28","15","0","0","0","0","0"
"F9","03/22/2024","4386","N363FR","CID","19:03","19:12","9","0","0","0","0","0"
"F9","03/22/2024","4776","N316FR","LIT","12:51","12:42","-9","0","0","0","0","0"
"F9","03/22/2024","4927","N311FR","SAN","17:02","17:08","6","0","0","0","0","0"
"F9","03/23/2024","0006","N606FR","STL","07:30","07:22","-8","0","0","0","0","0"
"F9","03/23/2024","0686","N228FR","DCA","07:30","07:38","8","0","0","0","0","0"
"F9","03/23/2024","0688","N230FR","DCA","12:32","12:23","-9","0","0","0","0","0"
"F9","03/23/2024","0690","N356FR","DCA","16:40","16:56","16","0","0","0","0","0"
"F9","03/23/2024","1093","N626FR","SFO","16:10","16:38","28","17","0","0","0","6"
"F9","03/23/2024","1114","N637FR","TPA","06:35","06:40","5","0","0","0","0","0"
"F9","03/23/2024","1128","N313FR","OMA","17:50","17:40","-10","0","0","0","0","0"
"F9","03/23/2024","1150","N356FR","MSP","05:05","05:03","-2","0","0","0","0","0"
"F9","03/23/2024","1162","N363FR","HOU","14:16","16:53","157","131","0","0","0","0"
"F9","03/23/2024","1229","N330FR","SFO","21:57","22:18","21","0","0","0","0","0"
"F9","03/23/2024","1261","N371FR","ONT","05:01","04:55","-6","0","0","0","0","0"
"F9","03/23/2024","1280","N361FR","MIA","00:27","00:55","28","0","0","0","0","0"
"F9","03/23/2024","1292","N303FR","MSP","11:31","11:28","-3","0","0","0","0","0"
"F9","03/23/2024","1324","N311FR","DFW","05:05","05:17","12","0","0","0","0","0"
"F9","03/23/2024","1362","N705FR","CLT","17:04","18:38","94","0","0","0","0","79"
"F9","03/23/2024","1375","N720FR","PHX","06:00","05:58","-2","0","0","0","0","0"
"F9","03/23/2024","1429","N339FR","SNA","14:50","14:40","-10","0","0","0","0","0"
"F9","03/23/2024","1499","N339FR","ONT","21:38","21:32","-6","0","0","0","0","0"
"F9","03/23/2024","1592","N313FR","MDW","05:01","04:57","-4","0","0","0","0","0"
"F9","03/23/2024","1608","N232FR","MKE","06:35","06:21","-14","0","0","0","0","0"
"F9","03/23/2024","1630","N366FR","FSD","10:26","10:16","-10","0","0","0","0","0"
"F9","03/23/2024","1734","N316FR","MCO","00:18","00:49","31","0","0","0","0","0"
"F9","03/23/2024","1791","N326FR","PDX","22:13","22:00","-13","0","0","0","0","0"
"F9","03/23/2024","1816","N326FR","AUS","06:35","06:26","-9","0","0","0","0","0"
"F9","03/23/2024","1819","N311FR","PHX","11:20","11:16","-4","0","0","0","0","0"
"F9","03/23/2024","1864","N232FR","OKC","13:51","13:55","4","0","0","0","0","0"
"F9","03/23/2024","1918","N353FR","CLE","08:00","07:54","-6","0","0","0","0","0"
"F9","03/23/2024","1993","N331FR","LAS","08:53","08:44","-9","0","0","0","0","0"
"F9","03/23/2024","2015","N636FR","LAS","10:55","10:52","-3","0","0","0","0","0"
"F9","03/23/2024","2038","N343FR","CID","09:00","08:52","-8","0","0","0","0","0"
"F9","03/23/2024","2105","N719FR","PHX","13:35","13:31","-4","0","0","0","0","0"
"F9","03/23/2024","2141","N343FR","PHX","15:35","15:29","-6","0","0","31","0","0"
"F9","03/23/2024","2151","N311FR","SEA","17:17","17:41","24","0","0","0","0","0"
"F9","03/23/2024","2155","N326FR","LAS","13:02","12:59","-3","0","0","0","0","0"
"F9","03/23/2024","2348","N330FR","IND","07:30","07:27","-3","0","0","0","0","0"
"F9","03/23/2024","2349","N701FR","LAS","15:02","16:30","88","0","0","1","0","88"
"F9","03/23/2024","2356","N330FR","SAT","15:50","15:43","-7","0","0","0","0","0"
"F9","03/23/2024","2360","N377FR","MSY","18:26","18:28","2","0","0","0","0","0"
"F9","03/23/2024","2374","N353FR","TYS","16:20","16:34","14","0","0","0","0","0"
"F9","03/23/2024","2429","N710FR","LAS","19:00","19:55","55","0","0","0","0","41"
"F9","03/23/2024","2438","N366FR","RDU","15:45","15:45","0","0","0","0","0","0"
"F9","03/23/2024","2454","N636FR","PNS","16:46","17:16","30","0","0","0","0","0"
"F9","03/23/2024","2480","N367FR","DFW","12:05","11:55","-10","0","0","0","0","0"
"F9","03/23/2024","2632","N349FR","DFW","15:25","15:26","1","0","0","19","0","1"
"F9","03/23/2024","2762","N720FR","TPA","16:40","16:49","9","0","0","0","0","0"
"F9","03/23/2024","2802","N705FR","MCO","06:40","08:09","89","0","0","94","0","0"
"F9","03/23/2024","2817","N347FR","SAN","06:30","06:30","0","0","0","0","0","0"
"F9","03/23/2024","2823","N383FR","SLC","09:09","08:57","-12","0","0","0","0","0"
"F9","03/23/2024","3040","N626FR","IAH","08:50","08:50","0","0","0","0","0","0"
"F9","03/23/2024","3050","N313FR","XNA","12:05","12:01","-4","0","0","0","0","0"
"F9","03/23/2024","3223","N356FR","SLC","11:40","11:32","-8","0","0","0","0","0"
"F9","03/23/2024","3230","N637FR","IAH","16:49","16:50","1","0","0","0","0","0"
"F9","03/23/2024","3266","N710FR","PHL","06:35","09:08","153","153","0","7","0","0"
"F9","03/23/2024","3286","N386FR","CVG","05:30","05:22","-8","0","0","0","0","0"
"F9","03/23/2024","3294","N388FR","ATL","14:45","14:36","-9","0","0","0","0","0"
"F9","03/23/2024","3312","N308FR","MCO","11:01","11:07","6","0","0","0","0","0"
"F9","03/23/2024","3376","N347FR","MCI","13:30","13:28","-2","0","0","0","0","0"
"F9","03/23/2024","3414","N347FR","DFW","19:22","19:37","15","0","0","0","0","0"
"F9","03/23/2024","3467","N352FR","PHX","22:13","22:02","-11","0","0","0","0","0"
"F9","03/23/2024","3543","N363FR","LAS","22:45","22:54","9","0","0","7","0","9"
"F9","03/23/2024","3566","N363FR","DTW","06:00","05:57","-3","0","0","0","0","0"
"F9","03/23/2024","3861","N719FR","SLC","19:53","19:43","-10","0","0","56","0","0"
"F9","03/23/2024","4927","N228FR","SAN","17:02","17:08","6","0","0","0","0","0"
"F9","03/24/2024","0094","N347FR","MCI","05:47","05:42","-5","0","0","0","0","0"
"F9","03/24/2024","0686","N350FR","DCA","07:30","07:22","-8","0","0","0","0","0"
"F9","03/24/2024","0688","N308FR","DCA","12:32","13:30","58","26","0","0","0","31"
"F9","03/24/2024","0690","N356FR","DCA","16:40","16:31","-9","0","0","0","0","0"
"F9","03/24/2024","1093","N313FR","SFO","11:11","12:32","81","0","0","15","0","59"
"F9","03/24/2024","1114","N621FR","TPA","06:35","06:56","21","0","0","0","0","0"
"F9","03/24/2024","1150","N313FR","MSP","05:01","05:09","8","0","0","0","0","0"
"F9","03/24/2024","1162","N228FR","HOU","12:18","12:10","-8","0","0","0","0","0"
"F9","03/24/2024","1229","N347FR","SFO","21:57","23:20","83","0","64","6","0","19"
"F9","03/24/2024","1239","N374FR","LAS","06:00","05:56","-4","0","0","0","0","0"
"F9","03/24/2024","1248","N311FR","GRR","16:52","19:08","136","0","0","0","0","123"
"F9","03/24/2024","1261","N235FR","ONT","05:01","05:32","31","26","0","0","0","0"
"F9","03/24/2024","1280","N353FR","MIA","00:36","01:28","52","24","0","0","0","0"
"F9","03/24/2024","1292","N343FR","MSP","09:55","09:47","-8","0","0","0","0","0"
"F9","03/24/2024","1324","N361FR","DFW","05:01","05:01","0","0","0","0","0","0"
"F9","03/24/2024","1362","N637FR","CLT","16:59","18:27","88","0","0","0","0","67"
"F9","03/24/2024","1375","N716FR","PHX","07:00","06:59","-1","0","0","0","0","0"
"F9","03/24/2024","1402","N626FR","BNA","11:36","11:31","-5","0","0","0","0","0"
"F9","03/24/2024","1429","N323FR","SNA","17:19","18:21","62","0","0","0","0","46"
"F9","03/24/2024","1450","N360FR","ATL","08:05","07:57","-8","0","0","0","0","0"
"F9","03/24/2024","1592","N326FR","MDW","06:00","06:20","20","0","0","0","0","0"
"F9","03/24/2024","1608","N228FR","MKE","05:05","05:00","-5","0","0","0","0","0"
"F9","03/24/2024","1734","N386FR","MCO","00:18","02:37","139","109","0","0","0","0"
"F9","03/24/2024","1764","N356FR","FAR","10:14","10:08","-6","0","0","0","0","0"
"F9","03/24/2024","1789","N235FR","PDX","22:07","22:36","29","0","29","9","0","0"
"F9","03/24/2024","1816","N339FR","AUS","05:01","04:55","-6","0","0","0","0","0"
"F9","03/24/2024","1819","N339FR","PHX","11:20","11:25","5","0","0","0","0","0"
"F9","03/24/2024","1864","N366FR","OKC","10:00","09:51","-9","0","0","0","0","0"
"F9","03/24/2024","1866","N230FR","MSY","13:40","13:42","2","0","0","0","0","0"
"F9","03/24/2024","1918","N636FR","CLE","06:35","06:33","-2","0","0","0","0","0"
"F9","03/24/2024","1993","N362FR","LAS","10:30","10:36","6","0","0","0","0","0"
"F9","03/24/2024","2105","N716FR","PHX","13:35","13:50","15","0","0","0","0","0"
"F9","03/24/2024","2141","N366FR","PHX","15:35","15:38","3","0","0","0","0","0"
"F9","03/24/2024","2145","N313FR","SEA","18:30","19:54","84","0","0","9","0","84"
"F9","03/24/2024","2148","N619FR","DFW","08:27","08:16","-11","0","0","0","0","0"
"F9","03/24/2024","2155","N344FR","LAS","14:52","14:49","-3","0","0","0","0","0"
"F9","03/24/2024","2210","N360FR","MDW","18:50","18:42","-8","0","0","0","0","0"
"F9","03/24/2024","2261","N380FR","ELP","10:09","10:00","-9","0","0","0","0","0"
"F9","03/24/2024","2349","N330FR","LAS","17:44","18:34","50","32","0","0","0","0"
"F9","03/24/2024","2438","N705FR","RDU","16:14","17:08","54","23","0","5","0","31"
"F9","03/24/2024","2454","N362FR","PNS","17:00","17:05","5","0","0","0","0","0"
"F9","03/24/2024","2480","N322FR","DFW","13:22","13:14","-8","0","0","0","0","0"
"F9","03/24/2024","2570","N374FR","OMA","19:04","19:57","53","46","0","27","0","7"
"F9","03/24/2024","2632","","DFW","16:49","00:00","0","0","0","0","0","0"
"F9","03/24/2024","2746","N710FR","TPA","13:18","13:26","8","0","0","0","0","0"
"F9","03/24/2024","2762","N723FR","TPA","16:36","16:36","0","0","0","0","0","0"
"F9","03/24/2024","2802","N637FR","MCO","06:35","07:25","50","22","0","0","0","0"
"F9","03/24/2024","2817","N330FR","SAN","06:50","06:48","-2","0","0","0","0","0"
"F9","03/24/2024","2823","N377FR","SLC","09:09","09:37","28","28","0","63","0","0"
"F9","03/24/2024","3040","N311FR","IAH","05:05","04:55","-10","0","0","0","0","0"
"F9","03/24/2024","3050","N326FR","XNA","13:12","14:48","96","92","0","0","0","0"
"F9","03/24/2024","3223","N311FR","SLC","11:39","11:41","2","0","0","125","0","2"
"F9","03/24/2024","3230","N339FR","IAH","17:50","17:45","-5","0","0","0","0","0"
"F9","03/24/2024","3266","N723FR","PHL","06:35","06:31","-4","0","0","0","0","0"
"F9","03/24/2024","3286","N370FR","CVG","13:41","18:01","260","0","0","1","0","260"
"F9","03/24/2024","3302","N228FR","STL","19:17","19:50","33","0","0","9","0","33"
"F9","03/24/2024","3312","N235FR","MCO","11:45","12:28","43","0","0","0","0","0"
"F9","03/24/2024","3414","N626FR","DFW","19:22","19:29","7","7","0","10","0","0"
"F9","03/24/2024","3467","N324FR","PHX","22:13","22:15","2","0","2","19","0","0"
"F9","03/24/2024","3475","N326FR","ONT","22:35","22:45","10","0","10","7","0","0"
"F9","03/24/2024","3543","N716FR","LAS","20:20","22:56","156","0","151","14","0","5"
"F9","03/24/2024","3566","N710FR","DTW","05:01","04:58","-3","0","0","0","0","0"
"F9","03/24/2024","3843","N230FR","LAS","23:40","00:50","70","0","58","19","0","12"
"F9","03/24/2024","3861","N704FR","SLC","19:53","22:12","139","15","0","28","0","124"
"F9","03/24/2024","4221","N374FR","SAN","12:30","12:30","0","0","0","0","0","0"
"F9","03/24/2024","4626","N230FR","MEM","06:35","06:33","-2","0","0","0","0","0"
"F9","03/24/2024","4927","N350FR","SAN","17:02","16:59","-3","0","0","36","0","0"
"F9","03/25/2024","0006","N706FR","STL","06:55","08:09","74","74","0","11","0","0"
"F9","03/25/2024","0686","N339FR","DCA","07:30","07:44","14","0","14","11","0","0"
"F9","03/25/2024","0688","N233FR","DCA","12:37","12:56","19","0","0","0","0","0"
"F9","03/25/2024","0690","N228FR","DCA","16:40","17:30","50","0","0","0","0","40"
"F9","03/25/2024","1002","N366FR","MSN","07:20","07:31","11","0","11","20","0","0"
"F9","03/25/2024","1063","N350FR","SMF","05:05","05:05","0","0","0","24","0","0"
"F9","03/25/2024","1066","N371FR","GRB","06:45","07:09","24","0","24","49","0","0"
"F9","03/25/2024","1093","N375FR","SFO","15:19","15:21","2","0","0","0","0","0"
"F9","03/25/2024","1114","N639FR","TPA","06:35","07:52","77","77","0","6","0","0"
"F9","03/25/2024","1128","N366FR","OMA","19:14","19:58","44","9","0","0","0","34"
"F9","03/25/2024","1150","N228FR","MSP","05:05","06:00","55","55","0","64","0","0"
"F9","03/25/2024","1175","N230FR","SEA","17:50","18:43","53","0","0","0","0","38"
"F9","03/25/2024","1229","N370FR","SFO","21:47","23:09","82","0","0","0","0","68"
"F9","03/25/2024","1239","N235FR","LAS","06:00","06:48","48","28","0","0","0","17"
"F9","03/25/2024","1261","N360FR","ONT","05:01","05:18","17","0","0","0","0","0"
"F9","03/25/2024","1280","N374FR","MIA","00:50","01:47","57","0","23","16","0","34"
"F9","03/25/2024","1292","N324FR","MSP","11:31","11:35","4","0","0","0","0","0"
"F9","03/25/2024","1324","N326FR","DFW","05:05","06:12","67","18","0","39","0","49"
"F9","03/25/2024","1362","N719FR","CLT","17:04","18:27","83","0","0","7","0","83"
"F9","03/25/2024","1375","N705FR","PHX","06:00","05:54","-6","0","0","0","0","0"
"F9","03/25/2024","1380","N360FR","HOU","19:00","19:16","16","0","0","0","0","0"
"F9","03/25/2024","1592","N308FR","MDW","05:01","06:07","66","66","0","37","0","0"
"F9","03/25/2024","1630","N356FR","FSD","10:14","11:23","69","3","0","0","0","53"
"F9","03/25/2024","1678","N347FR","DSM","06:45","07:27","42","0","0","0","0","20"
"F9","03/25/2024","1734","N394FR","MCO","00:24","01:06","42","0","9","2","0","33"
"F9","03/25/2024","1764","N233FR","FAR","06:35","06:29","-6","0","0","0","0","0"
"F9","03/25/2024","1789","N348FR","PDX","22:08","22:51","43","29","0","0","0","0"
"F9","03/25/2024","1816","N610FR","AUS","08:20","08:24","4","0","4","37","0","0"
"F9","03/25/2024","1819","N326FR","PHX","11:20","14:10","170","14","0","0","0","146"
"F9","03/25/2024","1864","N366FR","OKC","14:03","14:39","36","18","0","8","0","18"
"F9","03/25/2024","1993","N626FR","LAS","10:20","10:14","-6","0","0","0","0","0"
"F9","03/25/2024","2038","N350FR","CID","12:04","12:35","31","0","0","0","0","18"
"F9","03/25/2024","2105","N610FR","PHX","13:20","15:47","147","8","0","0","0","133"
"F9","03/25/2024","2141","N637FR","PHX","15:20","15:16","-4","0","0","0","0","0"
"F9","03/25/2024","2148","N349FR","DFW","08:22","08:41","19","19","0","22","0","0"
"F9","03/25/2024","2155","N362FR","LAS","14:32","16:14","102","2","0","0","0","95"
"F9","03/25/2024","2210","N347FR","MDW","18:50","18:45","-5","0","0","0","0","0"
"F9","03/25/2024","2261","N330FR","ELP","09:59","10:09","10","0","0","0","0","0"
"F9","03/25/2024","2348","N362FR","IND","07:45","08:34","49","0","49","14","0","0"
"F9","03/25/2024","2356","N326FR","SAT","17:17","20:19","182","12","0","0","0","170"
"F9","03/25/2024","2374","N371FR","TYS","13:40","17:31","231","170","0","1","0","61"
"F9","03/25/2024","2429","N308FR","LAS","18:02","18:31","29","0","0","0","0","0"
"F9","03/25/2024","2438","N323FR","RDU","16:32","10:34","1082","1075","0","0","0","0"
"F9","03/25/2024","2454","N626FR","PNS","16:49","16:54","5","0","0","23","0","5"
"F9","03/25/2024","2480","N360FR","DFW","12:18","13:14","56","53","0","0","0","0"
"F9","03/25/2024","2500","N318FR","ATL","12:30","12:43","13","6","0","6","0","7"
"F9","03/25/2024","2734","N356FR","RSW","15:32","16:17","45","0","0","0","0","42"
"F9","03/25/2024","2746","N311FR","TPA","13:24","14:08","44","0","0","0","0","33"
"F9","03/25/2024","2762","N639FR","TPA","16:32","18:23","111","11","0","0","0","100"
"F9","03/25/2024","2802","N719FR","MCO","06:40","07:17","37","37","0","21","0","0"
"F9","03/25/2024","2817","N311FR","SAN","06:35","06:35","0","0","0","0","0","0"
"F9","03/25/2024","2823","N367FR","SLC","09:09","09:04","-5","0","0","0","0","0"
"F9","03/25/2024","3040","N637FR","IAH","05:05","05:03","-2","0","0","22","0","0"
"F9","03/25/2024","3050","N308FR","XNA","12:05","13:11","66","0","0","0","0","55"
"F9","03/25/2024","3223","N228FR","SLC","11:40","12:49","69","0","0","0","0","53"
"F9","03/25/2024","3230","N705FR","IAH","16:46","17:29","43","0","0","0","0","36"
"F9","03/25/2024","3266","N607FR","PHL","06:35","07:08","33","0","33","49","0","0"
"F9","03/25/2024","3286","N721FR","CVG","05:20","05:52","32","0","32","42","0","0"
"F9","03/25/2024","3294","N376FR","ATL","14:45","14:50","5","0","0","0","0","0"
"F9","03/25/2024","3312","N370FR","MCO","11:00","12:12","72","72","0","41","0","0"
"F9","03/25/2024","3376","N331FR","MCI","13:30","18:56","326","0","0","0","0","311"
"F9","03/25/2024","3414","N311FR","DFW","19:22","23:51","269","0","0","0","0","259"
"F9","03/25/2024","3467","N331FR","PHX","22:14","00:19","125","0","0","8","0","125"
"F9","03/25/2024","3475","N316FR","ONT","22:35","23:26","51","0","0","0","0","30"
"F9","03/25/2024","3543","N362FR","LAS","20:28","22:13","105","0","0","0","0","89"
"F9","03/25/2024","3843","N307FR","LAS","23:40","23:45","5","0","0","0","0","0"
"F9","03/25/2024","3861","N607FR","SLC","19:58","23:13","195","0","0","0","0","181"
"F9","03/25/2024","4371","N350FR","SNA","18:13","18:46","33","0","0","0","0","0"
"F9","03/25/2024","4638","N612FR","CLE","19:36","19:34","-2","0","0","0","0","0"
"F9","03/25/2024","4776","N347FR","LIT","12:30","12:34","4","0","0","11","0","4"
"F9","03/25/2024","4927","N339FR","SAN","17:02","17:05","3","0","0","0","0","0"
"F9","03/26/2024","0094","N328FR","MCI","05:47","05:45","-2","0","0","0","0","0"
"F9","03/26/2024","0686","N356FR","DCA","07:30","07:23","-7","0","0","0","0","0"
"F9","03/26/2024","0688","N230FR","DCA","12:32","14:49","137","0","0","0","0","127"
"F9","03/26/2024","0690","N348FR","DCA","16:40","16:55","15","0","0","0","0","0"
"F9","03/26/2024","1114","N637FR","TPA","06:35","06:56","21","21","0","33","0","0"
"F9","03/26/2024","1150","N721FR","MSP","05:01","05:22","21","21","0","34","0","0"
"F9","03/26/2024","1162","N383FR","HOU","13:24","13:22","-2","0","0","0","0","0"
"F9","03/26/2024","1239","N326FR","LAS","06:00","05:57","-3","0","0","0","0","0"
"F9","03/26/2024","1248","N228FR","GRR","16:52","16:44","-8","0","0","0","0","0"
"F9","03/26/2024","1261","N366FR","ONT","05:01","05:04","3","0","0","0","0","0"
"F9","03/26/2024","1280","N350FR","MIA","00:36","01:07","31","0","0","0","0","17"
"F9","03/26/2024","1292","N352FR","MSP","09:55","09:54","-1","0","0","57","0","0"
"F9","03/26/2024","1299","N383FR","SFO","21:57","22:55","58","38","0","0","0","0"
"F9","03/26/2024","1324","N233FR","DFW","05:01","05:01","0","0","0","26","0","0"
"F9","03/26/2024","1362","N718FR","CLT","16:59","19:03","124","7","0","0","0","98"
"F9","03/26/2024","1375","N370FR","PHX","07:00","06:52","-8","0","0","0","0","0"
"F9","03/26/2024","1402","N721FR","BNA","11:36","14:18","162","0","0","0","0","158"
"F9","03/26/2024","1429","N233FR","SNA","17:19","17:59","40","0","0","0","0","27"
"F9","03/26/2024","1450","N639FR","ATL","08:05","08:09","4","0","0","0","0","0"
"F9","03/26/2024","1592","N339FR","MDW","05:01","05:32","31","31","0","17","0","0"
"F9","03/26/2024","1608","N363FR","MKE","09:45","09:39","-6","0","0","0","0","0"
"F9","03/26/2024","1734","N341FR","MCO","00:18","01:03","45","0","0","0","0","35"
"F9","03/26/2024","1764","N228FR","FAR","10:14","10:08","-6","0","0","0","0","0"
"F9","03/26/2024","1789","N339FR","PDX","22:15","22:18","3","3","0","14","0","0"
"F9","03/26/2024","1819","N233FR","PHX","11:20","11:14","-6","0","0","0","0","0"
"F9","03/26/2024","1864","N624FR","OKC","09:30","09:45","15","0","0","0","0","0"
"F9","03/26/2024","1866","N339FR","MSY","11:41","12:28","47","0","0","0","0","36"
"F9","03/26/2024","1918","N719FR","CLE","06:35","06:36","1","0","0","0","0","0"
"F9","03/26/2024","1993","N375FR","LAS","08:53","08:46","-7","0","0","0","0","0"
"F9","03/26/2024","2015","N380FR","LAS","12:04","12:13","9","0","0","0","0","0"
"F9","03/26/2024","2105","N704FR","PHX","13:20","13:10","-10","0","0","0","0","0"
"F9","03/26/2024","2141","N624FR","PHX","15:20","15:11","-9","0","0","0","0","0"
"F9","03/26/2024","2145","N721FR","SEA","19:07","22:19","192","21","0","0","0","154"
"F9","03/26/2024","2148","N619FR","DFW","08:32","08:25","-7","0","0","0","0","0"
"F9","03/26/2024","2155","N375FR","LAS","14:56","14:51","-5","0","0","0","0","0"
"F9","03/26/2024","2261","N360FR","ELP","13:36","13:28","-8","0","0","0","0","0"
"F9","03/26/2024","2438","N626FR","RDU","16:14","17:20","66","41","0","16","0","25"
"F9","03/26/2024","2454","N363FR","PNS","17:00","17:22","22","20","0","0","0","0"
"F9","03/26/2024","2480","N316FR","DFW","13:38","14:50","72","0","0","7","0","72"
"F9","03/26/2024","2632","N366FR","DFW","16:29","17:14","45","29","0","0","0","16"
"F9","03/26/2024","2762","N711FR","TPA","16:40","16:44","4","4","0","23","0","0"
"F9","03/26/2024","2802","N637FR","MCO","06:35","18:36","721","22","0","0","0","694"
"F9","03/26/2024","2817","N316FR","SAN","06:35","08:08","93","88","0","0","0","0"
"F9","03/26/2024","2823","N610FR","SLC","09:19","09:31","12","0","0","0","0","0"
"F9","03/26/2024","3040","N347FR","IAH","05:01","06:20","79","75","0","0","0","0"
"F9","03/26/2024","3223","N366FR","SLC","11:45","11:58","13","0","0","0","0","0"
"F9","03/26/2024","3230","N370FR","IAH","17:50","18:43","53","0","0","0","0","32"
"F9","03/26/2024","3266","N348FR","PHL","06:35","07:06","31","27","0","0","0","0"
"F9","03/26/2024","3286","N371FR","CVG","15:05","16:48","103","16","0","0","0","83"
"F9","03/26/2024","3302","N380FR","STL","18:05","17:57","-8","0","0","0","0","0"
"F9","03/26/2024","3414","N704FR","DFW","19:22","20:22","60","0","0","0","0","53"
"F9","03/26/2024","3467","N366FR","PHX","22:13","23:14","61","0","0","0","0","33"
"F9","03/26/2024","3475","N324FR","ONT","22:35","22:31","-4","0","0","0","0","0"
"F9","03/26/2024","3543","N378FR","LAS","20:05","19:55","-10","0","0","0","0","0"
"F9","03/26/2024","3566","N230FR","DTW","06:50","06:48","-2","0","0","0","0","0"
"F9","03/26/2024","3756","N360FR","AUS","19:13","19:27","14","0","0","0","0","0"
"F9","03/26/2024","3843","N610FR","LAS","23:31","23:29","-2","0","0","0","0","0"
"F9","03/26/2024","3861","N639FR","SLC","19:58","20:20","22","0","0","0","0","0"
"F9","03/26/2024","4221","N378FR","SAN","12:30","12:56","26","0","0","0","0","0"
"F9","03/26/2024","4626","N360FR","MEM","06:35","06:26","-9","0","0","0","0","0"
"F9","03/26/2024","4927","N356FR","SAN","17:02","17:02","0","0","0","0","0","0"
"F9","03/27/2024","0006","N711FR","STL","06:55","06:49","-6","0","0","0","0","0"
"F9","03/27/2024","0686","N371FR","DCA","07:30","07:21","-9","0","0","0","0","0"
"F9","03/27/2024","0688","N328FR","DCA","12:32","12:35","3","0","0","0","0","0"
"F9","03/27/2024","0690","N374FR","DCA","16:40","16:45","5","0","0","0","0","0"
"F9","03/27/2024","1066","N383FR","GRB","06:35","06:21","-14","0","0","0","0","0"
"F9","03/27/2024","1093","N348FR","SFO","16:30","17:52","82","0","0","58","0","29"
"F9","03/27/2024","1114","N634FR","TPA","06:35","02:39","1204","0","0","0","0","1176"
"F9","03/27/2024","1150","N718FR","MSP","05:01","05:17","16","0","0","0","0","0"
"F9","03/27/2024","1229","N324FR","SFO","21:47","22:26","39","0","0","51","0","0"
"F9","03/27/2024","1239","N324FR","LAS","06:00","05:52","-8","0","0","0","0","0"
"F9","03/27/2024","1261","N624FR","ONT","05:01","04:58","-3","0","0","0","0","0"
"F9","03/27/2024","1280","N233FR","MIA","00:36","00:49","13","13","0","8","0","0"
"F9","03/27/2024","1292","N344FR","MSP","11:31","13:01","90","0","0","0","0","75"
"F9","03/27/2024","1324","N360FR","DFW","05:05","04:56","-9","0","0","0","0","0"
"F9","03/27/2024","1362","N626FR","CLT","16:59","18:48","109","59","0","5","0","50"
"F9","03/27/2024","1375","N374FR","PHX","06:00","05:53","-7","0","0","0","0","0"
"F9","03/27/2024","1402","N718FR","BNA","11:36","12:02","26","0","0","0","0","0"
"F9","03/27/2024","1450","N626FR","ATL","08:45","08:43","-2","0","0","24","0","0"
"F9","03/27/2024","1592","N370FR","MDW","05:01","05:55","54","49","0","0","0","0"
"F9","03/27/2024","1630","N380FR","FSD","10:14","10:05","-9","0","0","0","0","0"
"F9","03/27/2024","1678","N228FR","DSM","08:25","08:15","-10","0","0","0","0","0"
"F9","03/27/2024","1734","N323FR","MCO","00:18","00:20","2","0","0","0","0","0"
"F9","03/27/2024","1791","N328FR","PDX","22:08","23:07","59","23","0","68","0","0"
"F9","03/27/2024","1816","N634FR","AUS","12:05","12:00","-5","0","0","0","0","0"
"F9","03/27/2024","1819","N382FR","PHX","11:20","11:15","-5","0","0","0","0","0"
"F9","03/27/2024","1864","N228FR","OKC","14:03","14:04","1","0","0","0","0","0"
"F9","03/27/2024","1993","N378FR","LAS","08:53","08:53","0","0","0","0","0","0"
"F9","03/27/2024","2015","N370FR","LAS","11:56","12:43","47","0","0","0","0","29"
"F9","03/27/2024","2038","N365FR","CID","12:04","13:38","94","0","45","0","0","39"
"F9","03/27/2024","2105","N636FR","PHX","13:35","14:07","32","0","0","0","0","0"
"F9","03/27/2024","2141","N229FR","PHX","15:35","15:49","14","0","0","0","0","0"
"F9","03/27/2024","2145","N718FR","SEA","18:49","19:33","44","12","0","0","0","24"
"F9","03/27/2024","2148","N621FR","DFW","08:32","08:26","-6","0","0","0","0","0"
"F9","03/27/2024","2155","N339FR","LAS","14:32","14:56","24","3","0","0","0","15"
"F9","03/27/2024","2261","N229FR","ELP","10:10","10:01","-9","0","0","0","0","0"
"F9","03/27/2024","2348","N339FR","IND","07:30","07:21","-9","0","0","0","0","0"
"F9","03/27/2024","2356","N638FR","SAT","17:45","22:26","281","0","0","0","0","259"
"F9","03/27/2024","2374","N383FR","TYS","13:40","13:37","-3","0","0","0","0","0"
"F9","03/27/2024","2438","N330FR","RDU","15:56","15:48","-8","0","0","0","0","0"
"F9","03/27/2024","2454","N633FR","PNS","16:49","16:58","9","0","0","0","0","0"
"F9","03/27/2024","2480","N359FR","DFW","13:01","13:14","13","0","0","0","0","0"
"F9","03/27/2024","2500","N324FR","ATL","12:30","12:52","22","22","0","47","0","0"
"F9","03/27/2024","2734","","RSW","15:32","00:00","0","0","0","0","0","0"
"F9","03/27/2024","2762","","TPA","16:40","00:00","0","0","0","0","0","0"
"F9","03/27/2024","2802","N721FR","MCO","06:35","07:37","62","0","0","57","0","0"
"F9","03/27/2024","2817","N346FR","SAN","06:05","06:01","-4","0","0","0","0","0"
"F9","03/27/2024","2823","N230FR","SLC","09:09","08:57","-12","0","0","0","0","0"
"F9","03/27/2024","3040","N328FR","IAH","05:01","05:02","1","0","0","0","0","0"
"F9","03/27/2024","3223","N348FR","SLC","11:40","11:54","14","0","0","0","0","0"
"F9","03/27/2024","3230","N382FR","IAH","17:20","18:00","40","3","0","0","0","23"
"F9","03/27/2024","3266","N633FR","PHL","06:35","06:34","-1","0","0","0","0","0"
"F9","03/27/2024","3286","N363FR","CVG","05:20","05:19","-1","0","0","21","0","0"
"F9","03/27/2024","3312","N331FR","MCO","12:20","16:33","253","0","0","107","0","129"
"F9","03/27/2024","3414","N380FR","DFW","19:22","19:31","9","0","0","0","0","0"
"F9","03/27/2024","3467","N318FR","PHX","22:13","22:38","25","0","0","0","0","0"
"F9","03/27/2024","3475","N359FR","ONT","22:35","22:39","4","0","0","0","0","0"
"F9","03/27/2024","3543","N339FR","LAS","20:28","20:41","13","0","0","0","0","0"
"F9","03/27/2024","3843","N363FR","LAS","23:25","00:25","60","0","0","1","0","60"
"F9","03/27/2024","3861","N636FR","SLC","19:53","20:28","35","0","0","3","0","35"
"F9","03/27/2024","4371","N370FR","SNA","18:13","18:32","19","0","0","0","0","0"
"F9","03/27/2024","4927","N371FR","SAN","17:02","17:01","-1","0","0","0","0","0"
"F9","03/28/2024","0094","N324FR","MCI","05:47","06:23","36","3","0","0","0","18"
"F9","03/28/2024","0686","N365FR","DCA","07:30","07:26","-4","0","0","0","0","0"
"F9","03/28/2024","0688","N330FR","DCA","12:05","12:30","25","0","0","0","0","0"
"F9","03/28/2024","0690","N344FR","DCA","16:40","16:30","-10","0","0","0","0","0"
"F9","03/28/2024","1093","N359FR","SFO","11:19","13:44","145","0","0","25","0","145"
"F9","03/28/2024","1114","N638FR","TPA","06:35","06:57","22","22","0","6","0","0"
"F9","03/28/2024","1150","N721FR","MSP","05:01","05:01","0","0","0","0","0","0"
"F9","03/28/2024","1162","N352FR","HOU","12:14","12:13","-1","0","0","0","0","0"
"F9","03/28/2024","1229","N330FR","SFO","21:47","21:40","-7","0","0","0","0","0"
"F9","03/28/2024","1239","N380FR","LAS","06:00","06:00","0","0","0","0","0","0"
"F9","03/28/2024","1248","N374FR","GRR","16:52","16:49","-3","0","0","32","0","0"
"F9","03/28/2024","1261","N229FR","ONT","05:01","04:56","-5","0","0","0","0","0"
"F9","03/28/2024","1280","N370FR","MIA","00:36","05:09","273","0","0","261","0","0"
"F9","03/28/2024","1292","N371FR","MSP","09:55","09:47","-8","0","0","0","0","0"
"F9","03/28/2024","1324","N359FR","DFW","05:01","05:36","35","9","0","43","0","26"
"F9","03/28/2024","1362","N311FR","CLT","16:59","16:57","-2","0","0","0","0","0"
"F9","03/28/2024","1375","N718FR","PHX","07:00","08:57","117","102","0","0","0","0"
"F9","03/28/2024","1402","N721FR","BNA","11:36","11:37","1","0","0","0","0","0"
"F9","03/28/2024","1429","N382FR","SNA","17:19","17:14","-5","0","0","0","0","0"
"F9","03/28/2024","1450","N633FR","ATL","08:05","08:28","23","0","0","0","0","0"
"F9","03/28/2024","1592","N330FR","MDW","05:01","04:53","-8","0","0","0","0","0"
"F9","03/28/2024","1608","N379FR","MKE","05:05","06:06","61","56","0","0","0","0"
"F9","03/28/2024","1734","","MCO","00:26","00:00","0","0","0","0","0","0"
"F9","03/28/2024","1764","N374FR","FAR","10:14","10:10","-4","0","0","0","0","0"
"F9","03/28/2024","1789","N228FR","PDX","22:08","21:59","-9","0","0","0","0","0"
"F9","03/28/2024","1816","N344FR","AUS","05:01","04:59","-2","0","0","0","0","0"
"F9","03/28/2024","1819","N382FR","PHX","11:20","11:30","10","0","0","0","0","0"
"F9","03/28/2024","1864","N382FR","OKC","06:00","05:53","-7","0","0","0","0","0"
"F9","03/28/2024","1866","N303FR","MSY","09:00","08:51","-9","0","0","0","0","0"
"F9","03/28/2024","1918","N624FR","CLE","06:35","07:04","29","19","0","0","0","0"
"F9","03/28/2024","1993","N328FR","LAS","10:30","10:27","-3","0","0","0","0","0"
"F9","03/28/2024","2105","N606FR","PHX","13:35","13:43","8","0","0","0","0","0"
"F9","03/28/2024","2141","N383FR","PHX","15:39","15:45","6","0","0","11","0","6"
"F9","03/28/2024","2148","N353FR","DFW","08:22","08:21","-1","0","0","0","0","0"
"F9","03/28/2024","2153","N378FR","SEA","18:14","18:07","-7","0","0","0","0","0"
"F9","03/28/2024","2155","N361FR","LAS","14:32","14:26","-6","0","0","0","0","0"
"F9","03/28/2024","2210","N379FR","MDW","18:49","19:40","51","7","0","0","0","37"
"F9","03/28/2024","2261","N232FR","ELP","10:20","10:08","-12","0","0","0","0","0"
"F9","03/28/2024","2438","N629FR","RDU","16:14","16:42","28","0","0","0","0","18"
"F9","03/28/2024","2454","N328FR","PNS","17:00","16:49","-11","0","0","0","0","0"
"F9","03/28/2024","2480","","DFW","13:27","00:00","0","0","0","0","0","0"
"F9","03/28/2024","2570","N352FR","OMA","19:13","19:07","-6","0","0","0","0","0"
"F9","03/28/2024","2632","N348FR","DFW","16:29","16:21","-8","0","0","0","0","0"
"F9","03/28/2024","2746","N639FR","TPA","13:44","14:13","29","0","0","0","0","23"
"F9","03/28/2024","2762","N638FR","TPA","16:35","17:59","84","23","0","16","0","61"
"F9","03/28/2024","2802","N629FR","MCO","06:35","06:43","8","0","0","0","0","0"
"F9","03/28/2024","2817","N704FR","SAN","06:35","07:08","33","17","0","0","0","0"
"F9","03/28/2024","2823","N230FR","SLC","09:09","10:34","85","0","0","0","0","68"
"F9","03/28/2024","3040","N352FR","IAH","05:11","05:07","-4","0","0","0","0","0"
"F9","03/28/2024","3050","N380FR","XNA","12:18","12:12","-6","0","0","0","0","0"
"F9","03/28/2024","3223","N344FR","SLC","11:39","11:33","-6","0","0","0","0","0"
"F9","03/28/2024","3230","N721FR","IAH","17:50","19:44","114","5","0","30","0","109"
"F9","03/28/2024","3266","N348FR","PHL","06:35","06:41","6","0","0","0","0","0"
"F9","03/28/2024","3286","N228FR","CVG","13:36","13:27","-9","0","0","0","0","0"
"F9","03/28/2024","3302","N633FR","STL","19:07","19:38","31","0","0","0","0","0"
"F9","03/28/2024","3312","N229FR","MCO","11:45","11:43","-2","0","0","0","0","0"
"F9","03/28/2024","3414","N718FR","DFW","19:22","19:50","28","28","0","0","0","0"
"F9","03/28/2024","3467","N301FR","PHX","22:13","22:33","20","0","0","0","0","0"
"F9","03/28/2024","3473","N324FR","ONT","22:25","22:49","24","0","0","6","0","24"
"F9","03/28/2024","3543","N303FR","LAS","20:05","20:09","4","0","0","0","0","0"
"F9","03/28/2024","3566","N383FR","DTW","07:30","07:32","2","2","0","36","0","0"
"F9","03/28/2024","3843","N313FR","LAS","23:40","23:33","-7","0","0","0","0","0"
"F9","03/28/2024","3861","N606FR","SLC","19:57","20:05","8","0","0","0","0","0"
"F9","03/28/2024","4221","N379FR","SAN","12:30","13:02","32","0","0","3","0","32"
"F9","03/28/2024","4401","N380FR","LAS","18:02","17:58","-4","0","0","0","0","0"
"F9","03/28/2024","4626","N228FR","MEM","06:35","06:28","-7","0","0","0","0","0"
"F9","03/28/2024","4927","N365FR","SAN","17:02","16:58","-4","0","0","16","0","0"
"F9","03/29/2024","0006","N633FR","STL","06:55","06:49","-6","0","0","0","0","0"
"F9","03/29/2024","0094","N353FR","MCI","05:47","05:48","1","0","0","0","0","0"
"F9","03/29/2024","0686","N352FR","DCA","07:30","07:22","-8","0","0","0","0","0"
"F9","03/29/2024","0688","N382FR","DCA","12:32","12:27","-5","0","0","0","0","0"
"F9","03/29/2024","0690","N352FR","DCA","16:40","16:39","-1","0","0","0","0","0"
"F9","03/29/2024","1002","N311FR","MSN","08:00","07:57","-3","0","0","0","0","0"
"F9","03/29/2024","1063","N359FR","SMF","05:05","05:16","11","0","0","0","0","0"
"F9","03/29/2024","1066","N228FR","GRB","06:35","06:25","-10","0","0","0","0","0"
"F9","03/29/2024","1093","N229FR","SFO","15:00","16:28","88","0","0","120","0","0"
"F9","03/29/2024","1114","N605FR","TPA","06:35","06:34","-1","0","0","0","0","0"
"F9","03/29/2024","1128","N328FR","OMA","17:50","18:14","24","0","0","0","0","0"
"F9","03/29/2024","1150","N374FR","MSP","05:01","04:58","-3","0","0","0","0","0"
"F9","03/29/2024","1162","N326FR","HOU","12:04","12:03","-1","0","0","0","0","0"
"F9","03/29/2024","1229","N229FR","SFO","21:57","23:55","118","0","0","10","0","118"
"F9","03/29/2024","1239","N326FR","LAS","06:00","06:10","10","0","0","0","0","0"
"F9","03/29/2024","1261","N328FR","ONT","05:01","05:00","-1","0","0","0","0","0"
"F9","03/29/2024","1280","N358FR","MIA","00:50","01:29","39","9","0","0","0","21"
"F9","03/29/2024","1292","N349FR","MSP","10:05","10:02","-3","0","0","0","0","0"
"F9","03/29/2024","1324","N365FR","DFW","05:05","05:52","47","47","0","23","0","0"
"F9","03/29/2024","1362","N613FR","CLT","16:59","17:18","19","0","0","0","0","0"
"F9","03/29/2024","1375","N639FR","PHX","07:00","07:47","47","41","0","0","0","0"
"F9","03/29/2024","1402","N718FR","BNA","08:35","08:25","-10","0","0","0","0","0"
"F9","03/29/2024","1592","N324FR","MDW","05:01","05:30","29","0","0","0","0","0"
"F9","03/29/2024","1630","N344FR","FSD","10:14","10:11","-3","0","0","0","0","0"
"F9","03/29/2024","1678","N360FR","DSM","09:00","08:53","-7","0","0","0","0","0"
"F9","03/29/2024","1734","N304FR","MCO","00:18","00:58","40","0","0","0","0","19"
"F9","03/29/2024","1789","N228FR","PDX","22:08","21:59","-9","0","0","0","0","0"
"F9","03/29/2024","1816","N378FR","AUS","05:01","05:00","-1","0","0","0","0","0"
"F9","03/29/2024","1819","N374FR","PHX","10:35","11:05","30","0","0","0","0","24"
"F9","03/29/2024","1864","N360FR","OKC","14:41","14:35","-6","0","0","0","0","0"
"F9","03/29/2024","2015","N328FR","LAS","11:20","11:20","0","0","0","0","0","0"
"F9","03/29/2024","2105","N606FR","PHX","13:05","12:56","-9","0","0","0","0","0"
"F9","03/29/2024","2141","N605FR","PHX","15:05","16:17","72","0","0","0","0","70"
"F9","03/29/2024","2145","N311FR","SEA","19:11","20:16","65","0","0","0","0","57"
"F9","03/29/2024","2148","N705FR","DFW","08:22","08:17","-5","0","0","0","0","0"
"F9","03/29/2024","2155","N311FR","LAS","14:32","14:24","-8","0","0","0","0","0"
"F9","03/29/2024","2210","N324FR","MDW","18:49","18:41","-8","0","0","0","0","0"
"F9","03/29/2024","2261","N303FR","ELP","10:29","10:19","-10","0","0","0","0","0"
"F9","03/29/2024","2348","N229FR","IND","07:30","07:25","-5","0","0","0","0","0"
"F9","03/29/2024","2356","N626FR","SAT","16:25","18:25","120","0","0","0","0","105"
"F9","03/29/2024","2374","N228FR","TYS","13:40","13:29","-11","0","0","0","0","0"
"F9","03/29/2024","2429","N383FR","LAS","18:02","17:58","-4","0","0","0","0","0"
"F9","03/29/2024","2438","N309FR","RDU","16:36","16:53","17","0","0","0","0","0"
"F9","03/29/2024","2454","N718FR","PNS","16:49","16:54","5","0","0","0","0","0"
"F9","03/29/2024","2480","N324FR","DFW","12:03","12:22","19","0","0","0","0","0"
"F9","03/29/2024","2500","N359FR","ATL","12:30","12:40","10","0","0","0","0","0"
"F9","03/29/2024","2734","N344FR","RSW","15:32","15:20","-12","0","0","16","0","0"
"F9","03/29/2024","2746","N721FR","TPA","13:44","13:46","2","0","0","0","0","0"
"F9","03/29/2024","2762","N629FR","TPA","16:49","16:45","-4","0","0","0","0","0"
"F9","03/29/2024","2802","N603FR","MCO","06:35","06:31","-4","0","0","0","0","0"
"F9","03/29/2024","2817","N721FR","SAN","06:35","07:16","41","30","0","0","0","0"
"F9","03/29/2024","2823","N348FR","SLC","09:09","09:02","-7","0","0","0","0","0"
"F9","03/29/2024","3040","N382FR","IAH","05:01","04:54","-7","0","0","0","0","0"
"F9","03/29/2024","3050","N356FR","XNA","12:05","12:20","15","0","0","0","0","0"
"F9","03/29/2024","3223","N378FR","SLC","11:40","11:35","-5","0","0","0","0","0"
"F9","03/29/2024","3230","N639FR","IAH","17:50","17:44","-6","0","0","0","0","0"
"F9","03/29/2024","3266","N629FR","PHL","06:35","06:34","-1","0","0","0","0","0"
"F9","03/29/2024","3286","N356FR","CVG","05:01","04:55","-6","0","0","0","0","0"
"F9","03/29/2024","3294","N388FR","ATL","14:45","14:54","9","9","0","8","0","0"
"F9","03/29/2024","3312","N365FR","MCO","11:20","12:14","54","0","0","0","0","25"
"F9","03/29/2024","3414","N360FR","DFW","19:47","19:37","-10","0","0","0","0","0"
"F9","03/29/2024","3467","N373FR","PHX","22:28","22:18","-10","0","0","0","0","0"
"F9","03/29/2024","3475","N382FR","ONT","22:35","22:23","-12","0","0","0","0","0"
"F9","03/29/2024","3543","N359FR","LAS","20:28","20:42","14","0","0","8","0","14"
"F9","03/29/2024","3843","N303FR","LAS","23:40","23:32","-8","0","0","0","0","0"
"F9","03/29/2024","3861","N606FR","SLC","19:43","19:40","-3","0","0","27","0","0"
"F9","03/29/2024","4371","N356FR","SNA","18:13","18:03","-10","0","0","0","0","0"
"F9","03/29/2024","4386","N326FR","CID","19:03","19:10","7","0","0","0","0","0"
"F9","03/29/2024","4776","N317FR","LIT","12:51","13:58","67","0","0","0","0","58"
"F9","03/29/2024","4927","N378FR","SAN","17:02","16:57","-5","0","0","0","0","0"
"F9","03/30/2024","0006","N625FR","STL","07:30","07:42","12","0","0","0","0","0"
"F9","03/30/2024","0686","N229FR","DCA","07:30","07:31","1","0","0","0","0","0"
"F9","03/30/2024","0688","N376FR","DCA","12:32","12:22","-10","0","0","0","0","0"
"F9","03/30/2024","0690","N390FR","DCA","16:40","16:54","14","0","0","0","0","0"
"F9","03/30/2024","1093","N626FR","SFO","16:10","16:06","-4","0","0","0","0","0"
"F9","03/30/2024","1114","N639FR","TPA","06:35","06:29","-6","0","0","0","0","0"
"F9","03/30/2024","1150","N382FR","MSP","05:05","04:58","-7","0","0","0","0","0"
"F9","03/30/2024","1162","N326FR","HOU","14:16","14:06","-10","0","0","0","0","0"
"F9","03/30/2024","1229","N326FR","SFO","21:57","22:10","13","0","0","0","0","0"
"F9","03/30/2024","1261","N376FR","ONT","05:01","05:00","-1","0","0","39","0","0"
"F9","03/30/2024","1280","N385FR","MIA","00:27","01:00","33","0","0","0","0","0"
"F9","03/30/2024","1292","N374FR","MSP","11:31","11:20","-11","0","0","0","0","0"
"F9","03/30/2024","1324","N344FR","DFW","05:05","04:57","-8","0","0","0","0","0"
"F9","03/30/2024","1362","N605FR","CLT","17:04","16:58","-6","0","0","0","0","0"
"F9","03/30/2024","1375","N721FR","PHX","06:00","05:56","-4","0","0","0","0","0"
"F9","03/30/2024","1429","N324FR","SNA","14:50","14:53","3","0","0","12","0","3"
"F9","03/30/2024","1499","N334FR","ONT","21:38","21:30","-8","0","0","0","0","0"
"F9","03/30/2024","1592","N360FR","MDW","05:01","04:57","-4","0","0","36","0","0"
"F9","03/30/2024","1608","N311FR","MKE","06:35","06:26","-9","0","0","0","0","0"
"F9","03/30/2024","1630","N352FR","FSD","10:26","10:15","-11","0","0","0","0","0"
"F9","03/30/2024","1734","N356FR","MCO","00:18","01:40","82","42","0","0","0","14"
"F9","03/30/2024","1791","N309FR","PDX","22:13","22:24","11","0","0","0","0","0"
"F9","03/30/2024","1816","N309FR","AUS","06:35","06:25","-10","0","0","0","0","0"
"F9","03/30/2024","1819","N382FR","PHX","11:20","11:12","-8","0","0","0","0","0"
"F9","03/30/2024","1864","N228FR","OKC","13:51","14:05","14","0","0","0","0","0"
"F9","03/30/2024","1918","N317FR","CLE","08:00","07:56","-4","0","0","0","0","0"
"F9","03/30/2024","1993","N236FR","LAS","08:53","08:47","-6","0","0","0","0","0"
"F9","03/30/2024","2015","N613FR","LAS","10:55","10:51","-4","0","0","0","0","0"
"F9","03/30/2024","2038","N232FR","CID","09:00","08:51","-9","0","0","0","0","0"
"F9","03/30/2024","2105","N311FR","PHX","13:35","13:34","-1","0","0","0","0","0"
"F9","03/30/2024","2141","N232FR","PHX","15:35","15:25","-10","0","0","0","0","0"
"F9","03/30/2024","2151","N382FR","SEA","17:17","17:38","21","0","0","0","0","0"
"F9","03/30/2024","2155","N309FR","LAS","13:02","12:54","-8","0","0","0","0","0"
"F9","03/30/2024","2348","N324FR","IND","07:30","07:28","-2","0","0","0","0","0"
"F9","03/30/2024","2349","N635FR","LAS","15:02","15:09","7","0","0","9","0","7"
"F9","03/30/2024","2356","N343FR","SAT","15:50","15:49","-1","0","0","0","0","0"
"F9","03/30/2024","2360","N360FR","MSY","18:26","18:20","-6","0","0","0","0","0"
"F9","03/30/2024","2374","N317FR","TYS","16:20","16:38","18","0","0","0","0","0"
"F9","03/30/2024","2429","N356FR","LAS","19:00","18:51","-9","0","0","0","0","0"
"F9","03/30/2024","2438","N352FR","RDU","15:45","16:09","24","0","0","0","0","0"
"F9","03/30/2024","2454","N613FR","PNS","16:46","17:07","21","0","0","0","0","0"
"F9","03/30/2024","2480","N360FR","DFW","12:05","12:31","26","0","0","0","0","0"
"F9","03/30/2024","2632","N308FR","DFW","15:25","15:22","-3","0","0","0","0","0"
"F9","03/30/2024","2762","N639FR","TPA","16:40","16:53","13","0","0","0","0","0"
"F9","03/30/2024","2802","N605FR","MCO","06:40","06:37","-3","0","0","0","0","0"
"F9","03/30/2024","2817","N328FR","SAN","06:30","06:29","-1","0","0","0","0","0"
"F9","03/30/2024","2823","N383FR","SLC","09:09","09:03","-6","0","0","0","0","0"
"F9","03/30/2024","3040","N626FR","IAH","08:50","08:44","-6","0","0","0","0","0"
"F9","03/30/2024","3050","N356FR","XNA","12:05","11:53","-12","0","0","0","0","0"
"F9","03/30/2024","3223","N390FR","SLC","11:40","11:34","-6","0","0","0","0","0"
"F9","03/30/2024","3230","N629FR","IAH","16:49","16:41","-8","0","0","0","0","0"
"F9","03/30/2024","3266","N629FR","PHL","06:35","06:36","1","0","0","0","0","0"
"F9","03/30/2024","3286","N379FR","CVG","05:30","05:28","-2","0","0","0","0","0"
"F9","03/30/2024","3294","N350FR","ATL","14:45","14:40","-5","0","0","0","0","0"
"F9","03/30/2024","3312","N353FR","MCO","11:01","11:16","15","0","0","0","0","0"
"F9","03/30/2024","3376","N365FR","MCI","13:30","13:28","-2","0","0","0","0","0"
"F9","03/30/2024","3414","N365FR","DFW","19:22","19:16","-6","0","0","0","0","0"
"F9","03/30/2024","3467","N330FR","PHX","22:13","22:15","2","0","0","0","0","0"
"F9","03/30/2024","3543","N376FR","LAS","22:45","22:41","-4","0","0","0","0","0"
"F9","03/30/2024","3566","N326FR","DTW","06:00","05:57","-3","0","0","0","0","0"
"F9","03/30/2024","3861","N704FR","SLC","19:53","20:10","17","0","0","0","0","0"
"F9","03/30/2024","4927","N229FR","SAN","17:02","17:16","14","6","0","25","0","8"
"F9","03/31/2024","0094","N326FR","MCI","05:47","05:37","-10","0","0","0","0","0"
"F9","03/31/2024","0685","N318FR","SAN","10:09","10:06","-3","0","0","0","0","0"
"F9","03/31/2024","0686","N310FR","DCA","06:43","07:09","26","0","0","0","0","0"
"F9","03/31/2024","0688","N334FR","DCA","12:39","12:33","-6","0","0","0","0","0"
"F9","03/31/2024","0690","N318FR","DCA","16:40","17:01","21","0","0","0","0","0"
"F9","03/31/2024","1093","N363FR","SFO","11:11","11:51","40","0","0","33","0","0"
"F9","03/31/2024","1114","N613FR","TPA","06:35","06:29","-6","0","0","0","0","0"
"F9","03/31/2024","1150","N639FR","MSP","05:01","05:00","-1","0","0","0","0","0"
"F9","03/31/2024","1162","","HOU","12:18","00:00","0","0","0","0","0","0"
"F9","03/31/2024","1229","N343FR","SFO","21:47","21:58","11","11","0","11","0","0"
"F9","03/31/2024","1239","N229FR","LAS","06:00","05:57","-3","0","0","0","0","0"
"F9","03/31/2024","1248","N310FR","GRR","16:53","16:52","-1","0","0","0","0","0"
"F9","03/31/2024","1261","N379FR","ONT","05:01","05:17","16","16","0","20","0","0"
"F9","03/31/2024","1280","N307FR","MIA","00:36","00:55","19","0","0","0","0","0"
"F9","03/31/2024","1292","N390FR","MSP","09:55","10:39","44","0","0","0","0","18"
"F9","03/31/2024","1324","N383FR","DFW","05:01","06:38","97","95","0","0","0","0"
"F9","03/31/2024","1362","N718FR","CLT","15:31","15:42","11","0","0","0","0","0"
"F9","03/31/2024","1375","N626FR","PHX","07:00","06:57","-3","0","0","0","0","0"
"F9","03/31/2024","1402","N639FR","BNA","11:36","11:43","7","0","0","0","0","0"
"F9","03/31/2024","1429","N383FR","SNA","17:19","18:03","44","0","0","0","0","43"
"F9","03/31/2024","1450","N324FR","ATL","08:05","07:55","-10","0","0","0","0","0"
"F9","03/31/2024","1592","N343FR","MDW","06:00","06:03","3","0","0","0","0","0"
"F9","03/31/2024","1608","N721FR","MKE","08:05","09:48","103","0","0","0","0","77"
"F9","03/31/2024","1734","N352FR","MCO","00:58","00:54","-4","0","0","0","0","0"
"F9","03/31/2024","1764","N393FR","FAR","16:04","15:59","-5","0","0","0","0","0"
"F9","03/31/2024","1789","N393FR","PDX","22:07","22:05","-2","0","0","0","0","0"
"F9","03/31/2024","1816","N309FR","AUS","05:01","05:31","30","10","0","0","0","16"
"F9","03/31/2024","1819","N383FR","PHX","11:20","12:30","70","0","0","4","0","70"
"F9","03/31/2024","1864","N356FR","OKC","10:00","09:56","-4","0","0","0","0","0"
"F9","03/31/2024","1866","N317FR","MSY","14:40","14:35","-5","0","0","0","0","0"
"F9","03/31/2024","1918","N605FR","CLE","06:35","06:30","-5","0","0","0","0","0"
"F9","03/31/2024","1993","","LAS","10:30","00:00","0","0","0","0","0","0"
"F9","03/31/2024","2105","N704FR","PHX","13:35","13:31","-4","0","0","0","0","0"
"F9","03/31/2024","2141","N356FR","PHX","15:35","15:30","-5","0","0","0","0","0"
"F9","03/31/2024","2145","N311FR","SEA","18:30","19:31","61","0","0","0","0","45"
"F9","03/31/2024","2148","N637FR","DFW","08:27","08:16","-11","0","0","0","0","0"
"F9","03/31/2024","2155","N338FR","LAS","14:52","14:47","-5","0","0","0","0","0"
"F9","03/31/2024","2210","N324FR","MDW","18:50","18:49","-1","0","0","0","0","0"
"F9","03/31/2024","2261","N365FR","ELP","10:09","10:24","15","0","0","0","0","0"
"F9","03/31/2024","2349","N377FR","LAS","17:44","17:45","1","0","0","0","0","0"
"F9","03/31/2024","2438","N629FR","RDU","16:14","16:08","-6","0","0","0","0","0"
"F9","03/31/2024","2454","N626FR","PNS","17:00","17:57","57","4","0","0","0","49"
"F9","03/31/2024","2480","N311FR","DFW","13:22","13:25","3","0","0","0","0","0"
"F9","03/31/2024","2570","N360FR","OMA","18:56","18:47","-9","0","0","0","0","0"
"F9","03/31/2024","2632","N705FR","DFW","16:49","16:49","0","0","0","0","0","0"
"F9","03/31/2024","2746","N715FR","TPA","13:18","13:15","-3","0","0","0","0","0"
"F9","03/31/2024","2762","N613FR","TPA","16:36","16:26","-10","0","0","0","0","0"
"F9","03/31/2024","2802","N371FR","MCO","18:07","17:59","-8","0","0","0","0","0"
"F9","03/31/2024","2817","N311FR","SAN","06:50","06:45","-5","0","0","15","0","0"
"F9","03/31/2024","2823","N382FR","SLC","09:09","09:54","45","31","0","0","0","0"
"F9","03/31/2024","3040","N334FR","IAH","05:05","04:58","-7","0","0","0","0","0"
"F9","03/31/2024","3050","N360FR","XNA","13:12","13:02","-10","0","0","0","0","0"
"F9","03/31/2024","3223","N309FR","SLC","11:35","11:32","-3","0","0","0","0","0"
"F9","03/31/2024","3230","N721FR","IAH","17:50","17:55","5","0","0","0","0","0"
"F9","03/31/2024","3266","N705FR","PHL","06:35","06:58","23","0","0","0","0","0"
"F9","03/31/2024","3286","N343FR","CVG","13:41","13:42","1","0","0","0","0","0"
"F9","03/31/2024","3302","N363FR","STL","19:17","19:07","-10","0","0","0","0","0"
"F9","03/31/2024","3312","N379FR","MCO","11:45","11:53","8","0","0","0","0","0"
"F9","03/31/2024","3414","N639FR","DFW","19:22","19:15","-7","0","0","0","0","0"
"F9","03/31/2024","3467","N326FR","PHX","22:13","22:26","13","0","0","0","0","0"
"F9","03/31/2024","3475","N334FR","ONT","22:35","22:26","-9","0","0","0","0","0"
"F9","03/31/2024","3543","N631FR","LAS","20:20","22:02","102","26","0","0","0","76"
"F9","03/31/2024","3566","N715FR","DTW","05:01","04:57","-4","0","0","0","0","0"
"F9","03/31/2024","3843","N390FR","LAS","23:40","23:34","-6","0","0","0","0","0"
"F9","03/31/2024","3861","N704FR","SLC","19:53","19:50","-3","0","0","0","0","0"
"F9","03/31/2024","4626","N317FR","MEM","07:35","07:28","-7","0","0","0","0","0"
"F9","03/31/2024","4927","N309FR","SAN","17:02","16:50","-12","0","0","17","0","0"
"F9","04/01/2024","0006","N629FR","STL","06:55","06:55","0","0","0","0","0","0"
"F9","04/01/2024","0686","N718FR","DCA","06:43","06:43","0","0","0","0","0","0"
"F9","04/01/2024","0688","N379FR","DCA","12:39","12:32","-7","0","0","0","0","0"
"F9","04/01/2024","0690","N367FR","DCA","16:40","17:17","37","0","0","0","0","28"
"F9","04/01/2024","1002","N359FR","MSN","07:25","07:17","-8","0","0","0","0","0"
"F9","04/01/2024","1063","N309FR","SMF","05:05","04:59","-6","0","0","0","0","0"
"F9","04/01/2024","1066","N393FR","GRB","06:35","06:32","-3","0","0","0","0","0"
"F9","04/01/2024","1093","N360FR","SFO","15:19","15:09","-10","0","0","0","0","0"
"F9","04/01/2024","1114","N639FR","TPA","06:35","06:29","-6","0","0","34","0","0"
"F9","04/01/2024","1128","N359FR","OMA","19:19","19:54","35","29","0","0","0","0"
"F9","04/01/2024","1150","N362FR","MSP","05:05","04:56","-9","0","0","0","0","0"
"F9","04/01/2024","1175","N317FR","SEA","17:50","17:47","-3","0","0","0","0","0"
"F9","04/01/2024","1229","N310FR","SFO","21:47","21:42","-5","0","0","0","0","0"
"F9","04/01/2024","1239","N343FR","LAS","06:00","06:10","10","0","0","0","0","0"
"F9","04/01/2024","1261","N391FR","ONT","05:01","05:00","-1","0","0","0","0","0"
"F9","04/01/2024","1280","N385FR","MIA","00:50","00:44","-6","0","0","0","0","0"
"F9","04/01/2024","1292","N324FR","MSP","11:31","11:43","12","0","0","0","0","0"
"F9","04/01/2024","1324","N324FR","DFW","05:05","05:06","1","0","0","0","0","0"
"F9","04/01/2024","1362","N639FR","CLT","16:59","17:01","2","0","0","0","0","0"
"F9","04/01/2024","1375","N611FR","PHX","06:00","05:56","-4","0","0","0","0","0"
"F9","04/01/2024","1380","N362FR","HOU","18:05","18:08","3","0","3","21","0","0"
"F9","04/01/2024","1450","N370FR","ATL","08:39","08:32","-7","0","0","0","0","0"
"F9","04/01/2024","1592","N317FR","MDW","05:01","04:54","-7","0","0","0","0","0"
"F9","04/01/2024","1630","N318FR","FSD","10:14","10:03","-11","0","0","0","0","0"
"F9","04/01/2024","1678","N638FR","DSM","08:20","08:17","-3","0","0","0","0","0"
"F9","04/01/2024","1734","N383FR","MCO","00:18","00:16","-2","0","0","0","0","0"
"F9","04/01/2024","1764","N379FR","FAR","06:35","06:28","-7","0","0","0","0","0"
"F9","04/01/2024","1789","N619FR","PDX","22:08","00:25","137","0","0","0","0","110"
"F9","04/01/2024","1819","N366FR","PHX","11:20","11:48","28","0","0","0","0","0"
"F9","04/01/2024","1864","N359FR","OKC","14:08","14:03","-5","0","0","0","0","0"
"F9","04/01/2024","1993","N626FR","LAS","10:20","10:10","-10","0","0","0","0","0"
"F9","04/01/2024","2038","N309FR","CID","12:04","12:05","1","0","0","0","0","0"
"F9","04/01/2024","2105","N638FR","PHX","13:20","13:45","25","0","0","18","0","25"
"F9","04/01/2024","2141","N718FR","PHX","15:20","17:01","101","40","0","0","0","60"
"F9","04/01/2024","2148","N376FR","DFW","08:22","08:16","-6","0","0","0","0","0"
"F9","04/01/2024","2155","N328FR","LAS","14:32","14:23","-9","0","0","0","0","0"
"F9","04/01/2024","2210","N303FR","MDW","18:50","19:06","16","0","0","0","0","0"
"F9","04/01/2024","2261","N365FR","ELP","09:59","10:22","23","0","0","0","0","18"
"F9","04/01/2024","2348","N360FR","IND","07:30","07:22","-8","0","0","0","0","0"
"F9","04/01/2024","2356","N366FR","SAT","17:17","17:54","37","0","0","2","0","37"
"F9","04/01/2024","2374","N381FR","TYS","08:10","08:01","-9","0","0","0","0","0"
"F9","04/01/2024","2429","N378FR","LAS","18:07","18:07","0","0","0","0","0","0"
"F9","04/01/2024","2438","N626FR","RDU","16:38","16:33","-5","0","0","0","0","0"
"F9","04/01/2024","2454","N381FR","PNS","16:49","16:39","-10","0","0","0","0","0"
"F9","04/01/2024","2480","N391FR","DFW","11:45","12:11","26","0","0","0","0","18"
"F9","04/01/2024","2500","N393FR","ATL","13:40","13:33","-7","0","0","0","0","0"
"F9","04/01/2024","2734","N318FR","RSW","15:32","15:21","-11","0","0","0","0","0"
"F9","04/01/2024","2746","N334FR","TPA","13:24","13:37","13","0","0","0","0","0"
"F9","04/01/2024","2762","N614FR","TPA","16:23","16:48","25","0","0","0","0","0"
"F9","04/01/2024","2802","N363FR","MCO","18:07","18:35","28","20","0","0","0","8"
"F9","04/01/2024","2817","N334FR","SAN","06:35","06:36","1","1","0","35","0","0"
"F9","04/01/2024","2823","N338FR","SLC","09:09","09:03","-6","0","0","0","0","0"
"F9","04/01/2024","3040","N721FR","IAH","05:05","06:35","90","90","0","49","0","0"
"F9","04/01/2024","3050","N317FR","XNA","12:05","11:53","-12","0","0","0","0","0"
"F9","04/01/2024","3223","N362FR","SLC","11:40","11:33","-7","0","0","0","0","0"
"F9","04/01/2024","3230","N611FR","IAH","16:46","16:36","-10","0","0","0","0","0"
"F9","04/01/2024","3266","N614FR","PHL","06:35","06:46","11","0","0","0","0","0"
"F9","04/01/2024","3286","N705FR","CVG","05:20","05:18","-2","0","0","0","0","0"
"F9","04/01/2024","3312","N310FR","MCO","11:00","10:54","-6","0","0","0","0","0"
"F9","04/01/2024","3376","N721FR","MCI","13:30","14:18","48","0","0","4","0","48"
"F9","04/01/2024","3414","N716FR","DFW","19:22","09:54","872","0","0","1","0","872"
"F9","04/01/2024","3467","N334FR","PHX","22:14","23:17","63","0","0","0","0","42"
"F9","04/01/2024","3475","N232FR","ONT","22:35","23:18","43","0","0","0","0","0"
"F9","04/01/2024","3543","N328FR","LAS","20:28","20:19","-9","0","0","0","0","0"
"F9","04/01/2024","3843","N366FR","LAS","23:40","00:11","31","0","0","0","0","0"
"F9","04/01/2024","3861","N638FR","SLC","19:58","20:11","13","0","0","59","0","13"
"F9","04/01/2024","4371","N343FR","SNA","18:13","18:43","30","0","0","0","0","0"
"F9","04/01/2024","4638","N721FR","CLE","19:36","20:16","40","0","0","0","0","34"
"F9","04/01/2024","4776","N343FR","LIT","12:30","12:20","-10","0","0","0","0","0"
"F9","04/01/2024","4927","N391FR","SAN","17:02","18:43","101","20","0","12","0","81"
"F9","04/02/2024","0094","N309FR","MCI","05:47","05:38","-9","0","0","0","0","0"
"F9","04/02/2024","0686","N303FR","DCA","06:43","06:39","-4","0","0","0","0","0"
"F9","04/02/2024","0688","N303FR","DCA","12:39","16:55","256","77","0","3","0","179"
"F9","04/02/2024","0690","N317FR","DCA","16:40","17:31","51","16","0","30","0","35"
"F9","04/02/2024","1114","N638FR","TPA","06:35","06:26","-9","0","0","0","0","0"
"F9","04/02/2024","1150","N718FR","MSP","05:01","04:51","-10","0","0","0","0","0"
"F9","04/02/2024","1162","N393FR","HOU","14:24","15:53","89","83","0","0","0","0"
"F9","04/02/2024","1239","N639FR","LAS","06:00","05:55","-5","0","0","0","0","0"
"F9","04/02/2024","1248","N379FR","GRR","16:52","16:55","3","0","0","0","0","0"
"F9","04/02/2024","1261","N381FR","ONT","05:01","04:59","-2","0","0","0","0","0"
"F9","04/02/2024","1280","N362FR","MIA","00:50","01:25","35","0","0","0","0","0"
"F9","04/02/2024","1292","N367FR","MSP","09:55","10:03","8","0","0","0","0","0"
"F9","04/02/2024","1299","N360FR","SFO","21:57","21:56","-1","0","0","0","0","0"
"F9","04/02/2024","1324","N317FR","DFW","05:01","04:54","-7","0","0","0","0","0"
"F9","04/02/2024","1362","N381FR","CLT","17:09","17:06","-3","0","0","34","0","0"
"F9","04/02/2024","1375","N705FR","PHX","07:00","07:06","6","0","0","0","0","0"
"F9","04/02/2024","1402","N718FR","BNA","11:36","11:24","-12","0","0","0","0","0"
"F9","04/02/2024","1429","N236FR","SNA","17:19","17:31","12","0","0","0","0","0"
"F9","04/02/2024","1450","N626FR","ATL","08:05","07:56","-9","0","0","0","0","0"
"F9","04/02/2024","1592","N310FR","MDW","05:01","05:30","29","0","0","0","0","0"
"F9","04/02/2024","1608","N377FR","MKE","09:45","09:38","-7","0","0","0","0","0"
"F9","04/02/2024","1734","N341FR","MCO","00:18","00:12","-6","0","0","0","0","0"
"F9","04/02/2024","1764","N379FR","FAR","10:14","10:04","-10","0","0","0","0","0"
"F9","04/02/2024","1789","N330FR","PDX","22:15","22:29","14","0","0","0","0","0"
"F9","04/02/2024","1819","N317FR","PHX","11:17","11:08","-9","0","0","0","0","0"
"F9","04/02/2024","1864","N709FR","OKC","09:30","09:20","-10","0","0","0","0","0"
"F9","04/02/2024","1866","N330FR","MSY","11:41","11:36","-5","0","0","0","0","0"
"F9","04/02/2024","1918","N611FR","CLE","06:35","06:36","1","0","0","0","0","0"
"F9","04/02/2024","1993","N382FR","LAS","08:53","08:47","-6","0","0","0","0","0"
"F9","04/02/2024","2015","N343FR","LAS","12:04","11:54","-10","0","0","0","0","0"
"F9","04/02/2024","2105","N360FR","PHX","13:20","14:32","72","0","0","0","0","35"
"F9","04/02/2024","2141","N709FR","PHX","15:20","15:11","-9","0","0","0","0","0"
"F9","04/02/2024","2145","N716FR","SEA","19:07","20:47","100","77","0","0","0","0"
"F9","04/02/2024","2148","N637FR","DFW","08:32","08:22","-10","0","0","0","0","0"
"F9","04/02/2024","2155","N382FR","LAS","14:56","14:54","-2","0","0","0","0","0"
"F9","04/02/2024","2261","N359FR","ELP","13:36","13:30","-6","0","0","0","0","0"
"F9","04/02/2024","2438","N613FR","RDU","16:14","16:11","-3","0","0","0","0","0"
"F9","04/02/2024","2454","N229FR","PNS","17:25","19:24","119","66","0","0","0","34"
"F9","04/02/2024","2480","N639FR","DFW","13:24","13:42","18","18","0","5","0","0"
"F9","04/02/2024","2632","N310FR","DFW","16:29","17:10","41","39","0","0","0","0"
"F9","04/02/2024","2762","N638FR","TPA","16:40","16:43","3","0","0","0","0","0"
"F9","04/02/2024","2802","N391FR","MCO","18:07","18:57","50","13","0","0","0","19"
"F9","04/02/2024","2817","N360FR","SAN","07:35","07:24","-11","0","0","0","0","0"
"F9","04/02/2024","2823","N619FR","SLC","09:09","08:59","-10","0","0","0","0","0"
"F9","04/02/2024","3040","N343FR","IAH","05:01","04:51","-10","0","0","0","0","0"
"F9","04/02/2024","3223","N381FR","SLC","11:45","11:45","0","0","0","0","0","0"
"F9","04/02/2024","3230","N705FR","IAH","17:50","18:01","11","0","0","0","0","0"
"F9","04/02/2024","3266","N386FR","PHL","07:30","07:26","-4","0","0","0","0","0"
"F9","04/02/2024","3286","N232FR","CVG","15:05","14:57","-8","0","0","0","0","0"
"F9","04/02/2024","3302","N343FR","STL","18:05","18:02","-3","0","0","0","0","0"
"F9","04/02/2024","3414","N718FR","DFW","19:22","19:15","-7","0","0","0","0","0"
"F9","04/02/2024","3467","N309FR","PHX","22:13","01:20","187","0","0","0","0","152"
"F9","04/02/2024","3475","N310FR","ONT","22:35","22:38","3","0","0","0","0","0"
"F9","04/02/2024","3543","N365FR","LAS","20:05","20:04","-1","0","0","0","0","0"
"F9","04/02/2024","3566","N232FR","DTW","06:50","06:43","-7","0","0","0","0","0"
"F9","04/02/2024","3756","N359FR","AUS","19:13","19:07","-6","0","0","0","0","0"
"F9","04/02/2024","3843","N619FR","LAS","23:31","23:19","-12","0","0","0","0","0"
"F9","04/02/2024","3861","N634FR","SLC","19:58","21:48","110","12","0","0","0","86"
"F9","04/02/2024","4221","N714FR","SAN","13:00","14:00","60","1","0","21","0","59"
"F9","04/02/2024","4626","N359FR","MEM","06:35","06:32","-3","0","0","0","0","0"
"F9","04/02/2024","4927","N377FR","SAN","17:07","16:59","-8","0","0","0","0","0"
"F9","04/03/2024","0006","N705FR","STL","06:55","06:54","-1","0","0","0","0","0"
"F9","04/03/2024","0686","N380FR","DCA","06:43","06:40","-3","0","0","0","0","0"
"F9","04/03/2024","0688","N353FR","DCA","12:39","13:23","44","1","0","0","0","35"
"F9","04/03/2024","0690","N377FR","DCA","16:40","17:11","31","31","0","3","0","0"
"F9","04/03/2024","1093","N613FR","SFO","16:30","17:15","45","25","0","0","0","0"
"F9","04/03/2024","1114","N717FR","TPA","10:39","12:54","135","0","0","136","0","0"
"F9","04/03/2024","1150","N603FR","MSP","05:01","05:01","0","0","0","0","0","0"
"F9","04/03/2024","1229","N625FR","SFO","21:47","22:57","70","0","0","0","0","58"
"F9","04/03/2024","1239","N359FR","LAS","06:00","05:50","-10","0","0","0","0","0"
"F9","04/03/2024","1261","N709FR","ONT","05:01","04:56","-5","0","0","0","0","0"
"F9","04/03/2024","1280","N385FR","MIA","00:59","00:59","0","0","0","0","0","0"
"F9","04/03/2024","1292","N360FR","MSP","11:31","11:25","-6","0","0","0","0","0"
"F9","04/03/2024","1324","N360FR","DFW","05:05","05:02","-3","0","0","0","0","0"
"F9","04/03/2024","1362","N641FR","CLT","16:59","16:57","-2","0","0","0","0","0"
"F9","04/03/2024","1375","N229FR","PHX","06:00","05:53","-7","0","0","0","0","0"
"F9","04/03/2024","1402","N603FR","BNA","11:36","11:30","-6","0","0","0","0","0"
"F9","04/03/2024","1450","N718FR","ATL","08:45","08:35","-10","0","0","0","0","0"
"F9","04/03/2024","1592","N310FR","MDW","05:01","05:42","41","39","0","0","0","0"
"F9","04/03/2024","1630","N374FR","FSD","10:14","10:06","-8","0","0","0","0","0"
"F9","04/03/2024","1678","N303FR","DSM","08:25","08:23","-2","0","0","0","0","0"
"F9","04/03/2024","1734","N379FR","MCO","00:18","00:52","34","0","0","0","0","0"
"F9","04/03/2024","1787","N303FR","PDX","22:08","22:04","-4","0","0","0","0","0"
"F9","04/03/2024","1816","N709FR","AUS","12:05","12:05","0","0","0","0","0","0"
"F9","04/03/2024","1819","N714FR","PHX","11:20","11:14","-6","0","0","0","0","0"
"F9","04/03/2024","1864","N303FR","OKC","14:03","13:53","-10","0","0","0","0","0"
"F9","04/03/2024","1993","N366FR","LAS","08:53","08:41","-12","0","0","0","0","0"
"F9","04/03/2024","2015","N393FR","LAS","11:56","12:18","22","0","0","0","0","0"
"F9","04/03/2024","2038","N390FR","CID","09:04","08:57","-7","0","0","0","0","0"
"F9","04/03/2024","2105","N710FR","PHX","13:35","13:26","-9","0","0","0","0","0"
"F9","04/03/2024","2141","N390FR","PHX","15:35","15:25","-10","0","0","0","0","0"
"F9","04/03/2024","2145","N709FR","SEA","18:49","18:45","-4","0","0","0","0","0"
"F9","04/03/2024","2148","N639FR","DFW","08:32","08:26","-6","0","0","0","0","0"
"F9","04/03/2024","2155","N339FR","LAS","14:32","14:25","-7","0","0","0","0","0"
"F9","04/03/2024","2261","N381FR","ELP","10:10","10:05","-5","0","0","0","0","0"
"F9","04/03/2024","2348","N641FR","IND","08:30","08:27","-3","0","0","0","0","0"
"F9","04/03/2024","2356","N718FR","SAT","17:45","17:57","12","0","0","0","0","0"
"F9","04/03/2024","2374","N374FR","TYS","15:07","14:58","-9","0","0","0","0","0"
"F9","04/03/2024","2438","N381FR","RDU","15:56","15:49","-7","0","0","0","0","0"
"F9","04/03/2024","2454","N714FR","PNS","16:49","17:16","27","0","0","0","0","0"
"F9","04/03/2024","2480","N343FR","DFW","13:01","12:55","-6","0","0","0","0","0"
"F9","04/03/2024","2500","N359FR","ATL","13:00","12:59","-1","0","0","0","0","0"
"F9","04/03/2024","2734","N317FR","RSW","15:32","16:40","68","0","0","168","0","0"
"F9","04/03/2024","2762","N603FR","TPA","16:40","19:53","193","34","0","0","0","144"
"F9","04/03/2024","2804","N638FR","MCO","06:35","09:18","163","0","0","152","0","0"
"F9","04/03/2024","2817","N343FR","SAN","06:05","06:02","-3","0","0","0","0","0"
"F9","04/03/2024","2823","N232FR","SLC","09:09","10:04","55","46","0","0","0","0"
"F9","04/03/2024","3040","N377FR","IAH","08:10","08:05","-5","0","0","0","0","0"
"F9","04/03/2024","3223","N367FR","SLC","11:40","11:32","-8","0","0","0","0","0"
"F9","04/03/2024","3230","N229FR","IAH","17:20","17:11","-9","0","0","0","0","0"
"F9","04/03/2024","3266","N613FR","PHL","06:35","06:40","5","0","0","0","0","0"
"F9","04/03/2024","3286","N716FR","CVG","05:20","05:18","-2","0","0","0","0","0"
"F9","04/03/2024","3312","N310FR","MCO","12:20","15:08","168","0","0","156","0","15"
"F9","04/03/2024","3414","N710FR","DFW","19:22","19:36","14","0","0","0","0","0"
"F9","04/03/2024","3467","N324FR","PHX","22:13","22:12","-1","0","0","0","0","0"
"F9","04/03/2024","3475","N353FR","ONT","22:35","22:50","15","0","0","0","0","0"
"F9","04/03/2024","3543","N375FR","LAS","20:28","20:25","-3","0","0","0","0","0"
"F9","04/03/2024","3843","N238FR","LAS","23:25","02:23","178","0","0","0","0","170"
"F9","04/03/2024","3861","N635FR","SLC","19:53","22:22","149","2","0","0","0","137"
"F9","04/03/2024","4371","N331FR","SNA","18:13","18:06","-7","0","0","0","0","0"
"F9","04/03/2024","4927","N380FR","SAN","17:02","16:52","-10","0","0","0","0","0"
"F9","04/04/2024","0094","N362FR","MCI","05:45","05:40","-5","0","0","0","0","0"
"F9","04/04/2024","0686","N236FR","DCA","06:43","06:46","3","0","0","0","0","0"
"F9","04/04/2024","0688","N238FR","DCA","12:39","12:56","17","11","0","1","0","6"
"F9","04/04/2024","0690","N339FR","DCA","16:40","16:40","0","0","0","0","0","0"
"F9","04/04/2024","1093","N353FR","SFO","11:19","11:49","30","0","0","43","0","0"
"F9","04/04/2024","1114","N603FR","TPA","06:35","06:31","-4","0","0","0","0","0"
"F9","04/04/2024","1150","N709FR","MSP","05:01","04:52","-9","0","0","0","0","0"
"F9","04/04/2024","1162","N303FR","HOU","12:14","12:04","-10","0","0","0","0","0"
"F9","04/04/2024","1229","N318FR","SFO","21:47","23:28","101","0","0","104","0","0"
"F9","04/04/2024","1239","N359FR","LAS","06:00","06:18","18","0","0","0","0","0"
"F9","04/04/2024","1248","N228FR","GRR","16:52","16:43","-9","0","0","0","0","0"
"F9","04/04/2024","1261","N339FR","ONT","05:01","05:06","5","0","0","0","0","0"
"F9","04/04/2024","1280","N381FR","MIA","00:59","00:50","-9","0","0","0","0","0"
"F9","04/04/2024","1292","N360FR","MSP","09:55","09:44","-11","0","0","0","0","0"
"F9","04/04/2024","1324","N367FR","DFW","05:01","05:00","-1","0","0","0","0","0"
"F9","04/04/2024","1362","N722FR","CLT","16:59","16:55","-4","0","0","0","0","0"
"F9","04/04/2024","1375","N714FR","PHX","07:00","06:54","-6","0","0","0","0","0"
"F9","04/04/2024","1402","N709FR","BNA","11:36","11:35","-1","0","0","0","0","0"
"F9","04/04/2024","1429","N331FR","SNA","17:19","17:38","19","0","0","3","0","19"
"F9","04/04/2024","1450","N641FR","ATL","08:05","08:03","-2","0","0","0","0","0"
"F9","04/04/2024","1592","N331FR","MDW","05:01","05:01","0","0","0","0","0","0"
"F9","04/04/2024","1608","N235FR","MKE","05:05","05:00","-5","0","0","0","0","0"
"F9","04/04/2024","1734","","MCO","00:23","00:00","0","0","0","0","0","0"
"F9","04/04/2024","1764","N377FR","FAR","10:14","10:16","2","0","0","0","0","0"
"F9","04/04/2024","1789","N230FR","PDX","22:08","22:12","4","0","0","0","0","0"
"F9","04/04/2024","1816","N353FR","AUS","05:01","05:39","38","0","0","0","0","0"
"F9","04/04/2024","1819","N331FR","PHX","11:20","11:39","19","0","0","0","0","0"
"F9","04/04/2024","1864","N380FR","OKC","06:00","05:56","-4","0","0","0","0","0"
"F9","04/04/2024","1866","N358FR","MSY","09:00","08:53","-7","0","0","0","0","0"
"F9","04/04/2024","1918","N625FR","CLE","06:35","06:48","13","11","0","5","0","2"
"F9","04/04/2024","1993","N228FR","LAS","10:30","10:23","-7","0","0","0","0","0"
"F9","04/04/2024","2105","N716FR","PHX","13:35","16:59","204","15","0","0","0","177"
"F9","04/04/2024","2141","N312FR","PHX","15:39","16:20","41","0","0","0","0","27"
"F9","04/04/2024","2145","N353FR","SEA","18:14","19:30","76","8","0","32","0","68"
"F9","04/04/2024","2148","N330FR","DFW","08:22","09:20","58","49","0","0","0","0"
"F9","04/04/2024","2155","N376FR","LAS","14:32","14:22","-10","0","0","0","0","0"
"F9","04/04/2024","2210","N358FR","MDW","18:49","19:19","30","9","0","8","0","21"
"F9","04/04/2024","2261","N367FR","ELP","10:20","10:39","19","0","0","0","0","0"
"F9","04/04/2024","2438","N613FR","RDU","16:14","16:11","-3","0","0","0","0","0"
"F9","04/04/2024","2454","N235FR","PNS","17:27","17:47","20","0","0","0","0","18"
"F9","04/04/2024","2480","N639FR","DFW","13:22","13:14","-8","0","0","25","0","0"
"F9","04/04/2024","2570","N303FR","OMA","19:13","19:14","1","0","0","0","0","0"
"F9","04/04/2024","2632","N377FR","DFW","16:29","16:23","-6","0","0","0","0","0"
"F9","04/04/2024","2746","N236FR","TPA","13:44","15:34","110","0","0","0","0","89"
"F9","04/04/2024","2762","N603FR","TPA","16:35","16:28","-7","0","0","0","0","0"
"F9","04/04/2024","2802","N718FR","MCO","14:45","16:07","82","0","0","0","0","61"
"F9","04/04/2024","2817","N716FR","SAN","06:35","06:34","-1","0","0","0","0","0"
"F9","04/04/2024","2823","N232FR","SLC","09:09","09:09","0","0","0","0","0","0"
"F9","04/04/2024","3040","N303FR","IAH","05:11","05:52","41","0","0","0","0","0"
"F9","04/04/2024","3050","N235FR","XNA","12:18","12:15","-3","0","0","0","0","0"
"F9","04/04/2024","3223","N339FR","SLC","11:35","11:25","-10","0","0","0","0","0"
"F9","04/04/2024","3230","N714FR","IAH","17:50","17:52","2","0","0","0","0","0"
"F9","04/04/2024","3266","N710FR","PHL","06:35","06:52","17","17","0","4","0","0"
"F9","04/04/2024","3286","N229FR","CVG","13:36","13:34","-2","0","0","0","0","0"
"F9","04/04/2024","3302","N606FR","STL","19:07","22:48","221","170","0","0","0","41"
"F9","04/04/2024","3312","N380FR","MCO","11:45","11:37","-8","0","0","0","0","0"
"F9","04/04/2024","3414","N709FR","DFW","19:22","20:58","96","83","0","0","0","0"
"F9","04/04/2024","3467","N356FR","PHX","22:13","22:04","-9","0","0","0","0","0"
"F9","04/04/2024","3475","N362FR","ONT","22:35","06:25","470","465","0","0","0","0"
"F9","04/04/2024","3543","N393FR","LAS","20:05","20:27","22","1","0","0","0","19"
"F9","04/04/2024","3566","N718FR","DTW","07:30","07:29","-1","0","0","54","0","0"
"F9","04/04/2024","3843","N377FR","LAS","23:40","00:51","71","71","0","21","0","0"
"F9","04/04/2024","3861","N641FR","SLC","19:57","19:56","-1","0","0","0","0","0"
"F9","04/04/2024","4221","N318FR","SAN","13:26","13:34","8","0","0","0","0","0"
"F9","04/04/2024","4401","N387FR","LAS","18:02","17:57","-5","0","0","0","0","0"
"F9","04/04/2024","4626","N229FR","MEM","06:35","06:40","5","0","0","0","0","0"
"F9","04/04/2024","4927","N374FR","SAN","17:02","17:51","49","22","0","3","0","27"
"F9","04/05/2024","0006","N714FR","STL","06:55","06:58","3","0","0","0","0","0"
"F9","04/05/2024","0094","N230FR","MCI","05:45","05:44","-1","0","0","0","0","0"
"F9","04/05/2024","0686","N229FR","DCA","07:30","07:28","-2","0","0","0","0","0"
"F9","04/05/2024","0688","N303FR","DCA","12:39","12:43","4","0","0","0","0","0"
"F9","04/05/2024","0690","N362FR","DCA","16:40","16:40","0","0","0","0","0","0"
"F9","04/05/2024","1002","N709FR","MSN","08:00","07:49","-11","0","0","0","0","0"
"F9","04/05/2024","1063","N312FR","SMF","05:05","04:56","-9","0","0","0","0","0"
"F9","04/05/2024","1066","N318FR","GRB","06:35","06:29","-6","0","0","0","0","0"
"F9","04/05/2024","1093","N368FR","SFO","15:00","15:05","5","3","0","31","0","2"
"F9","04/05/2024","1114","N603FR","TPA","06:35","06:34","-1","0","0","0","0","0"
"F9","04/05/2024","1128","N328FR","OMA","17:50","18:25","35","27","0","0","0","5"
"F9","04/05/2024","1144","N235FR","MSP","19:08","20:42","94","7","0","0","0","71"
"F9","04/05/2024","1162","N353FR","HOU","11:53","12:34","41","26","0","0","0","0"
"F9","04/05/2024","1229","N318FR","SFO","21:57","22:34","37","0","0","0","0","0"
"F9","04/05/2024","1239","N374FR","LAS","06:00","05:54","-6","0","0","0","0","0"
"F9","04/05/2024","1261","N353FR","ONT","05:01","04:54","-7","0","0","0","0","0"
"F9","04/05/2024","1280","N331FR","MIA","00:50","00:45","-5","0","0","0","0","0"
"F9","04/05/2024","1292","N309FR","MSP","10:05","12:23","138","0","0","0","0","126"
"F9","04/05/2024","1324","N358FR","DFW","05:05","04:59","-6","0","0","0","0","0"
"F9","04/05/2024","1362","N718FR","CLT","16:55","16:51","-4","0","0","59","0","0"
"F9","04/05/2024","1375","N722FR","PHX","07:00","07:37","37","31","0","0","0","0"
"F9","04/05/2024","1402","N641FR","BNA","08:25","08:18","-7","0","0","0","0","0"
"F9","04/05/2024","1592","N303FR","MDW","05:01","05:02","1","0","0","0","0","0"
"F9","04/05/2024","1630","N339FR","FSD","10:14","10:04","-10","0","0","0","0","0"
"F9","04/05/2024","1678","N236FR","DSM","08:40","08:38","-2","0","0","0","0","0"
"F9","04/05/2024","1734","N228FR","MCO","00:19","00:55","36","0","0","0","0","0"
"F9","04/05/2024","1789","N316FR","PDX","22:08","22:15","7","0","0","0","0","0"
"F9","04/05/2024","1816","N363FR","AUS","05:01","04:56","-5","0","0","0","0","0"
"F9","04/05/2024","1819","N363FR","PHX","10:35","11:21","46","0","0","0","0","27"
"F9","04/05/2024","1864","N236FR","OKC","14:17","14:18","1","0","0","0","0","0"
"F9","04/05/2024","2015","N335FR","LAS","11:20","12:00","40","39","0","0","0","0"
"F9","04/05/2024","2105","N614FR","PHX","13:05","13:29","24","4","0","7","0","20"
"F9","04/05/2024","2141","N709FR","PHX","15:05","15:04","-1","0","0","23","0","0"
"F9","04/05/2024","2148","N389FR","DFW","08:11","08:17","6","0","0","0","0","0"
"F9","04/05/2024","2155","N228FR","LAS","14:32","14:22","-10","0","0","0","0","0"
"F9","04/05/2024","2210","N388FR","MDW","18:49","18:42","-7","0","0","0","0","0"
"F9","04/05/2024","2261","N334FR","ELP","10:29","10:17","-12","0","0","0","0","0"
"F9","04/05/2024","2348","N368FR","IND","07:30","07:45","15","0","0","0","0","15"
"F9","04/05/2024","2354","N722FR","SAT","18:00","18:08","8","0","0","0","0","0"
"F9","04/05/2024","2374","N318FR","TYS","13:40","13:34","-6","0","0","0","0","0"
"F9","04/05/2024","2429","N335FR","LAS","18:02","18:24","22","0","0","0","0","21"
"F9","04/05/2024","2438","N339FR","RDU","16:36","16:38","2","0","0","0","0","0"
"F9","04/05/2024","2454","N603FR","PNS","16:32","16:24","-8","0","0","0","0","0"
"F9","04/05/2024","2480","N235FR","DFW","12:48","13:55","67","52","0","0","0","0"
"F9","04/05/2024","2500","N391FR","ATL","12:30","12:25","-5","0","0","0","0","0"
"F9","04/05/2024","2746","N613FR","TPA","13:44","13:38","-6","0","0","0","0","0"
"F9","04/05/2024","2762","N641FR","TPA","16:49","16:48","-1","0","0","0","0","0"
"F9","04/05/2024","2802","N718FR","MCO","06:31","06:34","3","0","0","0","0","0"
"F9","04/05/2024","2817","N613FR","SAN","06:35","06:34","-1","0","0","0","0","0"
"F9","04/05/2024","2823","N232FR","SLC","09:09","08:56","-13","0","0","0","0","0"
"F9","04/05/2024","3040","N235FR","IAH","05:01","05:39","38","0","0","0","0","0"
"F9","04/05/2024","3050","N312FR","XNA","12:20","12:16","-4","0","0","0","0","0"
"F9","04/05/2024","3223","N343FR","SLC","11:40","11:33","-7","0","0","0","0","0"
"F9","04/05/2024","3230","N717FR","IAH","16:15","17:42","87","0","0","0","0","85"
"F9","04/05/2024","3266","N606FR","PHL","06:35","06:41","6","0","0","0","0","0"
"F9","04/05/2024","3286","N238FR","CVG","05:01","05:21","20","0","0","0","0","0"
"F9","04/05/2024","3294","N606FR","ATL","16:30","17:16","46","38","0","0","0","0"
"F9","04/05/2024","3312","N363FR","MCO","17:27","17:26","-1","0","0","0","0","0"
"F9","04/05/2024","3414","N238FR","DFW","19:07","19:05","-2","0","0","0","0","0"
"F9","04/05/2024","3467","N343FR","PHX","22:28","22:27","-1","0","0","0","0","0"
"F9","04/05/2024","3475","N303FR","ONT","22:35","23:02","27","0","0","0","0","0"
"F9","04/05/2024","3543","N228FR","LAS","20:28","20:40","12","0","0","0","0","0"
"F9","04/05/2024","3843","N334FR","LAS","23:40","23:38","-2","0","0","0","0","0"
"F9","04/05/2024","3861","N614FR","SLC","19:43","19:49","6","0","0","0","0","0"
"F9","04/05/2024","4371","N312FR","SNA","18:13","18:16","3","0","0","0","0","0"
"F9","04/05/2024","4647","N313FR","SEA","19:36","19:25","-11","0","0","0","0","0"
"F9","04/05/2024","4776","N238FR","LIT","12:51","12:45","-6","0","0","0","0","0"
"F9","04/05/2024","4927","N229FR","SAN","17:02","17:11","9","0","0","0","0","0"
"F9","04/06/2024","0006","N613FR","STL","07:30","07:28","-2","0","0","0","0","0"
"F9","04/06/2024","0686","N230FR","DCA","07:30","07:22","-8","0","0","0","0","0"
"F9","04/06/2024","0688","N316FR","DCA","12:39","12:42","3","0","0","0","0","0"
"F9","04/06/2024","0690","N380FR","DCA","16:40","17:13","33","9","0","0","0","13"
"F9","04/06/2024","1093","N722FR","SFO","15:52","16:33","41","0","0","0","0","24"
"F9","04/06/2024","1114","N718FR","TPA","06:35","06:28","-7","0","0","0","0","0"
"F9","04/06/2024","1128","N339FR","OMA","17:50","17:56","6","0","0","0","0","0"
"F9","04/06/2024","1150","N312FR","MSP","05:05","05:03","-2","0","0","0","0","0"
"F9","04/06/2024","1162","N236FR","HOU","14:16","14:37","21","0","0","0","0","0"
"F9","04/06/2024","1229","N236FR","SFO","21:57","21:49","-8","0","0","0","0","0"
"F9","04/06/2024","1261","N316FR","ONT","05:01","05:51","50","3","0","0","0","32"
"F9","04/06/2024","1280","N229FR","MIA","00:59","01:27","28","0","0","0","0","0"
"F9","04/06/2024","1292","N343FR","MSP","11:31","11:31","0","0","0","0","0","0"
"F9","04/06/2024","1324","N328FR","DFW","05:05","04:58","-7","0","0","0","0","0"
"F9","04/06/2024","1362","N603FR","CLT","15:49","15:52","3","0","0","0","0","0"
"F9","04/06/2024","1375","N722FR","PHX","06:00","06:13","13","0","0","0","0","0"
"F9","04/06/2024","1429","N238FR","SNA","14:50","14:47","-3","0","0","0","0","0"
"F9","04/06/2024","1499","N316FR","ONT","21:38","21:46","8","0","0","0","0","0"
"F9","04/06/2024","1592","N339FR","MDW","05:01","05:03","2","0","0","0","0","0"
"F9","04/06/2024","1608","N308FR","MKE","06:35","06:25","-10","0","0","0","0","0"
"F9","04/06/2024","1630","N362FR","FSD","10:26","10:17","-9","0","0","0","0","0"
"F9","04/06/2024","1734","N709FR","MCO","00:18","00:42","24","0","0","0","0","0"
"F9","04/06/2024","1791","N303FR","PDX","22:13","22:09","-4","0","0","0","0","0"
"F9","04/06/2024","1816","N609FR","AUS","06:35","06:38","3","0","0","0","0","0"
"F9","04/06/2024","1819","N330FR","PHX","11:20","11:14","-6","0","0","17","0","0"
"F9","04/06/2024","1864","N308FR","OKC","13:51","13:43","-8","0","0","0","0","0"
"F9","04/06/2024","1918","N368FR","CLE","08:00","08:11","11","0","0","0","0","0"
"F9","04/06/2024","1993","N334FR","LAS","08:53","08:43","-10","0","0","0","0","0"
"F9","04/06/2024","2015","N723FR","LAS","10:55","10:47","-8","0","0","0","0","0"
"F9","04/06/2024","2038","N238FR","CID","09:00","08:47","-13","0","0","0","0","0"
"F9","04/06/2024","2105","N631FR","PHX","13:35","13:28","-7","0","0","0","0","0"
"F9","04/06/2024","2141","N718FR","PHX","15:35","16:44","69","4","0","0","0","51"
"F9","04/06/2024","2151","N330FR","SEA","17:17","18:04","47","5","0","0","0","35"
"F9","04/06/2024","2155","N303FR","LAS","13:02","13:20","18","0","0","0","0","0"
"F9","04/06/2024","2348","N235FR","IND","07:30","07:22","-8","0","0","0","0","0"
"F9","04/06/2024","2349","N612FR","LAS","15:02","14:57","-5","0","0","0","0","0"
"F9","04/06/2024","2356","N383FR","SAT","15:47","15:58","11","0","0","0","0","0"
"F9","04/06/2024","2360","N313FR","MSY","18:26","18:22","-4","0","0","0","0","0"
"F9","04/06/2024","2374","N368FR","TYS","16:20","16:12","-8","0","0","0","0","0"
"F9","04/06/2024","2429","N233FR","LAS","19:00","19:09","9","0","0","0","0","0"
"F9","04/06/2024","2438","N362FR","RDU","15:45","15:38","-7","0","0","0","0","0"
"F9","04/06/2024","2454","N723FR","PNS","17:00","17:54","54","30","0","0","0","0"
"F9","04/06/2024","2480","N313FR","DFW","12:07","12:03","-4","0","0","0","0","0"
"F9","04/06/2024","2632","N366FR","DFW","15:32","15:26","-6","0","0","0","0","0"
"F9","04/06/2024","2762","","TPA","16:32","00:00","0","0","0","0","0","0"
"F9","04/06/2024","2802","N375FR","MCO","12:30","12:22","-8","0","0","0","0","0"
"F9","04/06/2024","2817","N303FR","SAN","06:30","06:23","-7","0","0","0","0","0"
"F9","04/06/2024","2823","N312FR","SLC","09:09","11:08","119","0","0","0","0","104"
"F9","04/06/2024","3040","N717FR","IAH","08:40","08:33","-7","0","0","0","0","0"
"F9","04/06/2024","3050","N339FR","XNA","12:05","12:02","-3","0","0","0","0","0"
"F9","04/06/2024","3223","N380FR","SLC","11:40","11:38","-2","0","0","0","0","0"
"F9","04/06/2024","3230","N713FR","IAH","17:11","17:13","2","0","0","0","0","0"
"F9","04/06/2024","3266","N713FR","PHL","06:42","06:54","12","12","0","5","0","0"
"F9","04/06/2024","3286","N388FR","CVG","05:30","05:21","-9","0","0","0","0","0"
"F9","04/06/2024","3294","N235FR","ATL","14:45","14:42","-3","0","0","0","0","0"
"F9","04/06/2024","3312","N318FR","MCO","17:27","17:56","29","0","0","0","0","0"
"F9","04/06/2024","3376","N304FR","MCI","13:30","14:38","68","0","0","0","0","59"
"F9","04/06/2024","3414","N304FR","DFW","19:02","19:54","52","0","0","11","0","52"
"F9","04/06/2024","3467","N356FR","PHX","22:13","22:00","-13","0","0","0","0","0"
"F9","04/06/2024","3543","N383FR","LAS","22:45","22:34","-11","0","0","0","0","0"
"F9","04/06/2024","3566","N236FR","DTW","06:00","06:14","14","14","0","7","0","0"
"F9","04/06/2024","3861","N626FR","SLC","19:53","21:53","120","0","0","0","0","108"
"F9","04/06/2024","4927","N230FR","SAN","17:02","17:01","-1","0","0","0","0","0"
"F9","04/07/2024","0094","N393FR","MCI","05:45","05:52","7","0","0","0","0","0"
"F9","04/07/2024","0685","N380FR","SAN","10:09","09:59","-10","0","0","0","0","0"
"F9","04/07/2024","0686","N303FR","DCA","06:43","06:40","-3","0","0","0","0","0"
"F9","04/07/2024","0688","N365FR","DCA","12:39","12:47","8","0","0","0","0","0"
"F9","04/07/2024","0690","N380FR","DCA","16:40","16:52","12","0","0","0","0","0"
"F9","04/07/2024","1093","N346FR","SFO","11:11","11:07","-4","0","0","0","0","0"
"F9","04/07/2024","1114","N717FR","TPA","06:35","06:35","0","0","0","0","0","0"
"F9","04/07/2024","1150","N718FR","MSP","05:01","05:00","-1","0","0","0","0","0"
"F9","04/07/2024","1162","N230FR","HOU","12:18","12:13","-5","0","0","0","0","0"
"F9","04/07/2024","1229","N236FR","SFO","21:47","22:34","47","44","0","0","0","0"
"F9","04/07/2024","1239","N365FR","LAS","06:00","06:21","21","0","0","0","0","0"
"F9","04/07/2024","1248","N233FR","GRR","16:53","16:57","4","0","0","0","0","0"
"F9","04/07/2024","1261","N316FR","ONT","05:01","04:50","-11","0","0","0","0","0"
"F9","04/07/2024","1280","N388FR","MIA","00:36","00:30","-6","0","0","0","0","0"
"F9","04/07/2024","1292","N343FR","MSP","09:50","10:03","13","0","0","0","0","0"
"F9","04/07/2024","1324","N368FR","DFW","05:01","04:55","-6","0","0","0","0","0"
"F9","04/07/2024","1362","N609FR","CLT","15:31","15:42","11","0","0","0","0","0"
"F9","04/07/2024","1375","N722FR","PHX","07:00","06:50","-10","0","0","0","0","0"
"F9","04/07/2024","1402","N718FR","BNA","11:36","11:31","-5","0","0","0","0","0"
"F9","04/07/2024","1429","N330FR","SNA","17:19","18:38","79","31","0","0","0","44"
"F9","04/07/2024","1450","N339FR","ATL","08:05","07:58","-7","0","0","0","0","0"
"F9","04/07/2024","1592","N383FR","MDW","06:00","05:55","-5","0","0","0","0","0"
"F9","04/07/2024","1608","N609FR","MKE","08:05","08:19","14","14","0","13","0","0"
"F9","04/07/2024","1734","N362FR","MCO","00:58","01:24","26","0","0","0","0","0"
"F9","04/07/2024","1764","N379FR","FAR","16:04","17:08","64","3","0","0","0","49"
"F9","04/07/2024","1789","N365FR","PDX","22:07","22:26","19","0","0","0","0","0"
"F9","04/07/2024","1816","N233FR","AUS","05:01","04:58","-3","0","0","0","0","0"
"F9","04/07/2024","1819","N323FR","PHX","11:20","11:17","-3","0","0","0","0","0"
"F9","04/07/2024","1864","N313FR","OKC","10:00","09:50","-10","0","0","0","0","0"
"F9","04/07/2024","1866","N386FR","MSY","14:40","14:32","-8","0","0","0","0","0"
"F9","04/07/2024","1918","N603FR","CLE","06:35","06:35","0","0","0","0","0","0"
"F9","04/07/2024","1993","N238FR","LAS","10:30","10:22","-8","0","0","0","0","0"
"F9","04/07/2024","2105","N626FR","PHX","13:35","16:06","151","0","0","0","0","143"
"F9","04/07/2024","2141","N313FR","PHX","15:35","15:30","-5","0","0","0","0","0"
"F9","04/07/2024","2145","N346FR","SEA","18:30","18:30","0","0","0","0","0","0"
"F9","04/07/2024","2148","N721FR","DFW","08:07","07:57","-10","0","0","0","0","0"
"F9","04/07/2024","2155","N312FR","LAS","14:52","14:40","-12","0","0","0","0","0"
"F9","04/07/2024","2210","N339FR","MDW","18:50","18:43","-7","0","0","0","0","0"
"F9","04/07/2024","2261","N228FR","ELP","10:09","10:01","-8","0","0","0","0","0"
"F9","04/07/2024","2349","N323FR","LAS","17:44","18:21","37","9","0","15","0","28"
"F9","04/07/2024","2438","N713FR","RDU","16:14","16:41","27","0","0","0","0","0"
"F9","04/07/2024","2454","N238FR","PNS","17:00","16:54","-6","0","0","0","0","0"
"F9","04/07/2024","2480","N719FR","DFW","13:22","13:23","1","0","0","0","0","0"
"F9","04/07/2024","2570","N383FR","OMA","18:56","18:49","-7","0","0","0","0","0"
"F9","04/07/2024","2632","N710FR","DFW","16:49","17:11","22","0","0","0","0","0"
"F9","04/07/2024","2746","N723FR","TPA","13:18","13:08","-10","0","0","0","0","0"
"F9","04/07/2024","2762","N717FR","TPA","16:36","16:25","-11","0","0","0","0","0"
"F9","04/07/2024","2802","N390FR","MCO","18:07","17:59","-8","0","0","0","0","0"
"F9","04/07/2024","2817","N236FR","SAN","06:50","06:49","-1","0","0","0","0","0"
"F9","04/07/2024","2823","N335FR","SLC","09:09","09:02","-7","0","0","0","0","0"
"F9","04/07/2024","3040","N230FR","IAH","05:05","04:59","-6","0","0","0","0","0"
"F9","04/07/2024","3050","N383FR","XNA","13:12","13:03","-9","0","0","0","0","0"
"F9","04/07/2024","3223","N233FR","SLC","11:35","11:35","0","0","0","0","0","0"
"F9","04/07/2024","3234","N722FR","IAH","18:32","18:26","-6","0","0","0","0","0"
"F9","04/07/2024","3266","N714FR","PHL","06:35","06:28","-7","0","0","0","0","0"
"F9","04/07/2024","3286","N236FR","CVG","13:41","13:40","-1","0","0","0","0","0"
"F9","04/07/2024","3302","N230FR","STL","19:17","19:11","-6","0","0","0","0","0"
"F9","04/07/2024","3312","N316FR","MCO","11:45","12:00","15","0","0","0","0","0"
"F9","04/07/2024","3414","N606FR","DFW","19:22","21:19","117","0","0","0","0","96"
"F9","04/07/2024","3467","N356FR","PHX","22:13","22:32","19","0","0","0","0","0"
"F9","04/07/2024","3475","N393FR","ONT","22:35","22:30","-5","0","0","0","0","0"
"F9","04/07/2024","3543","N716FR","LAS","20:20","21:02","42","30","0","0","0","12"
"F9","04/07/2024","3566","N723FR","DTW","05:01","05:12","11","0","0","0","0","0"
"F9","04/07/2024","3843","N316FR","LAS","23:40","00:26","46","36","0","0","0","0"
"F9","04/07/2024","3861","N718FR","SLC","19:53","19:51","-2","0","0","0","0","0"
"F9","04/07/2024","4626","N386FR","MEM","07:35","07:34","-1","0","0","0","0","0"
"F9","04/07/2024","4927","N303FR","SAN","17:02","17:04","2","0","0","0","0","0"
"F9","04/08/2024","0006","N626FR","STL","06:55","06:52","-3","0","0","0","0","0"
"F9","04/08/2024","0686","N365FR","DCA","06:43","06:39","-4","0","0","0","0","0"
"F9","04/08/2024","0688","N229FR","DCA","12:39","12:48","9","0","0","0","0","0"
"F9","04/08/2024","0689","N229FR","SFO","21:57","22:01","4","0","0","0","0","0"
"F9","04/08/2024","0690","N230FR","DCA","16:40","16:38","-2","0","0","0","0","0"
"F9","04/08/2024","1002","N238FR","MSN","07:20","07:43","23","0","0","0","0","0"
"F9","04/08/2024","1063","N346FR","SMF","05:05","05:55","50","33","0","0","0","0"
"F9","04/08/2024","1066","N383FR","GRB","06:35","06:25","-10","0","0","0","0","0"
"F9","04/08/2024","1093","N331FR","SFO","15:19","15:26","7","0","0","0","0","0"
"F9","04/08/2024","1114","N625FR","TPA","06:35","06:32","-3","0","0","0","0","0"
"F9","04/08/2024","1128","N238FR","OMA","19:14","19:03","-11","0","0","0","0","0"
"F9","04/08/2024","1150","N230FR","MSP","05:05","04:59","-6","0","0","0","0","0"
"F9","04/08/2024","1175","N379FR","SEA","17:50","18:03","13","0","0","0","0","0"
"F9","04/08/2024","1239","N379FR","LAS","06:00","06:27","27","0","0","0","0","0"
"F9","04/08/2024","1261","N330FR","ONT","05:01","11:53","412","0","0","0","0","395"
"F9","04/08/2024","1280","N233FR","MIA","00:40","00:49","9","0","0","0","0","0"
"F9","04/08/2024","1292","N364FR","MSP","11:31","11:27","-4","0","0","0","0","0"
"F9","04/08/2024","1324","N373FR","DFW","05:05","05:14","9","9","0","21","0","0"
"F9","04/08/2024","1362","N625FR","CLT","16:46","16:41","-5","0","0","0","0","0"
"F9","04/08/2024","1375","N722FR","PHX","06:00","06:37","37","34","0","0","0","0"
"F9","04/08/2024","1380","N386FR","HOU","18:05","18:39","34","17","0","0","0","11"
"F9","04/08/2024","1450","N358FR","ATL","08:39","08:37","-2","0","0","0","0","0"
"F9","04/08/2024","1592","N330FR","MDW","05:01","05:21","20","0","0","0","0","0"
"F9","04/08/2024","1630","N380FR","FSD","10:14","10:04","-10","0","0","0","0","0"
"F9","04/08/2024","1678","N710FR","DSM","08:20","08:11","-9","0","0","0","0","0"
"F9","04/08/2024","1734","N313FR","MCO","00:19","00:40","21","0","0","0","0","0"
"F9","04/08/2024","1764","N386FR","FAR","06:35","06:17","-18","0","0","0","0","0"
"F9","04/08/2024","1789","N331FR","PDX","22:08","22:24","16","0","0","0","0","0"
"F9","04/08/2024","1819","N373FR","PHX","11:20","12:06","46","0","0","0","0","29"
"F9","04/08/2024","1864","N238FR","OKC","14:03","13:53","-10","0","0","0","0","0"
"F9","04/08/2024","1993","N356FR","LAS","10:20","12:07","107","0","0","14","0","107"
"F9","04/08/2024","2038","N346FR","CID","12:04","12:48","44","0","0","0","0","31"
"F9","04/08/2024","2105","N718FR","PHX","13:20","13:15","-5","0","0","0","0","0"
"F9","04/08/2024","2141","N710FR","PHX","15:20","15:18","-2","0","0","0","0","0"
"F9","04/08/2024","2148","N339FR","DFW","08:22","09:13","51","44","0","0","0","0"
"F9","04/08/2024","2155","N635FR","LAS","14:32","14:43","11","0","0","0","0","0"
"F9","04/08/2024","2210","N316FR","MDW","18:13","18:38","25","2","0","0","0","20"
"F9","04/08/2024","2261","N323FR","ELP","09:59","11:45","106","8","0","0","0","94"
"F9","04/08/2024","2348","N635FR","IND","07:30","07:46","16","0","0","0","0","0"
"F9","04/08/2024","2356","N373FR","SAT","17:17","17:57","40","4","0","2","0","36"
"F9","04/08/2024","2374","N713FR","TYS","08:00","07:56","-4","0","0","0","0","0"
"F9","04/08/2024","2429","N318FR","LAS","18:07","02:06","479","0","0","0","0","470"
"F9","04/08/2024","2438","N356FR","RDU","16:38","18:04","86","0","0","0","0","72"
"F9","04/08/2024","2454","N609FR","PNS","16:49","16:43","-6","0","0","0","0","0"
"F9","04/08/2024","2480","N330FR","DFW","11:45","18:36","411","0","0","11","0","411"
"F9","04/08/2024","2500","N236FR","ATL","13:40","13:39","-1","0","0","0","0","0"
"F9","04/08/2024","2734","N380FR","RSW","15:32","15:31","-1","0","0","0","0","0"
"F9","04/08/2024","2746","N383FR","TPA","13:24","13:17","-7","0","0","0","0","0"
"F9","04/08/2024","2762","N713FR","TPA","16:13","16:12","-1","0","0","0","0","0"
"F9","04/08/2024","2802","N393FR","MCO","18:07","18:25","18","0","0","0","0","0"
"F9","04/08/2024","2817","N236FR","SAN","06:35","06:30","-5","0","0","0","0","0"
"F9","04/08/2024","2823","N228FR","SLC","09:09","09:08","-1","0","0","0","0","0"
"F9","04/08/2024","3040","N717FR","IAH","05:05","05:26","21","0","0","0","0","0"
"F9","04/08/2024","3050","N379FR","XNA","12:05","12:20","15","0","0","0","0","15"
"F9","04/08/2024","3223","N230FR","SLC","11:40","11:38","-2","0","0","0","0","0"
"F9","04/08/2024","3230","N722FR","IAH","16:46","16:42","-4","0","0","0","0","0"
"F9","04/08/2024","3266","N609FR","PHL","06:35","06:35","0","0","0","0","0","0"
"F9","04/08/2024","3286","N701FR","CVG","05:20","05:55","35","16","0","0","0","0"
"F9","04/08/2024","3312","N350FR","MCO","11:00","11:00","0","0","0","0","0","0"
"F9","04/08/2024","3376","N717FR","MCI","12:54","14:08","74","35","0","0","0","19"
"F9","04/08/2024","3414","N717FR","DFW","18:48","19:24","36","0","0","8","0","36"
"F9","04/08/2024","3467","N353FR","PHX","22:14","22:47","33","0","0","1","0","33"
"F9","04/08/2024","3475","N236FR","ONT","22:35","22:31","-4","0","0","0","0","0"
"F9","04/08/2024","3543","N350FR","LAS","20:28","21:14","46","0","0","0","0","30"
"F9","04/08/2024","3843","N371FR","LAS","23:40","00:17","37","0","0","0","0","17"
"F9","04/08/2024","3861","N635FR","SLC","19:58","20:32","34","0","0","0","0","21"
"F9","04/08/2024","4371","N318FR","SNA","17:21","19:38","137","109","0","0","0","0"
"F9","04/08/2024","4638","N718FR","CLE","19:36","20:03","27","8","0","0","0","8"
"F9","04/08/2024","4776","N386FR","LIT","12:30","12:21","-9","0","0","0","0","0"
"F9","04/08/2024","4927","N365FR","SAN","17:02","16:50","-12","0","0","0","0","0"
"F9","04/09/2024","0094","N356FR","MCI","05:45","05:38","-7","0","0","0","0","0"
"F9","04/09/2024","0686","N365FR","DCA","06:43","06:39","-4","0","0","0","0","0"
"F9","04/09/2024","0688","N373FR","DCA","12:39","12:33","-6","0","0","0","0","0"
"F9","04/09/2024","0690","N338FR","DCA","16:40","16:30","-10","0","0","0","0","0"
"F9","04/09/2024","1114","N366FR","TPA","06:35","06:21","-14","0","0","45","0","0"
"F9","04/09/2024","1150","N710FR","MSP","05:01","04:54","-7","0","0","0","0","0"
"F9","04/09/2024","1162","N346FR","HOU","14:24","14:19","-5","0","0","0","0","0"
"F9","04/09/2024","1239","N229FR","LAS","06:00","05:55","-5","0","0","0","0","0"
"F9","04/09/2024","1261","N379FR","ONT","05:01","04:53","-8","0","0","0","0","0"
"F9","04/09/2024","1280","N309FR","MIA","00:20","00:57","37","8","0","0","0","20"
"F9","04/09/2024","1292","N380FR","MSP","09:55","09:55","0","0","0","0","0","0"
"F9","04/09/2024","1324","N386FR","DFW","05:01","04:58","-3","0","0","15","0","0"
"F9","04/09/2024","1362","N348FR","CLT","17:09","17:31","22","0","0","0","0","0"
"F9","04/09/2024","1375","N331FR","PHX","07:00","06:50","-10","0","0","0","0","0"
"F9","04/09/2024","1402","N710FR","BNA","11:36","12:29","53","49","0","0","0","0"
"F9","04/09/2024","1429","N393FR","SNA","17:19","17:21","2","0","0","0","0","0"
"F9","04/09/2024","1450","N717FR","ATL","08:05","08:05","0","0","0","0","0","0"
"F9","04/09/2024","1592","N373FR","MDW","05:01","05:01","0","0","0","0","0","0"
"F9","04/09/2024","1608","N701FR","MKE","09:35","09:29","-6","0","0","0","0","0"
"F9","04/09/2024","1734","N238FR","MCO","00:18","00:41","23","0","0","0","0","0"
"F9","04/09/2024","1764","N230FR","FAR","10:14","10:07","-7","0","0","0","0","0"
"F9","04/09/2024","1789","N346FR","PDX","22:15","22:01","-14","0","0","0","0","0"
"F9","04/09/2024","1819","N348FR","PHX","11:17","11:22","5","0","0","0","0","0"
"F9","04/09/2024","1864","N607FR","OKC","09:30","09:20","-10","0","0","0","0","0"
"F9","04/09/2024","1866","N379FR","MSY","11:41","11:43","2","0","0","0","0","0"
"F9","04/09/2024","1918","N625FR","CLE","06:35","06:27","-8","0","0","0","0","0"
"F9","04/09/2024","1993","N312FR","LAS","08:53","08:47","-6","0","0","0","0","0"
"F9","04/09/2024","2015","N229FR","LAS","12:04","12:02","-2","0","0","0","0","0"
"F9","04/09/2024","2105","N715FR","PHX","13:20","13:58","38","0","0","0","0","16"
"F9","04/09/2024","2141","N635FR","PHX","15:20","15:10","-10","0","0","0","0","0"
"F9","04/09/2024","2145","N717FR","SEA","19:07","19:38","31","12","0","0","0","11"
"F9","04/09/2024","2148","N304FR","DFW","08:32","08:16","-16","0","0","0","0","0"
"F9","04/09/2024","2155","N350FR","LAS","14:56","14:49","-7","0","0","0","0","0"
"F9","04/09/2024","2261","N236FR","ELP","13:36","13:36","0","0","0","0","0","0"
"F9","04/09/2024","2438","N381FR","RDU","06:25","06:16","-9","0","0","0","0","0"
"F9","04/09/2024","2454","N230FR","PNS","17:45","17:42","-3","0","0","0","0","0"
"F9","04/09/2024","2480","N607FR","DFW","13:24","14:52","88","0","0","4","0","88"
"F9","04/09/2024","2632","N365FR","DFW","16:24","16:14","-10","0","0","0","0","0"
"F9","04/09/2024","2762","N361FR","TPA","16:40","16:38","-2","0","0","0","0","0"
"F9","04/09/2024","2802","N330FR","MCO","18:07","18:39","32","0","0","0","0","21"
"F9","04/09/2024","2817","N346FR","SAN","07:35","07:32","-3","0","0","0","0","0"
"F9","04/09/2024","2823","N634FR","SLC","09:09","09:17","8","8","0","16","0","0"
"F9","04/09/2024","3040","N316FR","IAH","05:01","04:59","-2","0","0","0","0","0"
"F9","04/09/2024","3223","N338FR","SLC","11:45","11:42","-3","0","0","0","0","0"
"F9","04/09/2024","3230","N331FR","IAH","17:50","17:39","-11","0","0","16","0","0"
"F9","04/09/2024","3266","N619FR","PHL","07:30","07:23","-7","0","0","0","0","0"
"F9","04/09/2024","3286","N381FR","CVG","15:47","15:42","-5","0","0","20","0","0"
"F9","04/09/2024","3300","N383FR","STL","18:05","17:58","-7","0","0","0","0","0"
"F9","04/09/2024","3414","N710FR","DFW","19:22","19:19","-3","0","0","0","0","0"
"F9","04/09/2024","3475","N373FR","ONT","22:35","22:30","-5","0","0","0","0","0"
"F9","04/09/2024","3566","N609FR","DTW","16:14","16:30","16","0","0","0","0","0"
"F9","04/09/2024","3756","N236FR","AUS","19:13","19:14","1","0","0","17","0","1"
"F9","04/09/2024","3758","N619FR","AUS","17:43","17:33","-10","0","0","0","0","0"
"F9","04/09/2024","3843","N619FR","LAS","23:53","00:39","46","0","0","0","0","25"
"F9","04/09/2024","3861","N637FR","SLC","19:58","21:16","78","7","0","0","0","60"
"F9","04/09/2024","4221","N316FR","SAN","13:00","12:50","-10","0","0","0","0","0"
"F9","04/09/2024","4626","N236FR","MEM","06:35","06:26","-9","0","0","0","0","0"
"F9","04/09/2024","4628","N316FR","MIA","19:55","19:49","-6","0","0","0","0","0"
"F9","04/09/2024","4927","N701FR","SAN","17:07","17:08","1","0","0","0","0","0"
"F9","04/10/2024","0006","N236FR","STL","06:41","06:32","-9","0","0","0","0","0"
"F9","04/10/2024","0686","N229FR","DCA","06:39","06:34","-5","0","0","0","0","0"
"F9","04/10/2024","1114","N384FR","TPA","09:15","09:05","-10","0","0","0","0","0"
"F9","04/10/2024","1128","N710FR","OMA","06:00","05:50","-10","0","0","0","0","0"
"F9","04/10/2024","1150","N635FR","MSP","05:11","05:06","-5","0","0","0","0","0"
"F9","04/10/2024","1162","N379FR","HOU","12:21","12:14","-7","0","0","0","0","0"
"F9","04/10/2024","1248","N635FR","GRR","12:30","12:17","-13","0","0","0","0","0"
"F9","04/10/2024","1261","N614FR","ONT","05:01","04:53","-8","0","0","0","0","0"
"F9","04/10/2024","1292","N710FR","MSP","11:23","11:32","9","0","0","0","0","0"
"F9","04/10/2024","1324","N717FR","DFW","05:01","04:58","-3","0","0","0","0","0"
"F9","04/10/2024","1362","N365FR","CLT","07:05","06:59","-6","0","0","0","0","0"
"F9","04/10/2024","1402","N715FR","BNA","15:21","15:15","-6","0","0","0","0","0"
"F9","04/10/2024","1450","N715FR","ATL","06:36","06:35","-1","0","0","0","0","0"
"F9","04/10/2024","1483","N709FR","SFO","22:04","22:21","17","17","0","5","0","0"
"F9","04/10/2024","1500","N614FR","FSD","11:51","11:45","-6","0","0","0","0","0"
"F9","04/10/2024","1608","N615FR","MKE","07:30","07:36","6","0","0","0","0","0"
"F9","04/10/2024","1678","N633FR","DSM","11:41","11:39","-2","0","0","0","0","0"
"F9","04/10/2024","1734","N381FR","MCO","00:21","00:18","-3","0","0","0","0","0"
"F9","04/10/2024","1785","N365FR","PDX","22:09","21:59","-10","0","0","0","0","0"
"F9","04/10/2024","1816","N348FR","AUS","05:01","04:58","-3","0","0","0","0","0"
"F9","04/10/2024","1819","N353FR","PHX","09:39","09:33","-6","0","0","0","0","0"
"F9","04/10/2024","1864","N716FR","OKC","12:52","12:47","-5","0","0","0","0","0"
"F9","04/10/2024","1993","N356FR","LAS","06:40","06:36","-4","0","0","0","0","0"
"F9","04/10/2024","1994","N605FR","TYS","10:05","12:22","137","10","0","0","0","125"
"F9","04/10/2024","2015","N391FR","LAS","09:55","09:50","-5","0","0","0","0","0"
"F9","04/10/2024","2105","N318FR","PHX","20:29","20:24","-5","0","0","0","0","0"
"F9","04/10/2024","2148","N312FR","DFW","07:49","07:39","-10","0","0","0","0","0"
"F9","04/10/2024","2210","N343FR","MDW","08:11","08:07","-4","0","0","0","0","0"
"F9","04/10/2024","2261","N348FR","ELP","12:33","12:59","26","0","0","0","0","0"
"F9","04/10/2024","2341","N382FR","LAX","19:03","19:29","26","0","0","0","0","0"
"F9","04/10/2024","2348","N614FR","IND","17:20","17:27","7","0","0","0","0","0"
"F9","04/10/2024","2349","N391FR","LAS","13:00","15:25","145","0","0","0","0","125"
"F9","04/10/2024","2356","N708FR","SAT","08:25","08:21","-4","0","0","0","0","0"
"F9","04/10/2024","2429","N708FR","LAS","15:09","15:04","-5","0","0","0","0","0"
"F9","04/10/2024","2430","N611FR","SYR","15:09","14:53","-16","0","0","0","0","0"
"F9","04/10/2024","2438","N624FR","RDU","15:16","15:13","-3","0","0","0","0","0"
"F9","04/10/2024","2454","N615FR","PNS","14:54","15:59","65","0","0","0","0","0"
"F9","04/10/2024","2550","N717FR","DFW","11:29","11:36","7","7","0","13","0","0"
"F9","04/10/2024","2705","N718FR","SAN","15:45","16:38","53","34","0","0","0","0"
"F9","04/10/2024","2706","N718FR","BWI","06:00","05:50","-10","0","0","0","0","0"
"F9","04/10/2024","2752","N338FR","BUF","15:46","15:50","4","0","0","0","0","0"
"F9","04/10/2024","2817","N373FR","SAN","06:51","06:48","-3","0","0","0","0","0"
"F9","04/10/2024","3172","N605FR","ORD","21:27","22:09","42","31","0","0","0","0"
"F9","04/10/2024","3230","N379FR","IAH","05:15","05:09","-6","0","0","0","0","0"
"F9","04/10/2024","3266","N393FR","PHL","00:11","00:11","0","0","0","0","0","0"
"F9","04/10/2024","3286","N609FR","CVG","06:31","06:25","-6","0","0","0","0","0"
"F9","04/10/2024","3294","N383FR","ATL","00:53","00:51","-2","0","0","0","0","0"
"F9","04/10/2024","3312","N606FR","MCO","06:31","06:26","-5","0","0","0","0","0"
"F9","04/10/2024","3405","N704FR","SEA","15:32","15:28","-4","0","0","0","0","0"
"F9","04/10/2024","3437","N633FR","SFO","17:37","18:11","34","0","0","29","0","0"
"F9","04/10/2024","3467","N353FR","PHX","22:59","00:30","91","0","0","0","0","79"
"F9","04/10/2024","3566","N361FR","DTW","05:06","05:01","-5","0","0","0","0","0"
"F9","04/10/2024","3862","N228FR","DCA","12:39","12:40","1","0","0","0","0","0"
"F9","04/10/2024","3981","N230FR","SLC","11:35","11:33","-2","0","0","0","0","0"
"F9","04/10/2024","3982","N230FR","DCA","16:35","16:49","14","0","0","0","0","0"
"F9","04/10/2024","4070","N717FR","DFW","18:43","18:43","0","0","0","0","0","0"
"F9","04/10/2024","4141","N348FR","LAS","18:08","18:27","19","0","0","0","0","0"
"F9","04/10/2024","4251","N606FR","SLC","19:43","20:28","45","37","0","0","0","0"
"F9","04/10/2024","4386","N361FR","CID","13:46","13:38","-8","0","0","0","0","0"
"F9","04/10/2024","4561","N335FR","SNA","17:02","17:06","4","0","0","0","0","0"
"F9","04/10/2024","4567","N381FR","ONT","22:35","22:35","0","0","0","0","0","0"
"F9","04/10/2024","4611","N360FR","LAS","20:08","20:11","3","0","0","0","0","0"
"F9","04/10/2024","4633","N629FR","PHX","06:45","06:39","-6","0","0","0","0","0"
"F9","04/10/2024","4714","N373FR","TPA","15:59","15:48","-11","0","0","0","0","0"
"F9","04/10/2024","4716","N379FR","TPA","19:28","19:21","-7","0","0","33","0","0"
"F9","04/10/2024","4794","N338FR","FAR","10:05","09:55","-10","0","0","0","0","0"
"F9","04/10/2024","4967","N635FR","LAS","22:59","23:17","18","0","0","0","0","0"
"F9","04/10/2024","4989","N710FR","SAN","18:44","18:44","0","0","0","0","0","0"
"F9","04/11/2024","0094","N614FR","MCI","06:31","06:44","13","0","0","0","0","0"
"F9","04/11/2024","0686","N360FR","DCA","06:39","06:27","-12","0","0","0","0","0"
"F9","04/11/2024","0688","N621FR","DCA","12:47","13:16","29","0","0","0","0","23"
"F9","04/11/2024","1066","N606FR","GRB","12:17","12:39","22","0","0","0","0","0"
"F9","04/11/2024","1093","N716FR","SFO","14:04","16:41","157","0","0","157","0","0"
"F9","04/11/2024","1114","","TPA","06:15","00:00","0","0","0","0","0","0"
"F9","04/11/2024","1150","N611FR","MSP","05:06","05:03","-3","0","0","0","0","0"
"F9","04/11/2024","1162","N365FR","HOU","11:15","11:10","-5","0","0","0","0","0"
"F9","04/11/2024","1261","N228FR","ONT","05:01","04:57","-4","0","0","0","0","0"
"F9","04/11/2024","1292","N715FR","MSP","18:53","20:41","108","4","0","0","0","97"
"F9","04/11/2024","1324","N717FR","DFW","05:01","04:56","-5","0","0","0","0","0"
"F9","04/11/2024","1362","N367FR","CLT","06:54","06:54","0","0","0","0","0","0"
"F9","04/11/2024","1375","N365FR","PHX","05:26","05:23","-3","0","0","16","0","0"
"F9","04/11/2024","1402","N604FR","BNA","05:16","05:11","-5","0","0","0","0","0"
"F9","04/11/2024","1499","N611FR","ONT","22:32","23:53","81","27","0","0","0","39"
"F9","04/11/2024","1560","N371FR","MSN","12:08","11:57","-11","0","0","0","0","0"
"F9","04/11/2024","1734","N706FR","MCO","00:31","00:39","8","0","0","0","0","0"
"F9","04/11/2024","1816","N381FR","AUS","06:00","05:59","-1","0","0","0","0","0"
"F9","04/11/2024","1819","N372FR","PHX","08:54","08:46","-8","0","0","15","0","0"
"F9","04/11/2024","1863","N381FR","SLC","17:52","17:55","3","3","0","33","0","0"
"F9","04/11/2024","1864","N381FR","OKC","12:21","12:11","-10","0","0","0","0","0"
"F9","04/11/2024","1918","N373FR","CLE","05:20","05:15","-5","0","0","0","0","0"
"F9","04/11/2024","1993","N323FR","LAS","06:31","06:40","9","0","0","0","0","0"
"F9","04/11/2024","2015","N230FR","LAS","09:55","10:03","8","0","0","0","0","0"
"F9","04/11/2024","2105","N631FR","PHX","20:53","20:46","-7","0","0","0","0","0"
"F9","04/11/2024","2109","N717FR","PHX","16:37","17:02","25","0","0","0","0","0"
"F9","04/11/2024","2148","N368FR","DFW","07:59","07:55","-4","0","0","0","0","0"
"F9","04/11/2024","2210","N395FR","MDW","05:11","05:11","0","0","0","0","0","0"
"F9","04/11/2024","2261","N308FR","ELP","17:06","19:05","119","109","0","0","0","0"
"F9","04/11/2024","2341","N391FR","LAX","19:03","19:01","-2","0","0","0","0","0"
"F9","04/11/2024","2346","N361FR","IND","17:25","17:43","18","0","0","0","0","0"
"F9","04/11/2024","2349","N391FR","LAS","12:31","13:21","50","0","0","0","0","34"
"F9","04/11/2024","2382","N718FR","ORF","15:15","15:06","-9","0","0","0","0","0"
"F9","04/11/2024","2429","N348FR","LAS","14:59","15:00","1","0","0","0","0","0"
"F9","04/11/2024","2438","N641FR","RDU","15:21","15:15","-6","0","0","0","0","0"
"F9","04/11/2024","2550","N620FR","DFW","16:48","20:22","214","0","0","0","0","193"
"F9","04/11/2024","2687","N621FR","PDX","22:09","22:59","50","0","0","0","0","33"
"F9","04/11/2024","2689","N312FR","PDX","16:39","19:05","146","0","0","0","0","142"
"F9","04/11/2024","2817","N715FR","SAN","06:30","06:28","-2","0","0","0","0","0"
"F9","04/11/2024","2818","N715FR","CID","13:31","14:22","51","0","0","0","0","39"
"F9","04/11/2024","2946","N360FR","MDW","15:50","15:47","-3","0","0","0","0","0"
"F9","04/11/2024","3040","N604FR","IAH","13:08","13:07","-1","0","0","0","0","0"
"F9","04/11/2024","3172","N716FR","ORD","21:27","00:03","156","0","0","22","0","156"
"F9","04/11/2024","3230","N606FR","IAH","05:01","05:04","3","3","0","24","0","0"
"F9","04/11/2024","3266","N335FR","PHL","00:01","00:17","16","0","0","0","0","0"
"F9","04/11/2024","3286","N229FR","CVG","16:38","18:30","112","107","0","0","0","0"
"F9","04/11/2024","3294","N338FR","ATL","00:53","02:39","106","91","0","0","0","0"
"F9","04/11/2024","3302","N641FR","STL","07:10","07:49","39","39","0","4","0","0"
"F9","04/11/2024","3312","","MCO","07:07","00:00","0","0","0","0","0","0"
"F9","04/11/2024","3405","N364FR","SEA","19:10","19:35","25","0","0","0","0","0"
"F9","04/11/2024","3435","N605FR","SFO","22:04","22:31","27","0","0","10","0","7"
"F9","04/11/2024","3467","N366FR","PHX","22:59","22:55","-4","0","0","0","0","0"
"F9","04/11/2024","3566","N712FR","DTW","07:00","13:07","367","0","0","0","0","357"
"F9","04/11/2024","3861","N718FR","SLC","05:30","05:38","8","0","0","0","0","0"
"F9","04/11/2024","3981","N228FR","SLC","11:31","11:37","6","6","0","15","0","0"
"F9","04/11/2024","3982","N228FR","DCA","16:35","16:37","2","0","0","0","0","0"
"F9","04/11/2024","4070","N606FR","DFW","20:41","20:48","7","0","0","0","0","0"
"F9","04/11/2024","4135","N235FR","LAS","17:07","17:37","30","0","0","0","0","15"
"F9","04/11/2024","4344","N621FR","XNA","07:05","06:57","-8","0","0","0","0","0"
"F9","04/11/2024","4374","N704FR","PIT","07:25","08:36","71","70","0","0","0","0"
"F9","04/11/2024","4414","N611FR","MCO","11:45","13:04","79","0","0","52","0","0"
"F9","04/11/2024","4420","N704FR","MSY","16:00","16:48","48","0","0","0","0","24"
"F9","04/11/2024","4450","N624FR","PNS","17:37","19:07","90","12","0","0","0","60"
"F9","04/11/2024","4561","N371FR","SNA","18:17","18:13","-4","0","0","0","0","0"
"F9","04/11/2024","4576","N709FR","CMH","15:56","15:48","-8","0","0","0","0","0"
"F9","04/11/2024","4611","N612FR","LAS","20:25","21:39","74","43","0","0","0","18"
"F9","04/11/2024","4624","N309FR","MIA","00:21","00:27","6","0","0","0","0","0"
"F9","04/11/2024","4626","N323FR","MEM","12:24","12:30","6","0","0","0","0","0"
"F9","04/11/2024","4712","N312FR","TPA","18:04","09:26","922","910","0","0","0","0"
"F9","04/11/2024","4776","N624FR","LIT","12:17","12:11","-6","0","0","0","0","0"
"F9","04/11/2024","4794","N717FR","FAR","11:30","11:24","-6","0","0","0","0","0"
"F9","04/11/2024","4856","N303FR","IAH","18:39","21:40","181","17","0","0","0","137"
"F9","04/11/2024","4927","N229FR","SAN","10:05","09:59","-6","0","0","0","0","0"
"F9","04/11/2024","4967","N346FR","LAS","22:59","23:37","38","14","0","0","0","6"
"F9","04/11/2024","4989","N323FR","SAN","19:53","20:06","13","0","0","0","0","0"
"F9","04/12/2024","0006","N313FR","STL","06:41","06:52","11","0","0","0","0","0"
"F9","04/12/2024","0066","N360FR","MIA","00:07","00:14","7","0","0","0","0","0"
"F9","04/12/2024","0094","N621FR","MCI","06:31","06:34","3","0","0","0","0","0"
"F9","04/12/2024","0686","N367FR","DCA","06:39","06:43","4","0","0","0","0","0"
"F9","04/12/2024","0688","","DCA","12:39","00:00","0","0","0","0","0","0"
"F9","04/12/2024","0689","N626FR","SFO","22:04","00:01","117","11","0","0","0","99"
"F9","04/12/2024","1063","N605FR","SMF","08:40","16:02","442","0","0","0","0","424"
"F9","04/12/2024","1064","N721FR","MSN","16:59","18:00","61","0","0","0","0","53"
"F9","04/12/2024","1093","N638FR","SFO","17:59","20:35","156","0","0","148","0","8"
"F9","04/12/2024","1114","N304FR","TPA","09:15","09:12","-3","0","0","0","0","0"
"F9","04/12/2024","1127","N361FR","SAN","12:04","12:03","-1","0","0","0","0","0"
"F9","04/12/2024","1128","N381FR","OMA","06:41","06:32","-9","0","0","0","0","0"
"F9","04/12/2024","1150","N708FR","MSP","05:40","05:36","-4","0","0","0","0","0"
"F9","04/12/2024","1162","N311FR","HOU","11:29","11:24","-5","0","0","0","0","0"
"F9","04/12/2024","1248","N612FR","GRR","14:15","14:26","11","0","0","0","0","0"
"F9","04/12/2024","1261","N372FR","ONT","05:01","05:02","1","0","0","0","0","0"
"F9","04/12/2024","1291","N381FR","SNA","18:36","18:46","10","10","0","12","0","0"
"F9","04/12/2024","1324","N704FR","DFW","05:01","05:12","11","0","0","0","0","0"
"F9","04/12/2024","1362","N303FR","CLT","07:05","06:59","-6","0","0","0","0","0"
"F9","04/12/2024","1402","N626FR","BNA","15:59","15:59","0","0","0","0","0","0"
"F9","04/12/2024","1450","N604FR","ATL","06:31","07:01","30","0","0","0","0","0"
"F9","04/12/2024","1499","N361FR","ONT","22:35","23:49","74","0","0","0","0","61"
"F9","04/12/2024","1607","N708FR","SEA","19:25","19:58","33","9","0","0","0","10"
"F9","04/12/2024","1608","N708FR","MKE","12:10","12:04","-6","0","0","0","0","0"
"F9","04/12/2024","1702","N367FR","SYR","15:50","16:13","23","23","0","4","0","0"
"F9","04/12/2024","1734","N376FR","MCO","00:21","07:10","409","390","0","0","0","0"
"F9","04/12/2024","1816","N311FR","AUS","05:06","04:56","-10","0","0","0","0","0"
"F9","04/12/2024","1819","N380FR","PHX","09:39","09:44","5","0","0","0","0","0"
"F9","04/12/2024","1993","N365FR","LAS","06:41","07:58","77","77","0","3","0","0"
"F9","04/12/2024","2015","N301FR","LAS","09:55","12:05","130","0","0","0","0","123"
"F9","04/12/2024","2105","N637FR","PHX","20:50","20:47","-3","0","0","0","0","0"
"F9","04/12/2024","2108","N715FR","FSD","13:23","13:24","1","0","0","0","0","0"
"F9","04/12/2024","2141","N641FR","PHX","12:17","12:47","30","26","0","0","0","0"
"F9","04/12/2024","2148","N368FR","DFW","07:59","07:54","-5","0","0","0","0","0"
"F9","04/12/2024","2210","N351FR","MDW","08:11","09:12","61","61","0","10","0","0"
"F9","04/12/2024","2261","N238FR","ELP","17:12","20:37","205","53","0","0","0","148"
"F9","04/12/2024","2341","N365FR","LAX","19:03","22:38","215","215","0","14","0","0"
"F9","04/12/2024","2348","N611FR","IND","15:46","16:00","14","0","0","0","0","0"
"F9","04/12/2024","2349","N382FR","LAS","12:31","12:34","3","0","0","0","0","0"
"F9","04/12/2024","2350","N381FR","MSP","12:34","12:25","-9","0","0","0","0","0"
"F9","04/12/2024","2358","N715FR","SAT","18:47","18:47","0","0","0","0","0","0"
"F9","04/12/2024","2359","N610FR","SEA","14:54","15:00","6","0","0","0","0","0"
"F9","04/12/2024","2360","N718FR","MSY","07:00","06:55","-5","0","0","0","0","0"
"F9","04/12/2024","2374","N715FR","TYS","05:11","05:05","-6","0","0","0","0","0"
"F9","04/12/2024","2429","N235FR","LAS","14:59","16:45","106","60","0","0","0","42"
"F9","04/12/2024","2438","N604FR","RDU","15:16","15:46","30","0","0","0","0","0"
"F9","04/12/2024","2454","N718FR","PNS","13:33","14:36","63","0","0","0","0","41"
"F9","04/12/2024","2550","N637FR","DFW","11:29","13:20","111","0","0","12","0","111"
"F9","04/12/2024","2687","N635FR","PDX","22:09","22:56","47","0","0","0","0","28"
"F9","04/12/2024","2706","N611FR","BWI","06:00","06:43","43","0","0","0","0","38"
"F9","04/12/2024","2752","N612FR","BUF","05:01","05:21","20","0","0","0","0","19"
"F9","04/12/2024","2816","N709FR","OKC","13:14","13:23","9","0","0","0","0","0"
"F9","04/12/2024","2817","N712FR","SAN","06:35","06:35","0","0","0","0","0","0"
"F9","04/12/2024","2818","","DSM","13:33","00:00","0","0","0","0","0","0"
"F9","04/12/2024","3172","N633FR","ORD","21:27","23:08","101","72","0","0","0","22"
"F9","04/12/2024","3230","N361FR","IAH","05:15","05:06","-9","0","0","0","0","0"
"F9","04/12/2024","3266","","PHL","00:11","00:00","0","0","0","0","0","0"
"F9","04/12/2024","3286","N610FR","CVG","05:11","07:21","130","122","0","0","0","0"
"F9","04/12/2024","3290","N364FR","MSP","18:59","20:04","65","0","0","0","0","57"
"F9","04/12/2024","3294","N371FR","ATL","00:59","01:52","53","31","0","0","0","0"
"F9","04/12/2024","3312","","MCO","06:41","00:00","0","0","0","0","0","0"
"F9","04/12/2024","3467","N610FR","PHX","22:59","23:11","12","0","0","0","0","0"
"F9","04/12/2024","3566","N626FR","DTW","05:06","05:37","31","24","0","0","0","0"
"F9","04/12/2024","3861","N364FR","SLC","05:30","05:29","-1","0","0","0","0","0"
"F9","04/12/2024","3981","N372FR","SLC","11:35","11:25","-10","0","0","0","0","0"
"F9","04/12/2024","3982","N372FR","DCA","16:35","17:28","53","14","0","0","0","20"
"F9","04/12/2024","4070","N631FR","DFW","20:41","21:36","55","40","0","0","0","0"
"F9","04/12/2024","4135","N382FR","LAS","17:37","19:02","85","2","0","0","0","74"
"F9","04/12/2024","4251","N361FR","SLC","18:48","18:41","-7","0","0","0","0","0"
"F9","04/12/2024","4385","N323FR","LAS","19:50","20:14","24","4","0","7","0","20"
"F9","04/12/2024","4386","N364FR","CID","13:53","13:43","-10","0","0","0","0","0"
"F9","04/12/2024","4714","N228FR","TPA","15:42","15:38","-4","0","0","0","0","0"
"F9","04/12/2024","4794","N228FR","FAR","10:05","10:02","-3","0","0","0","0","0"
"F9","04/12/2024","4856","N311FR","IAH","18:39","18:34","-5","0","0","0","0","0"
"F9","04/12/2024","4967","N380FR","LAS","22:59","01:14","135","0","0","0","0","111"
"F9","04/12/2024","4989","N709FR","SAN","18:02","19:01","59","0","0","3","0","59"
"F9","04/13/2024","0006","N348FR","STL","06:41","06:35","-6","0","0","0","0","0"
"F9","04/13/2024","0686","N361FR","DCA","06:39","06:32","-7","0","0","0","0","0"
"F9","04/13/2024","0689","N370FR","PDX","22:09","22:01","-8","0","0","0","0","0"
"F9","04/13/2024","1114","N308FR","TPA","09:15","09:15","0","0","0","0","0","0"
"F9","04/13/2024","1128","N329FR","OMA","06:01","05:55","-6","0","0","0","0","0"
"F9","04/13/2024","1150","N638FR","MSP","05:11","05:06","-5","0","0","0","0","0"
"F9","04/13/2024","1229","N611FR","SFO","18:13","19:50","97","0","0","0","0","89"
"F9","04/13/2024","1248","N612FR","GRR","05:20","05:31","11","0","0","0","0","0"
"F9","04/13/2024","1261","N715FR","ONT","05:01","04:58","-3","0","0","0","0","0"
"F9","04/13/2024","1324","N611FR","DFW","05:01","04:59","-2","0","0","0","0","0"
"F9","04/13/2024","1362","N605FR","CLT","06:54","07:08","14","0","0","0","0","0"
"F9","04/13/2024","1402","N718FR","BNA","16:55","19:22","147","42","0","0","0","101"
"F9","04/13/2024","1450","N635FR","ATL","06:31","06:44","13","0","0","0","0","0"
"F9","04/13/2024","1499","N605FR","ONT","22:35","22:33","-2","0","0","0","0","0"
"F9","04/13/2024","1500","N715FR","MSP","11:56","11:47","-9","0","0","0","0","0"
"F9","04/13/2024","1559","N316FR","SLC","19:20","19:22","2","2","0","21","0","0"
"F9","04/13/2024","1560","N316FR","MSN","12:57","13:09","12","0","0","0","0","0"
"F9","04/13/2024","1592","N329FR","MDW","17:14","19:15","121","1","0","0","0","108"
"F9","04/13/2024","1678","N638FR","DSM","11:41","11:39","-2","0","0","0","0","0"
"F9","04/13/2024","1734","N322FR","MCO","00:21","00:24","3","0","0","0","0","0"
"F9","04/13/2024","1816","N312FR","AUS","05:06","05:02","-4","0","0","0","0","0"
"F9","04/13/2024","1819","N352FR","PHX","09:39","09:27","-12","0","0","0","0","0"
"F9","04/13/2024","1864","N721FR","OKC","13:41","13:37","-4","0","0","0","0","0"
"F9","04/13/2024","1918","N610FR","CLE","09:25","09:21","-4","0","0","0","0","0"
"F9","04/13/2024","1993","N718FR","LAS","06:00","06:40","40","26","0","0","0","0"
"F9","04/13/2024","2015","N634FR","LAS","10:05","12:15","130","0","0","0","0","124"
"F9","04/13/2024","2105","N318FR","PHX","21:16","21:58","42","0","0","0","0","39"
"F9","04/13/2024","2108","N604FR","FSD","12:16","12:11","-5","0","0","0","0","0"
"F9","04/13/2024","2147","N611FR","SEA","11:29","11:42","13","0","0","0","0","0"
"F9","04/13/2024","2148","N395FR","DFW","07:59","07:55","-4","0","0","0","0","0"
"F9","04/13/2024","2210","N381FR","MDW","13:11","13:20","9","0","0","0","0","0"
"F9","04/13/2024","2261","N718FR","ELP","12:13","13:06","53","7","0","0","0","37"
"F9","04/13/2024","2341","N323FR","LAX","19:03","18:59","-4","0","0","0","0","0"
"F9","04/13/2024","2348","N361FR","IND","15:50","15:43","-7","0","0","0","0","0"
"F9","04/13/2024","2349","N380FR","LAS","12:31","12:47","16","0","0","0","0","15"
"F9","04/13/2024","2356","N387FR","SAT","05:06","05:01","-5","0","0","0","0","0"
"F9","04/13/2024","2374","N721FR","TYS","05:11","05:06","-5","0","0","0","0","0"
"F9","04/13/2024","2429","N230FR","LAS","14:59","14:49","-10","0","0","0","0","0"
"F9","04/13/2024","2438","N638FR","RDU","15:16","17:15","119","0","0","0","0","108"
"F9","04/13/2024","2454","N610FR","PNS","17:37","17:30","-7","0","0","0","0","0"
"F9","04/13/2024","2550","N329FR","DFW","11:04","11:35","31","0","0","0","0","19"
"F9","04/13/2024","2706","N625FR","BWI","06:31","16:46","615","0","0","0","0","601"
"F9","04/13/2024","2752","N612FR","BUF","13:05","13:01","-4","0","0","0","0","0"
"F9","04/13/2024","2817","N626FR","SAN","07:00","07:38","38","14","0","0","0","17"
"F9","04/13/2024","3172","N612FR","ORD","21:27","23:57","150","120","0","0","0","21"
"F9","04/13/2024","3220","N391FR","MIA","00:13","01:03","50","0","0","0","0","23"
"F9","04/13/2024","3230","N364FR","IAH","05:15","05:08","-7","0","0","0","0","0"
"F9","04/13/2024","3266","N374FR","PHL","00:11","00:51","40","0","0","24","0","40"
"F9","04/13/2024","3286","N712FR","CVG","06:31","06:28","-3","0","0","0","0","0"
"F9","04/13/2024","3294","N367FR","ATL","00:54","00:54","0","0","0","0","0","0"
"F9","04/13/2024","3312","N609FR","MCO","06:37","06:59","22","0","0","0","0","0"
"F9","04/13/2024","3566","N381FR","DTW","05:01","04:54","-7","0","0","0","0","0"
"F9","04/13/2024","3725","N621FR","SFO","22:04","22:06","2","2","0","34","0","0"
"F9","04/13/2024","3861","N370FR","SLC","07:35","07:25","-10","0","0","0","0","0"
"F9","04/13/2024","3862","N370FR","DCA","12:39","13:17","38","0","0","0","0","20"
"F9","04/13/2024","3981","N312FR","SLC","11:31","11:51","20","18","0","0","0","0"
"F9","04/13/2024","3982","N312FR","DCA","16:35","16:33","-2","0","0","0","0","0"
"F9","04/13/2024","4070","N387FR","DFW","18:50","18:43","-7","0","0","0","0","0"
"F9","04/13/2024","4344","N626FR","XNA","14:01","14:09","8","0","0","0","0","0"
"F9","04/13/2024","4385","N364FR","SNA","18:04","18:01","-3","0","0","0","0","0"
"F9","04/13/2024","4386","N364FR","CID","12:11","12:02","-9","0","0","0","0","0"
"F9","04/13/2024","4611","N626FR","LAS","20:02","19:52","-10","0","0","0","0","0"
"F9","04/13/2024","4637","N716FR","SMF","18:18","18:49","31","0","0","0","0","0"
"F9","04/13/2024","4647","N715FR","SEA","18:22","18:28","6","0","0","0","0","0"
"F9","04/13/2024","4714","N372FR","TPA","16:16","16:09","-7","0","0","0","0","0"
"F9","04/13/2024","4794","N372FR","FAR","10:05","09:52","-13","0","0","0","0","0"
"F9","04/13/2024","4858","N604FR","IAH","18:00","17:52","-8","0","0","0","0","0"
"F9","04/13/2024","4927","N387FR","SAN","11:49","11:41","-8","0","0","0","0","0"
"F9","04/13/2024","4965","N230FR","LAS","22:52","22:46","-6","0","0","0","0","0"
"F9","04/13/2024","4989","N709FR","SAN","18:44","18:38","-6","0","0","0","0","0"
"F9","04/14/2024","0066","N233FR","MIA","00:10","00:10","0","0","0","0","0","0"
"F9","04/14/2024","0094","N721FR","MCI","06:41","06:36","-5","0","0","0","0","0"
"F9","04/14/2024","0685","N312FR","SLC","10:05","10:07","2","0","0","0","0","0"
"F9","04/14/2024","0686","N387FR","DCA","06:39","06:58","19","0","0","0","0","0"
"F9","04/14/2024","0688","N365FR","DCA","12:45","12:37","-8","0","0","0","0","0"
"F9","04/14/2024","0689","N626FR","SFO","22:04","00:29","145","122","0","0","0","0"
"F9","04/14/2024","0690","N391FR","DCA","16:35","17:04","29","0","0","0","0","0"
"F9","04/14/2024","1066","N716FR","GRB","18:07","18:37","30","0","0","0","0","0"
"F9","04/14/2024","1114","N718FR","TPA","06:41","07:02","21","0","0","0","0","0"
"F9","04/14/2024","1150","N391FR","MSP","05:01","04:58","-3","0","0","0","0","0"
"F9","04/14/2024","1162","N329FR","HOU","11:57","11:47","-10","0","0","0","0","0"
"F9","04/14/2024","1261","N716FR","ONT","05:06","05:20","14","0","0","0","0","0"
"F9","04/14/2024","1294","N705FR","MSP","18:52","18:51","-1","0","0","0","0","0"
"F9","04/14/2024","1324","N361FR","DFW","05:01","05:21","20","0","0","0","0","0"
"F9","04/14/2024","1362","N605FR","CLT","06:54","07:10","16","0","0","0","0","0"
"F9","04/14/2024","1375","N715FR","PHX","05:11","05:06","-5","0","0","0","0","0"
"F9","04/14/2024","1402","N611FR","BNA","09:25","09:29","4","0","0","0","0","0"
"F9","04/14/2024","1499","N605FR","ONT","22:35","22:36","1","0","0","0","0","0"
"F9","04/14/2024","1734","N303FR","MCO","00:21","00:28","7","0","0","0","0","0"
"F9","04/14/2024","1789","N625FR","PDX","17:32","17:51","19","0","0","0","0","0"
"F9","04/14/2024","1816","N626FR","AUS","06:50","06:47","-3","0","0","0","0","0"
"F9","04/14/2024","1819","N365FR","PHX","08:54","21:55","781","20","0","3","0","761"
"F9","04/14/2024","1864","N391FR","OKC","11:10","11:06","-4","0","0","0","0","0"
"F9","04/14/2024","1918","N379FR","CLE","05:15","05:22","7","7","0","9","0","0"
"F9","04/14/2024","1993","N705FR","LAS","06:00","06:30","30","22","0","0","0","0"
"F9","04/14/2024","2015","N711FR","LAS","10:05","09:58","-7","0","0","0","0","0"
"F9","04/14/2024","2105","N709FR","PHX","20:59","21:08","9","0","0","0","0","0"
"F9","04/14/2024","2148","N377FR","DFW","08:14","08:04","-10","0","0","0","0","0"
"F9","04/14/2024","2210","N364FR","MDW","05:06","05:03","-3","0","0","0","0","0"
"F9","04/14/2024","2261","N382FR","ELP","17:12","19:48","156","34","0","0","0","113"
"F9","04/14/2024","2341","N323FR","LAX","19:03","19:06","3","0","0","14","0","3"
"F9","04/14/2024","2346","N621FR","IND","12:19","14:28","129","0","0","0","0","112"
"F9","04/14/2024","2349","N351FR","LAS","12:31","19:55","444","0","0","0","0","437"
"F9","04/14/2024","2382","N635FR","ORF","16:34","16:27","-7","0","0","0","0","0"
"F9","04/14/2024","2429","N301FR","LAS","15:02","15:07","5","0","0","0","0","0"
"F9","04/14/2024","2438","N607FR","RDU","15:21","16:20","59","0","0","0","0","41"
"F9","04/14/2024","2550","N715FR","DFW","16:42","18:21","99","0","0","0","0","76"
"F9","04/14/2024","2687","N718FR","PDX","22:09","01:12","183","0","0","0","0","159"
"F9","04/14/2024","2817","N382FR","SAN","06:00","06:10","10","10","0","10","0","0"
"F9","04/14/2024","2818","N382FR","MSN","12:38","12:42","4","0","0","0","0","0"
"F9","04/14/2024","2946","N344FR","MDW","18:10","19:19","69","0","0","0","0","47"
"F9","04/14/2024","3040","N716FR","IAH","11:56","11:54","-2","0","0","0","0","0"
"F9","04/14/2024","3172","N712FR","ORD","21:27","23:03","96","0","0","0","0","74"
"F9","04/14/2024","3230","N329FR","IAH","05:01","05:00","-1","0","0","0","0","0"
"F9","04/14/2024","3266","N363FR","PHL","00:11","14:27","856","0","0","0","0","850"
"F9","04/14/2024","3286","N348FR","CVG","17:24","17:15","-9","0","0","0","0","0"
"F9","04/14/2024","3294","N372FR","ATL","00:38","01:48","70","0","0","0","0","41"
"F9","04/14/2024","3302","N715FR","STL","11:20","11:13","-7","0","0","0","0","0"
"F9","04/14/2024","3312","N610FR","MCO","06:31","06:39","8","0","0","0","0","0"
"F9","04/14/2024","3467","N312FR","PHX","22:59","00:50","111","99","0","0","0","0"
"F9","04/14/2024","3565","N718FR","SFO","14:41","17:00","139","56","0","0","0","80"
"F9","04/14/2024","3566","N621FR","DTW","06:31","06:45","14","0","0","0","0","0"
"F9","04/14/2024","3861","N370FR","SLC","06:00","06:13","13","0","0","0","0","0"
"F9","04/14/2024","3982","N312FR","MSY","15:00","14:58","-2","0","0","0","0","0"
"F9","04/14/2024","4070","N621FR","DFW","20:41","21:51","70","0","0","0","0","57"
"F9","04/14/2024","4135","N230FR","LAS","17:07","17:26","19","19","0","27","0","0"
"F9","04/14/2024","4251","N625FR","SLC","12:11","12:05","-6","0","0","0","0","0"
"F9","04/14/2024","4344","N364FR","XNA","12:33","12:24","-9","0","0","0","0","0"
"F9","04/14/2024","4374","N635FR","PIT","06:40","06:42","2","0","0","0","0","0"
"F9","04/14/2024","4386","N626FR","CID","13:34","13:26","-8","0","0","0","0","0"
"F9","04/14/2024","4414","N604FR","MCO","16:07","17:00","53","23","0","0","0","0"
"F9","04/14/2024","4450","N370FR","PNS","14:04","13:57","-7","0","0","0","0","0"
"F9","04/14/2024","4561","N364FR","SNA","18:14","18:13","-1","0","0","0","0","0"
"F9","04/14/2024","4576","N387FR","CMH","15:50","15:47","-3","0","0","0","0","0"
"F9","04/14/2024","4626","N625FR","MEM","05:06","04:59","-7","0","0","0","0","0"
"F9","04/14/2024","4635","N624FR","PHX","17:12","17:35","23","22","0","0","0","0"
"F9","04/14/2024","4649","N622FR","SEA","19:31","21:13","102","2","0","0","0","93"
"F9","04/14/2024","4712","N361FR","TPA","18:24","18:46","22","0","0","0","0","0"
"F9","04/14/2024","4776","N705FR","LIT","12:16","12:15","-1","0","0","0","0","0"
"F9","04/14/2024","4794","N365FR","FAR","07:07","07:05","-2","0","0","0","0","0"
"F9","04/14/2024","4856","N611FR","IAH","17:43","17:35","-8","0","0","0","0","0"
"F9","04/14/2024","4927","N361FR","SAN","11:16","11:16","0","0","0","0","0","0"
"F9","04/14/2024","4967","N634FR","LAS","22:59","23:17","18","0","0","0","0","0"
"F9","04/14/2024","4971","N631FR","LAS","20:03","21:42","99","66","0","11","0","33"
"F9","04/14/2024","4989","N606FR","SAN","19:43","20:18","35","13","0","10","0","22"
"F9","04/15/2024","0006","N360FR","STL","06:41","06:40","-1","0","0","0","0","0"
"F9","04/15/2024","0066","N387FR","MIA","00:20","00:19","-1","0","0","0","0","0"
"F9","04/15/2024","0686","N238FR","DCA","06:39","06:43","4","0","0","0","0","0"
"F9","04/15/2024","0688","N334FR","DCA","12:39","12:48","9","0","0","0","0","0"
"F9","04/15/2024","1089","N702FR","SFO","18:27","19:06","39","0","0","32","0","0"
"F9","04/15/2024","1114","N323FR","TPA","09:15","17:50","515","10","0","35","0","505"
"F9","04/15/2024","1128","N611FR","OMA","06:21","06:16","-5","0","0","0","0","0"
"F9","04/15/2024","1150","N334FR","MSP","06:31","06:56","25","0","0","0","0","0"
"F9","04/15/2024","1162","N364FR","HOU","11:41","11:44","3","0","0","0","0","0"
"F9","04/15/2024","1175","N622FR","SEA","05:11","05:12","1","0","0","0","0","0"
"F9","04/15/2024","1261","N381FR","ONT","05:01","05:21","20","0","0","0","0","0"
"F9","04/15/2024","1292","N622FR","MSP","13:12","13:07","-5","0","0","0","0","0"
"F9","04/15/2024","1324","N614FR","DFW","05:01","04:57","-4","0","0","0","0","0"
"F9","04/15/2024","1362","N366FR","CLT","06:54","07:07","13","0","0","0","0","0"
"F9","04/15/2024","1402","N705FR","BNA","05:06","04:56","-10","0","0","0","0","0"
"F9","04/15/2024","1450","N716FR","ATL","06:31","06:37","6","0","0","0","0","0"
"F9","04/15/2024","1499","N366FR","ONT","22:35","22:40","5","0","0","0","0","0"
"F9","04/15/2024","1560","N607FR","MSN","12:16","12:06","-10","0","0","0","0","0"
"F9","04/15/2024","1608","N635FR","MKE","05:01","04:59","-2","0","0","0","0","0"
"F9","04/15/2024","1677","N359FR","SNA","18:00","18:17","17","0","0","0","0","0"
"F9","04/15/2024","1702","N716FR","SYR","15:35","15:24","-11","0","0","0","0","0"
"F9","04/15/2024","1734","N305FR","MCO","00:21","00:36","15","0","0","0","0","0"
"F9","04/15/2024","1816","N364FR","AUS","05:06","05:02","-4","0","0","0","0","0"
"F9","04/15/2024","1819","N362FR","PHX","09:39","09:29","-10","0","0","0","0","0"
"F9","04/15/2024","1820","N638FR","GRR","14:33","14:27","-6","0","0","0","0","0"
"F9","04/15/2024","1864","N717FR","OKC","13:41","13:40","-1","0","0","0","0","0"
"F9","04/15/2024","1993","N358FR","LAS","06:41","06:36","-5","0","0","0","0","0"
"F9","04/15/2024","2015","N230FR","LAS","09:55","09:51","-4","0","0","0","0","0"
"F9","04/15/2024","2103","N636FR","PHX","20:59","20:52","-7","0","0","0","0","0"
"F9","04/15/2024","2108","N625FR","FSD","13:17","13:10","-7","0","0","0","0","0"
"F9","04/15/2024","2141","N715FR","PHX","12:17","12:15","-2","0","0","0","0","0"
"F9","04/15/2024","2148","N377FR","DFW","07:20","07:14","-6","0","0","0","0","0"
"F9","04/15/2024","2210","N335FR","MDW","08:11","08:04","-7","0","0","0","0","0"
"F9","04/15/2024","2261","N301FR","ELP","17:12","17:04","-8","0","0","0","0","0"
"F9","04/15/2024","2341","N372FR","LAX","19:03","19:31","28","0","0","0","0","20"
"F9","04/15/2024","2349","N372FR","LAS","12:31","12:45","14","0","0","0","0","0"
"F9","04/15/2024","2350","N359FR","DSM","12:34","12:27","-7","0","0","0","0","0"
"F9","04/15/2024","2356","N365FR","SAT","07:30","09:27","117","2","0","0","0","104"
"F9","04/15/2024","2374","N717FR","TYS","05:06","05:25","19","0","0","0","0","0"
"F9","04/15/2024","2429","N238FR","LAS","14:59","15:29","30","0","0","3","0","30"
"F9","04/15/2024","2438","N718FR","RDU","15:16","15:50","34","14","0","0","0","6"
"F9","04/15/2024","2454","N605FR","PNS","16:16","16:09","-7","0","0","0","0","0"
"F9","04/15/2024","2550","N611FR","DFW","11:44","11:35","-9","0","0","0","0","0"
"F9","04/15/2024","2687","N705FR","PDX","22:09","22:17","8","0","0","0","0","0"
"F9","04/15/2024","2706","N605FR","BWI","06:31","06:34","3","0","0","0","0","0"
"F9","04/15/2024","2752","N705FR","BUF","12:55","13:09","14","0","0","0","0","0"
"F9","04/15/2024","2817","N626FR","SAN","06:50","07:19","29","0","0","0","0","0"
"F9","04/15/2024","3090","N344FR","IND","16:33","17:07","34","17","0","0","0","2"
"F9","04/15/2024","3172","N717FR","ORD","21:27","22:48","81","65","0","0","0","0"
"F9","04/15/2024","3230","N718FR","IAH","08:25","08:16","-9","0","0","0","0","0"
"F9","04/15/2024","3266","N370FR","PHL","00:01","01:56","115","110","0","0","0","0"
"F9","04/15/2024","3286","N624FR","CVG","06:31","06:22","-9","0","0","0","0","0"
"F9","04/15/2024","3290","N625FR","MSP","18:57","18:59","2","0","0","0","0","0"
"F9","04/15/2024","3294","N349FR","ATL","00:50","01:31","41","0","0","0","0","22"
"F9","04/15/2024","3312","N344FR","MCO","06:31","06:30","-1","0","0","0","0","0"
"F9","04/15/2024","3435","N638FR","SFO","22:04","22:13","9","0","0","0","0","0"
"F9","04/15/2024","3467","N359FR","PHX","22:59","01:27","148","32","0","0","0","111"
"F9","04/15/2024","3566","N625FR","DTW","05:01","05:00","-1","0","0","0","0","0"
"F9","04/15/2024","3665","N611FR","SMF","18:38","18:28","-10","0","0","0","0","0"
"F9","04/15/2024","3861","N638FR","SLC","06:00","05:55","-5","0","0","0","0","0"
"F9","04/15/2024","3981","N381FR","SLC","11:35","12:00","25","13","0","0","0","5"
"F9","04/15/2024","3982","N381FR","DCA","16:35","16:41","6","0","0","0","0","0"
"F9","04/15/2024","4070","N715FR","DFW","20:41","21:21","40","0","0","0","0","29"
"F9","04/15/2024","4135","N351FR","LAS","17:52","17:42","-10","0","0","0","0","0"
"F9","04/15/2024","4251","N365FR","SLC","19:50","22:07","137","77","0","0","0","46"
"F9","04/15/2024","4386","N365FR","CID","13:53","15:13","80","0","0","0","0","63"
"F9","04/15/2024","4611","N607FR","LAS","19:52","19:43","-9","0","0","0","0","0"
"F9","04/15/2024","4647","N626FR","SEA","13:51","13:47","-4","0","0","0","0","0"
"F9","04/15/2024","4714","N391FR","TPA","15:42","15:45","3","0","0","0","0","0"
"F9","04/15/2024","4794","N391FR","FAR","10:05","09:59","-6","0","0","0","0","0"
"F9","04/15/2024","4856","N364FR","IAH","18:40","18:49","9","9","0","7","0","0"
"F9","04/15/2024","4927","N635FR","SAN","11:29","11:53","24","0","0","0","0","15"
"F9","04/15/2024","4967","N352FR","LAS","22:56","23:10","14","0","0","0","0","0"
"F9","04/15/2024","4989","N622FR","SAN","18:05","19:47","102","14","0","0","0","88"
"F9","04/16/2024","0066","N344FR","MIA","00:10","00:43","33","23","0","0","0","0"
"F9","04/16/2024","0094","N611FR","MCI","06:31","06:35","4","4","0","25","0","0"
"F9","04/16/2024","0686","N391FR","DCA","06:39","06:39","0","0","0","0","0","0"
"F9","04/16/2024","0690","N328FR","DCA","16:35","17:57","82","74","0","0","0","0"
"F9","04/16/2024","1066","N604FR","GRB","16:49","16:37","-12","0","0","0","0","0"
"F9","04/16/2024","1093","N626FR","SFO","16:10","16:25","15","0","0","0","0","0"
"F9","04/16/2024","1114","N376FR","TPA","09:15","09:18","3","0","0","0","0","0"
"F9","04/16/2024","1150","N710FR","MSP","05:11","05:17","6","6","0","20","0","0"
"F9","04/16/2024","1162","N362FR","HOU","11:36","11:26","-10","0","0","0","0","0"
"F9","04/16/2024","1261","N362FR","ONT","05:01","04:56","-5","0","0","0","0","0"
"F9","04/16/2024","1292","N702FR","MSP","11:29","11:49","20","0","0","21","0","20"
"F9","04/16/2024","1324","N702FR","DFW","05:01","04:56","-5","0","0","0","0","0"
"F9","04/16/2024","1362","N366FR","CLT","06:54","06:52","-2","0","0","0","0","0"
"F9","04/16/2024","1402","N605FR","BNA","12:41","14:19","98","24","0","0","0","51"
"F9","04/16/2024","1499","N329FR","ONT","22:35","22:28","-7","0","0","0","0","0"
"F9","04/16/2024","1734","N317FR","MCO","00:21","00:33","12","0","0","0","0","0"
"F9","04/16/2024","1815","N710FR","SEA","18:25","18:43","18","0","0","0","0","0"
"F9","04/16/2024","1816","N710FR","AUS","11:41","11:39","-2","0","0","0","0","0"
"F9","04/16/2024","1819","N353FR","PHX","09:39","09:29","-10","0","0","0","0","0"
"F9","04/16/2024","1918","N313FR","CLE","05:15","05:14","-1","0","0","0","0","0"
"F9","04/16/2024","1993","N364FR","LAS","06:40","06:35","-5","0","0","0","0","0"
"F9","04/16/2024","2015","N381FR","LAS","09:55","10:05","10","0","0","0","0","0"
"F9","04/16/2024","2105","N346FR","PHX","14:24","14:21","-3","0","0","0","0","0"
"F9","04/16/2024","2148","N395FR","DFW","08:09","08:02","-7","0","0","0","0","0"
"F9","04/16/2024","2210","N316FR","MDW","08:11","08:27","16","0","0","0","0","0"
"F9","04/16/2024","2261","N348FR","ELP","17:09","17:03","-6","0","0","26","0","0"
"F9","04/16/2024","2341","N631FR","LAX","18:57","18:56","-1","0","0","0","0","0"
"F9","04/16/2024","2348","N716FR","IND","17:20","17:18","-2","0","0","0","0","0"
"F9","04/16/2024","2349","N352FR","LAS","12:31","14:25","114","106","0","0","0","0"
"F9","04/16/2024","2360","N309FR","MSY","05:01","05:03","2","0","0","0","0","0"
"F9","04/16/2024","2382","N230FR","ORF","15:42","15:42","0","0","0","0","0","0"
"F9","04/16/2024","2429","N705FR","LAS","15:19","16:00","41","0","0","0","0","19"
"F9","04/16/2024","2438","N720FR","RDU","15:21","15:16","-5","0","0","0","0","0"
"F9","04/16/2024","2454","N309FR","PNS","13:01","12:57","-4","0","0","0","0","0"
"F9","04/16/2024","2550","N716FR","DFW","11:06","11:00","-6","0","0","0","0","0"
"F9","04/16/2024","2632","N702FR","DFW","17:59","18:00","1","0","0","0","0","0"
"F9","04/16/2024","2687","N309FR","PDX","22:09","22:03","-6","0","0","0","0","0"
"F9","04/16/2024","2817","N638FR","SAN","05:30","05:23","-7","0","0","0","0","0"
"F9","04/16/2024","2946","N362FR","MDW","18:38","18:59","21","0","0","0","0","0"
"F9","04/16/2024","3172","N708FR","ORD","21:27","21:30","3","0","0","0","0","0"
"F9","04/16/2024","3230","N605FR","IAH","05:25","05:24","-1","0","0","0","0","0"
"F9","04/16/2024","3266","N339FR","PHL","00:11","00:43","32","32","0","2","0","0"
"F9","04/16/2024","3286","N351FR","CVG","16:38","16:48","10","0","0","0","0","0"
"F9","04/16/2024","3294","N303FR","ATL","00:53","02:19","86","13","0","0","0","60"
"F9","04/16/2024","3302","N708FR","STL","12:45","12:40","-5","0","0","0","0","0"
"F9","04/16/2024","3312","N607FR","MCO","06:31","06:30","-1","0","0","0","0","0"
"F9","04/16/2024","3435","N605FR","SFO","22:04","22:40","36","21","0","0","0","0"
"F9","04/16/2024","3467","N353FR","PHX","22:59","23:02","3","0","0","14","0","3"
"F9","04/16/2024","3566","N625FR","DTW","05:06","05:07","1","1","0","15","0","0"
"F9","04/16/2024","3861","N335FR","SLC","07:35","07:36","1","0","0","0","0","0"
"F9","04/16/2024","3862","N335FR","DCA","12:39","13:32","53","43","0","0","0","0"
"F9","04/16/2024","3981","N332FR","SLC","12:33","12:26","-7","0","0","0","0","0"
"F9","04/16/2024","4135","N332FR","LAS","17:37","17:40","3","0","0","0","0","0"
"F9","04/16/2024","4251","N620FR","SLC","19:34","21:19","105","8","0","7","0","97"
"F9","04/16/2024","4344","N625FR","XNA","13:30","14:10","40","5","0","0","0","21"
"F9","04/16/2024","4371","N235FR","SNA","17:34","17:52","18","0","0","0","0","0"
"F9","04/16/2024","4374","N712FR","PIT","07:45","07:37","-8","0","0","0","0","0"
"F9","04/16/2024","4576","N334FR","CMH","15:50","15:49","-1","0","0","0","0","0"
"F9","04/16/2024","4611","N625FR","LAS","19:33","19:36","3","0","0","0","0","0"
"F9","04/16/2024","4626","N705FR","MEM","08:05","08:05","0","0","0","0","0","0"
"F9","04/16/2024","4635","N629FR","PHX","19:25","22:08","163","0","0","0","0","155"
"F9","04/16/2024","4776","N328FR","LIT","10:15","10:07","-8","0","0","0","0","0"
"F9","04/16/2024","4794","N230FR","FAR","10:05","09:52","-13","0","0","0","0","0"
"F9","04/16/2024","4927","N638FR","SAN","12:30","12:30","0","0","0","0","0","0"
"F9","04/16/2024","4967","N722FR","LAS","22:54","22:56","2","0","0","0","0","0"
"F9","04/16/2024","4989","N636FR","SAN","18:44","18:42","-2","0","0","0","0","0"
"F9","04/17/2024","0006","N362FR","STL","06:41","06:36","-5","0","0","0","0","0"
"F9","04/17/2024","0686","N309FR","DCA","06:39","06:39","0","0","0","0","0","0"
"F9","04/17/2024","1114","N318FR","TPA","09:15","09:19","4","0","0","0","0","0"
"F9","04/17/2024","1128","N605FR","OMA","06:00","05:56","-4","0","0","0","0","0"
"F9","04/17/2024","1150","N721FR","MSP","05:11","05:10","-1","0","0","0","0","0"
"F9","04/17/2024","1162","N307FR","HOU","12:21","12:19","-2","0","0","0","0","0"
"F9","04/17/2024","1248","N720FR","GRR","12:30","12:20","-10","0","0","0","0","0"
"F9","04/17/2024","1261","N714FR","ONT","05:01","05:00","-1","0","0","0","0","0"
"F9","04/17/2024","1292","N716FR","MSP","11:56","11:51","-5","0","0","0","0","0"
"F9","04/17/2024","1324","N716FR","DFW","05:01","04:51","-10","0","0","0","0","0"
"F9","04/17/2024","1362","N329FR","CLT","06:54","06:50","-4","0","0","0","0","0"
"F9","04/17/2024","1402","N639FR","BNA","16:49","16:48","-1","0","0","0","0","0"
"F9","04/17/2024","1450","N635FR","ATL","06:36","06:39","3","0","0","0","0","0"
"F9","04/17/2024","1483","N720FR","SFO","22:04","22:15","11","0","0","0","0","0"
"F9","04/17/2024","1500","N714FR","FSD","11:51","11:50","-1","0","0","0","0","0"
"F9","04/17/2024","1608","N625FR","MKE","07:30","07:19","-11","0","0","0","0","0"
"F9","04/17/2024","1678","N721FR","DSM","11:41","11:33","-8","0","0","0","0","0"
"F9","04/17/2024","1702","N604FR","SYR","13:52","13:42","-10","0","0","0","0","0"
"F9","04/17/2024","1734","N335FR","MCO","00:21","00:25","4","0","0","0","0","0"
"F9","04/17/2024","1816","N230FR","AUS","05:01","05:27","26","0","0","0","0","0"
"F9","04/17/2024","1819","N390FR","PHX","09:39","09:35","-4","0","0","0","0","0"
"F9","04/17/2024","1864","N388FR","OKC","13:02","12:59","-3","0","0","0","0","0"
"F9","04/17/2024","1993","N366FR","LAS","06:40","06:39","-1","0","0","0","0","0"
"F9","04/17/2024","2015","N395FR","LAS","09:55","09:50","-5","0","0","0","0","0"
"F9","04/17/2024","2105","N348FR","PHX","20:29","20:19","-10","0","0","0","0","0"
"F9","04/17/2024","2148","N324FR","DFW","07:59","07:52","-7","0","0","0","0","0"
"F9","04/17/2024","2210","N371FR","MDW","08:11","08:08","-3","0","0","0","0","0"
"F9","04/17/2024","2261","N366FR","ELP","12:33","13:22","49","29","0","0","0","6"
"F9","04/17/2024","2341","N332FR","LAX","19:03","19:00","-3","0","0","0","0","0"
"F9","04/17/2024","2348","N714FR","IND","17:20","17:21","1","0","0","0","0","0"
"F9","04/17/2024","2349","N352FR","LAS","12:31","12:27","-4","0","0","0","0","0"
"F9","04/17/2024","2356","N626FR","SAT","08:05","08:05","0","0","0","0","0","0"
"F9","04/17/2024","2374","N717FR","TYS","05:06","05:03","-3","0","0","0","0","0"
"F9","04/17/2024","2429","N615FR","LAS","15:09","15:06","-3","0","0","0","0","0"
"F9","04/17/2024","2438","N635FR","RDU","15:21","15:39","18","0","0","0","0","0"
"F9","04/17/2024","2454","N625FR","PNS","14:54","14:56","2","0","0","0","0","0"
"F9","04/17/2024","2550","N605FR","DFW","11:23","11:26","3","0","0","0","0","0"
"F9","04/17/2024","2687","N605FR","PDX","22:09","22:10","1","0","0","0","0","0"
"F9","04/17/2024","2705","N620FR","SAN","15:45","15:48","3","0","0","0","0","0"
"F9","04/17/2024","2706","N620FR","BWI","06:00","06:00","0","0","0","0","0","0"
"F9","04/17/2024","2752","N328FR","BUF","15:46","15:36","-10","0","0","0","0","0"
"F9","04/17/2024","2817","N604FR","SAN","06:51","06:47","-4","0","0","0","0","0"
"F9","04/17/2024","3172","N717FR","ORD","21:27","21:46","19","0","0","0","0","0"
"F9","04/17/2024","3230","N307FR","IAH","05:15","05:10","-5","0","0","31","0","0"
"F9","04/17/2024","3266","N396FR","PHL","00:11","00:09","-2","0","0","0","0","0"
"F9","04/17/2024","3286","N712FR","CVG","06:31","07:21","50","40","0","0","0","0"
"F9","04/17/2024","3294","N235FR","ATL","00:53","01:26","33","16","0","0","0","0"
"F9","04/17/2024","3312","N710FR","MCO","06:31","06:25","-6","0","0","0","0","0"
"F9","04/17/2024","3405","N626FR","SEA","14:49","15:02","13","0","0","0","0","0"
"F9","04/17/2024","3437","N721FR","SFO","17:37","17:29","-8","0","0","0","0","0"
"F9","04/17/2024","3467","N390FR","PHX","22:59","23:10","11","0","0","0","0","0"
"F9","04/17/2024","3861","N354FR","SLC","07:35","07:25","-10","0","0","0","0","0"
"F9","04/17/2024","3862","N354FR","DCA","12:39","12:45","6","0","0","0","0","0"
"F9","04/17/2024","3981","N230FR","SLC","11:35","11:33","-2","0","0","0","0","0"
"F9","04/17/2024","3982","N230FR","DCA","16:35","16:26","-9","0","0","0","0","0"
"F9","04/17/2024","4070","N388FR","DFW","18:27","18:19","-8","0","0","0","0","0"
"F9","04/17/2024","4135","N391FR","LAS","17:17","17:11","-6","0","0","0","0","0"
"F9","04/17/2024","4251","N606FR","SLC","18:22","18:27","5","0","0","0","0","0"
"F9","04/17/2024","4386","N717FR","CID","13:18","13:09","-9","0","0","0","0","0"
"F9","04/17/2024","4561","N366FR","SNA","18:08","18:42","34","0","0","0","0","28"
"F9","04/17/2024","4567","N232FR","ONT","22:35","22:30","-5","0","0","0","0","0"
"F9","04/17/2024","4611","N380FR","LAS","20:08","21:06","58","35","0","0","0","15"
"F9","04/17/2024","4630","N334FR","MIA","00:10","00:07","-3","0","0","0","0","0"
"F9","04/17/2024","4714","N309FR","TPA","15:59","16:50","51","9","0","0","0","20"
"F9","04/17/2024","4794","N328FR","FAR","10:05","09:52","-13","0","0","0","0","0"
"F9","04/17/2024","4967","N352FR","LAS","22:59","22:50","-9","0","0","0","0","0"
"F9","04/17/2024","4989","N716FR","SAN","18:44","18:41","-3","0","0","0","0","0"
"F9","04/18/2024","0066","N329FR","MIA","00:07","00:02","-5","0","0","0","0","0"
"F9","04/18/2024","0094","N606FR","MCI","06:31","06:32","1","0","0","0","0","0"
"F9","04/18/2024","0686","N377FR","DCA","06:39","06:35","-4","0","0","0","0","0"
"F9","04/18/2024","0688","N235FR","DCA","12:47","12:39","-8","0","0","0","0","0"
"F9","04/18/2024","1066","N714FR","GRB","12:17","12:09","-8","0","0","0","0","0"
"F9","04/18/2024","1093","N626FR","SFO","14:04","15:10","66","0","0","80","0","3"
"F9","04/18/2024","1114","N720FR","TPA","06:15","06:13","-2","0","0","32","0","0"
"F9","04/18/2024","1150","N638FR","MSP","05:06","04:59","-7","0","0","0","0","0"
"F9","04/18/2024","1162","N365FR","HOU","11:15","11:08","-7","0","0","0","0","0"
"F9","04/18/2024","1261","N232FR","ONT","05:01","05:03","2","0","0","0","0","0"
"F9","04/18/2024","1292","N635FR","MSP","18:53","18:53","0","0","0","0","0","0"
"F9","04/18/2024","1324","N625FR","DFW","05:01","05:00","-1","0","0","0","0","0"
"F9","04/18/2024","1362","N366FR","CLT","06:54","06:51","-3","0","0","0","0","0"
"F9","04/18/2024","1375","N365FR","PHX","05:26","05:19","-7","0","0","0","0","0"
"F9","04/18/2024","1402","N235FR","BNA","05:16","05:06","-10","0","0","0","0","0"
"F9","04/18/2024","1499","N638FR","ONT","22:32","22:33","1","0","1","18","0","0"
"F9","04/18/2024","1560","N380FR","MSN","12:08","12:27","19","0","0","0","0","18"
"F9","04/18/2024","1734","N723FR","MCO","00:31","00:28","-3","0","0","0","0","0"
"F9","04/18/2024","1816","N309FR","AUS","06:00","05:53","-7","0","0","0","0","0"
"F9","04/18/2024","1819","N353FR","PHX","08:54","09:48","54","54","0","1","0","0"
"F9","04/18/2024","1863","N309FR","SLC","17:52","18:22","30","0","0","17","0","30"
"F9","04/18/2024","1864","N309FR","OKC","12:21","12:29","8","8","0","7","0","0"
"F9","04/18/2024","1918","N328FR","CLE","05:20","05:25","5","0","0","0","0","0"
"F9","04/18/2024","1993","N307FR","LAS","06:31","06:33","2","0","0","0","0","0"
"F9","04/18/2024","2015","N363FR","LAS","09:55","09:49","-6","0","0","0","0","0"
"F9","04/18/2024","2105","N718FR","PHX","20:53","22:13","80","10","0","0","0","67"
"F9","04/18/2024","2109","N720FR","PHX","16:37","16:41","4","0","0","0","0","0"
"F9","04/18/2024","2148","N388FR","DFW","07:59","08:22","23","23","0","10","0","0"
"F9","04/18/2024","2210","N380FR","MDW","05:11","05:33","22","0","0","0","0","0"
"F9","04/18/2024","2261","N305FR","ELP","17:06","17:00","-6","0","0","0","0","0"
"F9","04/18/2024","2341","N363FR","LAX","19:03","20:43","100","18","0","9","0","82"
"F9","04/18/2024","2346","N625FR","IND","17:25","17:51","26","0","0","44","0","26"
"F9","04/18/2024","2349","N389FR","LAS","12:31","20:55","504","22","0","9","0","482"
"F9","04/18/2024","2382","N604FR","ORF","15:15","15:12","-3","0","0","0","0","0"
"F9","04/18/2024","2429","N352FR","LAS","14:59","14:54","-5","0","0","0","0","0"
"F9","04/18/2024","2438","N624FR","RDU","15:21","15:19","-2","0","0","0","0","0"
"F9","04/18/2024","2550","N614FR","DFW","16:48","16:48","0","0","0","0","0","0"
"F9","04/18/2024","2687","N620FR","PDX","22:09","22:07","-2","0","0","0","0","0"
"F9","04/18/2024","2689","N230FR","PDX","16:39","17:14","35","0","0","25","0","35"
"F9","04/18/2024","2817","N620FR","SAN","06:30","06:20","-10","0","0","0","0","0"
"F9","04/18/2024","2818","N620FR","CID","13:31","13:23","-8","0","0","0","0","0"
"F9","04/18/2024","2946","N377FR","MDW","15:50","16:15","25","0","0","0","0","0"
"F9","04/18/2024","3040","N721FR","IAH","13:08","13:07","-1","0","0","0","0","0"
"F9","04/18/2024","3172","N629FR","ORD","21:27","22:14","47","31","0","0","0","0"
"F9","04/18/2024","3230","N714FR","IAH","05:01","04:57","-4","0","0","0","0","0"
"F9","04/18/2024","3266","N395FR","PHL","00:01","23:59","-2","0","0","0","0","0"
"F9","04/18/2024","3286","N308FR","CVG","16:38","16:35","-3","0","0","21","0","0"
"F9","04/18/2024","3294","N304FR","ATL","00:53","01:03","10","10","0","21","0","0"
"F9","04/18/2024","3302","","STL","07:10","00:00","0","0","0","0","0","0"
"F9","04/18/2024","3312","N701FR","MCO","07:07","07:33","26","0","0","0","0","0"
"F9","04/18/2024","3405","N307FR","SEA","19:10","19:13","3","0","0","0","0","0"
"F9","04/18/2024","3435","N626FR","SFO","22:04","23:58","114","0","0","17","0","114"
"F9","04/18/2024","3467","N353FR","PHX","22:59","00:11","72","10","0","16","0","62"
"F9","04/18/2024","3566","N624FR","DTW","07:00","07:03","3","0","0","0","0","0"
"F9","04/18/2024","3861","N626FR","SLC","05:30","05:23","-7","0","0","0","0","0"
"F9","04/18/2024","3981","N232FR","SLC","11:31","11:29","-2","0","0","19","0","0"
"F9","04/18/2024","3982","N232FR","DCA","16:35","16:30","-5","0","0","0","0","0"
"F9","04/18/2024","4070","N714FR","DFW","20:41","20:45","4","0","0","0","0","0"
"F9","04/18/2024","4135","N335FR","LAS","17:07","17:11","4","0","0","0","0","0"
"F9","04/18/2024","4344","N721FR","XNA","07:05","06:59","-6","0","0","0","0","0"
"F9","04/18/2024","4374","N639FR","PIT","07:25","07:21","-4","0","0","0","0","0"
"F9","04/18/2024","4414","N638FR","MCO","11:45","11:45","0","0","0","33","0","0"
"F9","04/18/2024","4420","N639FR","MSY","16:00","15:59","-1","0","0","0","0","0"
"F9","04/18/2024","4450","N609FR","PNS","17:37","17:34","-3","0","0","0","0","0"
"F9","04/18/2024","4561","N347FR","SNA","18:17","19:03","46","2","0","0","0","41"
"F9","04/18/2024","4576","N605FR","CMH","15:56","15:51","-5","0","0","0","0","0"
"F9","04/18/2024","4611","N721FR","LAS","20:25","20:29","4","0","0","0","0","0"
"F9","04/18/2024","4626","N307FR","MEM","12:24","12:19","-5","0","0","0","0","0"
"F9","04/18/2024","4712","N365FR","TPA","18:04","19:00","56","45","0","0","0","6"
"F9","04/18/2024","4776","N635FR","LIT","12:17","12:15","-2","0","0","20","0","0"
"F9","04/18/2024","4794","N625FR","FAR","11:30","11:25","-5","0","0","0","0","0"
"F9","04/18/2024","4856","N380FR","IAH","18:39","19:41","62","17","0","0","0","41"
"F9","04/18/2024","4927","N230FR","SAN","10:05","10:04","-1","0","0","16","0","0"
"F9","04/18/2024","4967","N332FR","LAS","22:59","23:07","8","0","0","0","0","0"
"F9","04/18/2024","4989","N312FR","SAN","19:53","19:57","4","4","0","21","0","0"
"F9","04/19/2024","0006","N309FR","STL","06:41","06:35","-6","0","0","0","0","0"
"F9","04/19/2024","0066","N364FR","MIA","00:07","00:17","10","0","0","0","0","0"
"F9","04/19/2024","0094","N625FR","MCI","06:31","06:26","-5","0","0","0","0","0"
"F9","04/19/2024","0686","N230FR","DCA","06:39","06:35","-4","0","0","0","0","0"
"F9","04/19/2024","0688","N307FR","DCA","12:39","12:36","-3","0","0","0","0","0"
"F9","04/19/2024","0689","N307FR","SFO","22:04","22:04","0","0","0","26","0","0"
"F9","04/19/2024","1063","N626FR","SMF","08:40","08:35","-5","0","0","0","0","0"
"F9","04/19/2024","1064","N603FR","MSN","16:59","16:52","-7","0","0","0","0","0"
"F9","04/19/2024","1093","N721FR","SFO","17:59","19:00","61","0","0","79","0","0"
"F9","04/19/2024","1114","N365FR","TPA","09:15","09:09","-6","0","0","0","0","0"
"F9","04/19/2024","1127","N378FR","SAN","12:04","11:58","-6","0","0","0","0","0"
"F9","04/19/2024","1128","N378FR","OMA","06:41","06:39","-2","0","0","0","0","0"
"F9","04/19/2024","1150","N635FR","MSP","05:40","05:40","0","0","0","0","0","0"
"F9","04/19/2024","1162","N235FR","HOU","11:29","11:25","-4","0","0","0","0","0"
"F9","04/19/2024","1248","N720FR","GRR","14:15","14:27","12","0","0","0","0","0"
"F9","04/19/2024","1261","N354FR","ONT","05:01","04:52","-9","0","0","0","0","0"
"F9","04/19/2024","1291","N304FR","SNA","18:36","18:36","0","0","0","0","0","0"
"F9","04/19/2024","1324","N721FR","DFW","05:01","04:57","-4","0","0","15","0","0"
"F9","04/19/2024","1362","N380FR","CLT","07:05","06:59","-6","0","0","0","0","0"
"F9","04/19/2024","1402","N626FR","BNA","15:59","16:03","4","0","0","0","0","0"
"F9","04/19/2024","1450","N605FR","ATL","06:31","06:27","-4","0","0","0","0","0"
"F9","04/19/2024","1499","N351FR","ONT","22:35","22:32","-3","0","0","0","0","0"
"F9","04/19/2024","1607","N635FR","SEA","19:25","19:51","26","0","4","77","0","22"
"F9","04/19/2024","1608","N635FR","MKE","12:10","11:59","-11","0","0","0","0","0"
"F9","04/19/2024","1702","N230FR","SYR","15:50","15:38","-12","0","0","0","0","0"
"F9","04/19/2024","1734","N386FR","MCO","00:21","01:29","68","45","0","0","0","20"
"F9","04/19/2024","1816","N235FR","AUS","05:06","05:06","0","0","0","0","0","0"
"F9","04/19/2024","1819","N353FR","PHX","09:39","09:33","-6","0","0","0","0","0"
"F9","04/19/2024","1993","N304FR","LAS","06:41","06:57","16","0","0","0","0","0"
"F9","04/19/2024","2015","N352FR","LAS","09:55","09:47","-8","0","0","0","0","0"
"F9","04/19/2024","2105","N720FR","PHX","20:50","23:30","160","60","0","35","0","100"
"F9","04/19/2024","2108","N639FR","FSD","13:23","13:15","-8","0","0","0","0","0"
"F9","04/19/2024","2141","N624FR","PHX","12:17","12:15","-2","0","0","0","0","0"
"F9","04/19/2024","2148","N388FR","DFW","07:59","07:54","-5","0","0","0","0","0"
"F9","04/19/2024","2210","N366FR","MDW","08:11","08:10","-1","0","0","0","0","0"
"F9","04/19/2024","2261","N233FR","ELP","17:12","17:06","-6","0","0","0","0","0"
"F9","04/19/2024","2341","N318FR","LAX","19:03","09:34","871","864","0","0","0","0"
"F9","04/19/2024","2348","N605FR","IND","15:46","15:36","-10","0","0","0","0","0"
"F9","04/19/2024","2349","N708FR","LAS","12:31","12:58","27","2","0","6","0","25"
"F9","04/19/2024","2350","N304FR","MSP","12:34","12:58","24","0","0","0","0","0"
"F9","04/19/2024","2358","N639FR","SAT","18:47","19:21","34","0","0","36","0","34"
"F9","04/19/2024","2359","N702FR","SEA","14:54","14:45","-9","0","0","0","0","0"
"F9","04/19/2024","2360","N702FR","MSY","07:00","06:55","-5","0","0","0","0","0"
"F9","04/19/2024","2374","N639FR","TYS","05:11","05:07","-4","0","0","0","0","0"
"F9","04/19/2024","2429","N305FR","LAS","14:59","14:50","-9","0","0","0","0","0"
"F9","04/19/2024","2438","N638FR","RDU","15:16","15:52","36","0","0","0","0","0"
"F9","04/19/2024","2454","N620FR","PNS","13:33","13:45","12","0","0","0","0","0"
"F9","04/19/2024","2550","N721FR","DFW","11:29","11:31","2","0","0","0","0","0"
"F9","04/19/2024","2687","N629FR","PDX","22:09","22:05","-4","0","0","32","0","0"
"F9","04/19/2024","2706","N638FR","BWI","06:00","05:58","-2","0","0","0","0","0"
"F9","04/19/2024","2752","N720FR","BUF","05:01","04:58","-3","0","0","0","0","0"
"F9","04/19/2024","2816","N609FR","OKC","13:14","13:50","36","28","0","0","0","0"
"F9","04/19/2024","2817","N611FR","SAN","06:35","06:35","0","0","0","0","0","0"
"F9","04/19/2024","2818","N611FR","DSM","13:33","13:28","-5","0","0","0","0","0"
"F9","04/19/2024","3172","N712FR","ORD","21:27","21:26","-1","0","0","0","0","0"
"F9","04/19/2024","3230","N307FR","IAH","05:15","05:10","-5","0","0","23","0","0"
"F9","04/19/2024","3266","N377FR","PHL","00:11","00:30","19","0","0","0","0","0"
"F9","04/19/2024","3286","N609FR","CVG","05:11","05:04","-7","0","0","0","0","0"
"F9","04/19/2024","3290","N609FR","MSP","18:59","19:45","46","0","4","42","0","42"
"F9","04/19/2024","3294","N347FR","ATL","00:59","01:53","54","1","0","0","0","32"
"F9","04/19/2024","3312","N604FR","MCO","06:41","06:39","-2","0","0","0","0","0"
"F9","04/19/2024","3467","N353FR","PHX","22:59","23:26","27","6","0","2","0","21"
"F9","04/19/2024","3566","N620FR","DTW","05:06","05:49","43","0","0","0","0","17"
"F9","04/19/2024","3861","N349FR","SLC","05:30","05:28","-2","0","0","0","0","0"
"F9","04/19/2024","3981","N354FR","SLC","11:35","11:30","-5","0","0","0","0","0"
"F9","04/19/2024","3982","N354FR","DCA","16:35","17:05","30","0","0","27","0","0"
"F9","04/19/2024","4070","N641FR","DFW","20:41","20:31","-10","0","0","40","0","0"
"F9","04/19/2024","4135","N389FR","LAS","17:37","17:29","-8","0","0","0","0","0"
"F9","04/19/2024","4251","N378FR","SLC","18:48","18:40","-8","0","0","0","0","0"
"F9","04/19/2024","4385","N349FR","LAS","19:50","20:00","10","8","0","77","0","2"
"F9","04/19/2024","4386","N349FR","CID","13:53","13:50","-3","0","0","0","0","0"
"F9","04/19/2024","4714","N232FR","TPA","15:42","15:40","-2","0","0","0","0","0"
"F9","04/19/2024","4794","N232FR","FAR","10:05","09:54","-11","0","0","0","0","0"
"F9","04/19/2024","4856","N235FR","IAH","18:39","18:30","-9","0","0","0","0","0"
"F9","04/19/2024","4967","N384FR","LAS","22:59","23:48","49","18","0","7","0","31"
"F9","04/19/2024","4989","N715FR","SAN","18:02","17:58","-4","0","0","0","0","0"
"F9","04/20/2024","0006","N232FR","STL","06:41","07:03","22","22","0","62","0","0"
"F9","04/20/2024","0686","N307FR","DCA","06:39","06:48","9","0","0","0","0","0"
"F9","04/20/2024","1114","N304FR","TPA","09:15","09:18","3","3","0","17","0","0"
"F9","04/20/2024","1128","N349FR","OMA","06:01","07:18","77","77","0","41","0","0"
"F9","04/20/2024","1150","N639FR","MSP","05:11","05:02","-9","0","0","0","0","0"
"F9","04/20/2024","1229","N635FR","SFO","18:13","18:25","12","0","0","36","0","12"
"F9","04/20/2024","1248","N609FR","GRR","05:20","05:17","-3","0","0","16","0","0"
"F9","04/20/2024","1261","N702FR","ONT","05:01","05:28","27","0","27","28","0","0"
"F9","04/20/2024","1324","N605FR","DFW","05:01","07:30","149","0","149","159","0","0"
"F9","04/20/2024","1362","N629FR","CLT","06:54","08:47","113","112","0","0","0","0"
"F9","04/20/2024","1402","N715FR","BNA","16:59","17:46","47","0","0","0","0","37"
"F9","04/20/2024","1450","N715FR","ATL","06:31","07:41","70","70","0","81","0","0"
"F9","04/20/2024","1499","N389FR","ONT","22:35","22:32","-3","0","0","0","0","0"
"F9","04/20/2024","1559","N391FR","SLC","19:20","19:42","22","0","0","12","0","22"
"F9","04/20/2024","1560","N391FR","MSN","12:57","13:31","34","0","0","0","0","0"
"F9","04/20/2024","1592","N354FR","MDW","17:14","17:09","-5","0","0","0","0","0"
"F9","04/20/2024","1678","N639FR","DSM","11:41","13:33","112","82","0","0","0","16"
"F9","04/20/2024","1702","","SYR","15:42","00:00","0","0","0","0","0","0"
"F9","04/20/2024","1734","N374FR","MCO","00:21","00:45","24","0","2","0","0","13"
"F9","04/20/2024","1816","N364FR","AUS","05:06","05:12","6","0","6","39","0","0"
"F9","04/20/2024","1819","N353FR","PHX","09:39","09:36","-3","0","0","0","0","0"
"F9","04/20/2024","1864","N603FR","OKC","13:41","14:51","70","0","0","0","0","53"
"F9","04/20/2024","1918","","CLE","09:25","00:00","0","0","0","0","0","0"
"F9","04/20/2024","1993","N635FR","LAS","06:00","06:14","14","14","0","42","0","0"
"F9","04/20/2024","2015","N621FR","LAS","10:05","10:04","-1","0","0","0","0","0"
"F9","04/20/2024","2105","N312FR","PHX","21:16","23:33","137","63","0","6","0","74"
"F9","04/20/2024","2108","N638FR","FSD","12:16","12:46","30","1","0","0","0","16"
"F9","04/20/2024","2147","N721FR","SEA","11:51","16:15","264","0","0","13","0","264"
"F9","04/20/2024","2148","N349FR","DFW","07:59","15:39","460","0","96","4","0","364"
"F9","04/20/2024","2159","N702FR","MSP","11:29","14:02","153","58","0","0","0","85"
"F9","04/20/2024","2210","N384FR","MDW","13:11","14:07","56","56","0","24","0","0"
"F9","04/20/2024","2261","N635FR","ELP","12:13","12:56","43","0","0","0","0","36"
"F9","04/20/2024","2341","N318FR","LAX","19:03","19:09","6","0","0","0","0","0"
"F9","04/20/2024","2348","N307FR","IND","15:50","15:53","3","0","0","0","0","0"
"F9","04/20/2024","2349","N230FR","LAS","12:31","13:12","41","16","0","7","0","25"
"F9","04/20/2024","2356","N230FR","SAT","05:06","05:38","32","32","0","48","0","0"
"F9","04/20/2024","2374","N603FR","TYS","05:11","06:58","107","107","0","17","0","0"
"F9","04/20/2024","2429","N374FR","LAS","14:59","14:54","-5","0","0","0","0","0"
"F9","04/20/2024","2438","N711FR","RDU","15:16","16:19","63","63","0","19","0","0"
"F9","04/20/2024","2454","N639FR","PNS","17:37","18:53","76","0","0","0","0","70"
"F9","04/20/2024","2550","","DFW","11:04","00:00","0","0","0","0","0","0"
"F9","04/20/2024","2687","N603FR","PDX","22:09","22:10","1","0","0","0","0","0"
"F9","04/20/2024","2706","N721FR","BWI","06:31","06:34","3","0","0","0","0","0"
"F9","04/20/2024","2752","N609FR","BUF","13:05","13:54","49","0","0","0","0","38"
"F9","04/20/2024","2817","N620FR","SAN","07:00","08:02","62","0","62","17","0","0"
"F9","04/20/2024","3172","N712FR","ORD","21:27","22:46","79","9","0","0","0","68"
"F9","04/20/2024","3220","N378FR","MIA","00:13","00:30","17","0","17","12","0","0"
"F9","04/20/2024","3230","N351FR","IAH","05:15","05:32","17","7","10","26","0","0"
"F9","04/20/2024","3266","N326FR","PHL","00:11","00:20","9","0","0","0","0","0"
"F9","04/20/2024","3286","N611FR","CVG","06:31","06:51","20","0","20","22","0","0"
"F9","04/20/2024","3294","N303FR","ATL","00:54","01:08","14","13","0","6","0","1"
"F9","04/20/2024","3312","N624FR","MCO","06:41","08:20","99","0","99","44","0","0"
"F9","04/20/2024","3566","N235FR","DTW","05:01","07:59","178","172","0","0","0","0"
"F9","04/20/2024","3725","N606FR","SFO","22:04","22:02","-2","0","0","29","0","0"
"F9","04/20/2024","3861","N332FR","SLC","07:35","08:13","38","0","38","61","0","0"
"F9","04/20/2024","3862","N332FR","DCA","12:39","14:50","131","0","0","0","0","107"
"F9","04/20/2024","3981","N364FR","SLC","11:31","12:27","56","0","0","0","0","44"
"F9","04/20/2024","3982","N364FR","DCA","16:35","17:13","38","0","0","0","0","0"
"F9","04/20/2024","4070","N368FR","DFW","18:50","20:27","97","6","0","14","0","91"
"F9","04/20/2024","4344","N620FR","XNA","14:01","15:10","69","0","0","0","0","68"
"F9","04/20/2024","4385","N351FR","SNA","18:04","18:30","26","0","0","4","0","26"
"F9","04/20/2024","4386","N351FR","CID","12:11","12:58","47","0","0","0","0","31"
"F9","04/20/2024","4611","N620FR","LAS","20:02","20:43","41","0","0","4","0","41"
"F9","04/20/2024","4637","N624FR","SMF","18:18","19:32","74","28","0","0","0","36"
"F9","04/20/2024","4647","N702FR","SEA","17:56","21:13","197","56","0","3","0","141"
"F9","04/20/2024","4714","N610FR","TPA","16:16","17:19","63","63","0","21","0","0"
"F9","04/20/2024","4794","N354FR","FAR","10:05","10:01","-4","0","0","0","0","0"
"F9","04/20/2024","4858","N638FR","IAH","18:00","18:14","14","14","0","26","0","0"
"F9","04/20/2024","4927","N368FR","SAN","11:49","13:36","107","99","0","0","0","0"
"F9","04/20/2024","4965","N235FR","LAS","22:52","00:19","87","86","0","0","0","0"
"F9","04/20/2024","4989","N720FR","SAN","18:44","19:36","52","0","0","10","0","52"
"F9","04/21/2024","0066","N332FR","MIA","00:10","00:27","17","17","0","1","0","0"
"F9","04/21/2024","0094","N620FR","MCI","06:41","06:39","-2","0","0","16","0","0"
"F9","04/21/2024","0685","N364FR","SLC","10:05","10:10","5","0","0","0","0","0"
"F9","04/21/2024","0686","N391FR","DCA","06:39","06:37","-2","0","0","0","0","0"
"F9","04/21/2024","0688","","DCA","12:45","00:00","0","0","0","0","0","0"
"F9","04/21/2024","0689","N364FR","SFO","22:04","22:59","55","8","0","0","0","34"
"F9","04/21/2024","0690","N230FR","DCA","16:35","16:33","-2","0","0","0","0","0"
"F9","04/21/2024","1066","N380FR","GRB","17:32","18:22","50","0","0","0","0","40"
"F9","04/21/2024","1093","N624FR","SFO","18:07","18:12","5","0","0","0","0","0"
"F9","04/21/2024","1114","N605FR","TPA","06:41","06:46","5","0","0","0","0","0"
"F9","04/21/2024","1150","N230FR","MSP","05:01","05:00","-1","0","0","17","0","0"
"F9","04/21/2024","1162","N354FR","HOU","11:57","13:50","113","0","0","0","0","86"
"F9","04/21/2024","1261","N721FR","ONT","05:06","11:51","405","384","0","0","0","0"
"F9","04/21/2024","1294","N702FR","MSP","18:52","18:48","-4","0","0","0","0","0"
"F9","04/21/2024","1324","N370FR","DFW","05:01","04:57","-4","0","0","0","0","0"
"F9","04/21/2024","1362","N609FR","CLT","06:54","06:53","-1","0","0","0","0","0"
"F9","04/21/2024","1375","N624FR","PHX","05:11","05:05","-6","0","0","0","0","0"
"F9","04/21/2024","1402","N603FR","BNA","09:25","19:53","628","7","0","0","0","615"
"F9","04/21/2024","1499","N609FR","ONT","22:35","23:28","53","12","0","0","0","30"
"F9","04/21/2024","1734","N307FR","MCO","00:21","00:49","28","0","0","0","0","0"
"F9","04/21/2024","1789","N635FR","PDX","11:56","13:09","73","0","0","0","0","51"
"F9","04/21/2024","1816","N638FR","AUS","06:50","06:53","3","0","0","0","0","0"
"F9","04/21/2024","1819","N348FR","PHX","08:54","08:57","3","0","0","0","0","0"
"F9","04/21/2024","1864","N230FR","OKC","11:10","11:19","9","0","0","0","0","0"
"F9","04/21/2024","1918","N389FR","CLE","05:15","05:27","12","0","0","0","0","0"
"F9","04/21/2024","1993","N639FR","LAS","06:00","05:58","-2","0","0","0","0","0"
"F9","04/21/2024","2015","N708FR","LAS","09:14","09:52","38","20","0","0","0","0"
"F9","04/21/2024","2105","N723FR","PHX","20:59","21:42","43","0","0","0","0","30"
"F9","04/21/2024","2148","N375FR","DFW","08:14","22:42","868","0","0","0","0","848"
"F9","04/21/2024","2210","N324FR","MDW","05:06","04:55","-11","0","0","0","0","0"
"F9","04/21/2024","2261","N323FR","ELP","17:12","17:05","-7","0","0","0","0","0"
"F9","04/21/2024","2341","","LAX","19:03","00:00","0","0","0","0","0","0"
"F9","04/21/2024","2346","N639FR","IND","12:19","14:20","121","10","0","0","0","101"
"F9","04/21/2024","2349","N363FR","LAS","12:31","12:32","1","0","0","0","0","0"
"F9","04/21/2024","2382","N605FR","ORF","16:34","16:41","7","0","0","0","0","0"
"F9","04/21/2024","2429","","LAS","15:02","00:00","0","0","0","0","0","0"
"F9","04/21/2024","2438","N629FR","RDU","15:21","15:17","-4","0","0","0","0","0"
"F9","04/21/2024","2550","N612FR","DFW","16:42","16:54","12","0","0","0","0","0"
"F9","04/21/2024","2687","N639FR","PDX","22:09","22:29","20","19","0","0","0","0"
"F9","04/21/2024","2817","N635FR","SAN","06:00","05:54","-6","0","0","0","0","0"
"F9","04/21/2024","2818","N370FR","MSN","12:38","12:58","20","15","0","0","0","0"
"F9","04/21/2024","2946","N370FR","MDW","18:10","19:26","76","1","0","0","0","65"
"F9","04/21/2024","3040","N715FR","IAH","14:46","14:57","11","0","0","0","0","0"
"F9","04/21/2024","3172","N625FR","ORD","21:27","21:36","9","0","0","0","0","0"
"F9","04/21/2024","3230","N368FR","IAH","05:01","04:56","-5","0","0","0","0","0"
"F9","04/21/2024","3266","N309FR","PHL","00:11","01:03","52","44","0","0","0","0"
"F9","04/21/2024","3286","N387FR","CVG","17:24","17:21","-3","0","0","0","0","0"
"F9","04/21/2024","3294","N329FR","ATL","00:38","01:53","75","11","0","0","0","52"
"F9","04/21/2024","3302","N624FR","STL","11:20","11:13","-7","0","0","0","0","0"
"F9","04/21/2024","3312","N610FR","MCO","06:30","06:29","-1","0","0","0","0","0"
"F9","04/21/2024","3467","N335FR","PHX","22:59","01:31","152","127","0","0","0","0"
"F9","04/21/2024","3566","N715FR","DTW","06:31","06:29","-2","0","0","26","0","0"
"F9","04/21/2024","3861","N354FR","SLC","06:00","06:06","6","0","0","0","0","0"
"F9","04/21/2024","3982","N368FR","MSY","15:00","17:05","125","125","0","2","0","0"
"F9","04/21/2024","4076","N363FR","DFW","19:01","19:39","38","14","0","0","0","24"
"F9","04/21/2024","4135","N374FR","LAS","17:07","17:40","33","0","0","0","0","26"
"F9","04/21/2024","4251","","SLC","12:11","00:00","0","0","0","0","0","0"
"F9","04/21/2024","4344","N324FR","XNA","12:33","12:25","-8","0","0","0","0","0"
"F9","04/21/2024","4374","N629FR","PIT","06:40","06:36","-4","0","0","0","0","0"
"F9","04/21/2024","4386","N638FR","CID","13:34","13:34","0","0","0","0","0","0"
"F9","04/21/2024","4414","N606FR","MCO","16:06","16:19","13","0","0","0","0","0"
"F9","04/21/2024","4450","N364FR","PNS","14:04","15:04","60","0","0","0","0","41"
"F9","04/21/2024","4561","N324FR","SNA","18:14","18:02","-12","0","0","0","0","0"
"F9","04/21/2024","4576","N391FR","CMH","15:50","15:46","-4","0","0","0","0","0"
"F9","04/21/2024","4626","N702FR","MEM","05:06","05:15","9","0","0","0","0","0"
"F9","04/21/2024","4635","N610FR","PHX","17:12","17:08","-4","0","0","0","0","0"
"F9","04/21/2024","4649","N635FR","SEA","19:31","20:04","33","0","0","40","0","33"
"F9","04/21/2024","4712","N385FR","TPA","18:24","19:45","81","0","0","0","0","70"
"F9","04/21/2024","4776","N702FR","LIT","12:16","12:18","2","0","0","0","0","0"
"F9","04/21/2024","4794","","FAR","07:07","00:00","0","0","0","0","0","0"
"F9","04/21/2024","4856","N721FR","IAH","17:43","18:03","20","0","0","0","0","0"
"F9","04/21/2024","4927","N380FR","SAN","11:16","11:10","-6","0","0","0","0","0"
"F9","04/21/2024","4967","N715FR","LAS","22:59","23:16","17","0","0","0","0","0"
"F9","04/21/2024","4971","N638FR","LAS","20:03","20:00","-3","0","0","0","0","0"
"F9","04/21/2024","4989","N716FR","SAN","19:43","19:40","-3","0","0","0","0","0"
"F9","04/22/2024","0006","N364FR","STL","06:41","07:02","21","19","0","0","0","0"
"F9","04/22/2024","0066","N391FR","MIA","00:07","00:25","18","0","0","0","0","0"
"F9","04/22/2024","0686","N318FR","DCA","06:39","06:35","-4","0","0","0","0","0"
"F9","04/22/2024","0688","N378FR","DCA","12:39","12:47","8","0","0","0","0","0"
"F9","04/22/2024","1089","N605FR","SFO","18:27","18:19","-8","0","0","0","0","0"
"F9","04/22/2024","1114","N230FR","TPA","09:15","09:53","38","0","0","0","0","31"
"F9","04/22/2024","1128","N605FR","OMA","06:36","06:29","-7","0","0","0","0","0"
"F9","04/22/2024","1150","N378FR","MSP","06:31","06:37","6","0","0","0","0","0"
"F9","04/22/2024","1162","N368FR","HOU","11:41","11:26","-15","0","0","0","0","0"
"F9","04/22/2024","1175","N639FR","SEA","05:11","05:46","35","4","0","1","0","31"
"F9","04/22/2024","1261","N368FR","ONT","05:01","04:57","-4","0","0","0","0","0"
"F9","04/22/2024","1292","N639FR","MSP","13:12","14:03","51","0","0","0","0","31"
"F9","04/22/2024","1324","N603FR","DFW","05:01","04:55","-6","0","0","0","0","0"
"F9","04/22/2024","1362","N324FR","CLT","06:54","06:54","0","0","0","0","0","0"
"F9","04/22/2024","1402","N711FR","BNA","05:06","05:03","-3","0","0","0","0","0"
"F9","04/22/2024","1450","N635FR","ATL","06:31","06:34","3","0","0","0","0","0"
"F9","04/22/2024","1499","N351FR","ONT","22:35","22:33","-2","0","0","0","0","0"
"F9","04/22/2024","1560","N629FR","MSN","12:16","12:17","1","0","0","0","0","0"
"F9","04/22/2024","1608","N606FR","MKE","05:01","05:00","-1","0","0","0","0","0"
"F9","04/22/2024","1677","N308FR","SNA","18:07","18:03","-4","0","0","0","0","0"
"F9","04/22/2024","1702","N638FR","SYR","15:35","15:27","-8","0","0","0","0","0"
"F9","04/22/2024","1734","N348FR","MCO","00:21","00:50","29","0","0","0","0","0"
"F9","04/22/2024","1816","N373FR","AUS","05:06","04:58","-8","0","0","0","0","0"
"F9","04/22/2024","1819","N307FR","PHX","09:39","09:40","1","0","0","0","0","0"
"F9","04/22/2024","1820","N609FR","GRR","14:33","15:26","53","0","0","0","0","37"
"F9","04/22/2024","1864","N605FR","OKC","12:06","11:59","-7","0","0","0","0","0"
"F9","04/22/2024","1993","N370FR","LAS","06:41","07:03","22","0","0","0","0","0"
"F9","04/22/2024","2015","N374FR","LAS","09:55","10:00","5","0","0","0","0","0"
"F9","04/22/2024","2103","N716FR","PHX","20:37","21:04","27","0","0","0","0","0"
"F9","04/22/2024","2108","N702FR","FSD","13:17","13:24","7","0","0","0","0","0"
"F9","04/22/2024","2141","N606FR","PHX","12:17","12:13","-4","0","0","0","0","0"
"F9","04/22/2024","2148","N363FR","DFW","07:19","07:41","22","0","0","0","0","0"
"F9","04/22/2024","2210","N326FR","MDW","08:11","08:46","35","0","0","0","0","20"
"F9","04/22/2024","2261","N348FR","ELP","17:12","17:37","25","0","0","0","0","0"
"F9","04/22/2024","2341","N368FR","LAX","19:03","19:03","0","0","0","0","0","0"
"F9","04/22/2024","2349","N354FR","LAS","12:31","12:32","1","0","0","0","0","0"
"F9","04/22/2024","2350","N308FR","DSM","12:34","12:43","9","0","0","0","0","0"
"F9","04/22/2024","2356","N330FR","SAT","07:30","07:37","7","0","0","0","0","0"
"F9","04/22/2024","2374","N721FR","TYS","05:06","05:03","-3","0","0","0","0","0"
"F9","04/22/2024","2429","N229FR","LAS","14:59","16:26","87","0","0","0","0","70"
"F9","04/22/2024","2438","N635FR","RDU","15:16","15:15","-1","0","0","0","0","0"
"F9","04/22/2024","2454","N610FR","PNS","16:16","16:09","-7","0","0","0","0","0"
"F9","04/22/2024","2550","N721FR","DFW","13:18","13:23","5","0","0","0","0","0"
"F9","04/22/2024","2687","N711FR","PDX","22:09","22:23","14","0","0","0","0","0"
"F9","04/22/2024","2706","N610FR","BWI","06:31","06:26","-5","0","0","0","0","0"
"F9","04/22/2024","2752","N711FR","BUF","12:55","12:46","-9","0","0","0","0","0"
"F9","04/22/2024","2817","N720FR","SAN","06:50","06:49","-1","0","0","15","0","0"
"F9","04/22/2024","3090","N367FR","IND","16:33","16:58","25","0","0","0","0","0"
"F9","04/22/2024","3172","N712FR","ORD","21:27","21:58","31","8","0","0","0","7"
"F9","04/22/2024","3230","N638FR","IAH","08:25","08:17","-8","0","0","0","0","0"
"F9","04/22/2024","3266","N377FR","PHL","00:01","23:52","-9","0","0","0","0","0"
"F9","04/22/2024","3286","N624FR","CVG","06:31","06:38","7","0","0","0","0","0"
"F9","04/22/2024","3290","N702FR","MSP","18:57","19:00","3","0","0","0","0","0"
"F9","04/22/2024","3294","N380FR","ATL","00:50","01:32","42","38","0","0","0","0"
"F9","04/22/2024","3312","N367FR","MCO","06:31","06:45","14","0","0","0","0","0"
"F9","04/22/2024","3435","N720FR","SFO","22:04","22:46","42","0","0","58","0","0"
"F9","04/22/2024","3467","N324FR","PHX","22:59","00:51","112","100","0","0","0","0"
"F9","04/22/2024","3566","N702FR","DTW","05:01","04:57","-4","0","0","0","0","0"
"F9","04/22/2024","3665","N603FR","SMF","18:38","18:45","7","0","0","0","0","0"
"F9","04/22/2024","3861","N609FR","SLC","06:00","06:44","44","32","0","0","0","0"
"F9","04/22/2024","3981","N373FR","SLC","11:35","11:25","-10","0","0","0","0","0"
"F9","04/22/2024","3982","N373FR","DCA","16:35","16:26","-9","0","0","0","0","0"
"F9","04/22/2024","4070","N318FR","DFW","15:50","15:45","-5","0","0","0","0","0"
"F9","04/22/2024","4135","N235FR","LAS","17:52","17:50","-2","0","0","0","0","0"
"F9","04/22/2024","4251","N330FR","SLC","19:50","20:01","11","0","0","0","0","0"
"F9","04/22/2024","4386","N330FR","CID","13:53","14:00","7","0","0","0","0","0"
"F9","04/22/2024","4611","N629FR","LAS","19:52","19:46","-6","0","0","0","0","0"
"F9","04/22/2024","4647","N720FR","SEA","13:51","13:49","-2","0","0","0","0","0"
"F9","04/22/2024","4714","N705FR","TPA","15:42","17:03","81","0","0","18","0","81"
"F9","04/22/2024","4794","N705FR","FAR","10:05","09:55","-10","0","0","0","0","0"
"F9","04/22/2024","4856","N354FR","IAH","18:40","19:00","20","0","0","0","0","0"
"F9","04/22/2024","4927","N603FR","SAN","11:29","11:27","-2","0","0","0","0","0"
"F9","04/22/2024","4967","N238FR","LAS","22:56","23:34","38","0","0","0","0","22"
"F9","04/22/2024","4989","N723FR","SAN","18:05","18:04","-1","0","0","0","0","0"
"F9","04/23/2024","0066","N318FR","MIA","00:10","00:01","-9","0","0","0","0","0"
"F9","04/23/2024","0094","N605FR","MCI","06:31","06:24","-7","0","0","0","0","0"
"F9","04/23/2024","0686","N721FR","DCA","06:39","11:24","285","281","0","0","0","0"
"F9","04/23/2024","0690","N626FR","DCA","16:35","16:28","-7","0","0","0","0","0"
"F9","04/23/2024","1066","N720FR","GRB","16:49","16:45","-4","0","0","0","0","0"
"F9","04/23/2024","1093","N711FR","SFO","16:10","17:08","58","0","0","105","0","0"
"F9","04/23/2024","1114","N233FR","TPA","09:15","09:07","-8","0","0","0","0","0"
"F9","04/23/2024","1150","N638FR","MSP","05:11","05:22","11","0","0","0","0","0"
"F9","04/23/2024","1162","N381FR","HOU","11:36","11:31","-5","0","0","0","0","0"
"F9","04/23/2024","1261","N381FR","ONT","05:01","05:04","3","0","0","0","0","0"
"F9","04/23/2024","1292","N702FR","MSP","11:29","11:20","-9","0","0","0","0","0"
"F9","04/23/2024","1324","N702FR","DFW","05:01","04:59","-2","0","0","0","0","0"
"F9","04/23/2024","1362","N606FR","CLT","06:54","06:51","-3","0","0","0","0","0"
"F9","04/23/2024","1402","N625FR","BNA","13:00","12:59","-1","0","0","0","0","0"
"F9","04/23/2024","1499","N606FR","ONT","22:35","22:30","-5","0","0","0","0","0"
"F9","04/23/2024","1734","N378FR","MCO","00:21","00:55","34","0","0","0","0","0"
"F9","04/23/2024","1815","N638FR","SEA","18:25","18:34","9","0","0","0","0","0"
"F9","04/23/2024","1816","N638FR","AUS","11:41","11:42","1","0","0","0","0","0"
"F9","04/23/2024","1819","N390FR","PHX","09:39","11:02","83","72","0","0","0","0"
"F9","04/23/2024","1918","N367FR","CLE","05:15","05:06","-9","0","0","0","0","0"
"F9","04/23/2024","1993","N322FR","LAS","06:40","06:35","-5","0","0","0","0","0"
"F9","04/23/2024","2015","N373FR","LAS","09:55","09:51","-4","0","0","0","0","0"
"F9","04/23/2024","2105","N324FR","PHX","14:24","14:15","-9","0","0","0","0","0"
"F9","04/23/2024","2210","N346FR","MDW","08:11","07:59","-12","0","0","0","0","0"
"F9","04/23/2024","2261","N360FR","ELP","17:09","17:06","-3","0","0","0","0","0"
"F9","04/23/2024","2341","N615FR","LAX","18:57","18:56","-1","0","0","0","0","0"
"F9","04/23/2024","2348","N603FR","IND","17:20","17:17","-3","0","0","0","0","0"
"F9","04/23/2024","2349","N238FR","LAS","12:31","12:30","-1","0","0","0","0","0"
"F9","04/23/2024","2360","N351FR","MSY","05:01","05:05","4","0","0","0","0","0"
"F9","04/23/2024","2382","N229FR","ORF","15:42","15:47","5","0","0","0","0","0"
"F9","04/23/2024","2429","N701FR","LAS","15:19","15:20","1","0","0","0","0","0"
"F9","04/23/2024","2438","N705FR","RDU","15:21","17:18","117","95","0","0","0","0"
"F9","04/23/2024","2454","N351FR","PNS","13:01","12:57","-4","0","0","0","0","0"
"F9","04/23/2024","2550","N629FR","DFW","10:50","10:49","-1","0","0","0","0","0"
"F9","04/23/2024","2632","N702FR","DFW","17:59","17:49","-10","0","0","0","0","0"
"F9","04/23/2024","2687","N620FR","PDX","22:09","22:04","-5","0","0","0","0","0"
"F9","04/23/2024","2817","N609FR","SAN","05:30","05:25","-5","0","0","0","0","0"
"F9","04/23/2024","2946","N381FR","MDW","18:38","18:31","-7","0","0","0","0","0"
"F9","04/23/2024","3172","N712FR","ORD","21:27","22:28","61","0","0","0","0","39"
"F9","04/23/2024","3230","N625FR","IAH","05:45","05:42","-3","0","0","0","0","0"
"F9","04/23/2024","3266","N344FR","PHL","00:11","00:47","36","0","0","0","0","31"
"F9","04/23/2024","3286","N373FR","CVG","16:38","16:48","10","0","0","0","0","0"
"F9","04/23/2024","3294","N339FR","ATL","00:53","01:02","9","0","0","0","0","0"
"F9","04/23/2024","3302","N635FR","STL","12:45","12:42","-3","0","0","0","0","0"
"F9","04/23/2024","3312","N720FR","MCO","06:31","06:45","14","0","0","0","0","0"
"F9","04/23/2024","3435","N721FR","SFO","22:04","22:05","1","0","0","0","0","0"
"F9","04/23/2024","3467","N322FR","PHX","22:59","22:56","-3","0","0","0","0","0"
"F9","04/23/2024","3566","N610FR","DTW","05:06","05:03","-3","0","0","0","0","0"
"F9","04/23/2024","3861","N354FR","SLC","07:35","08:04","29","29","0","4","0","0"
"F9","04/23/2024","3862","N354FR","DCA","12:39","12:35","-4","0","0","0","0","0"
"F9","04/23/2024","3981","N322FR","SLC","12:33","12:34","1","0","0","0","0","0"
"F9","04/23/2024","4135","N376FR","LAS","17:37","17:49","12","0","0","0","0","0"
"F9","04/23/2024","4251","N609FR","SLC","19:34","19:27","-7","0","0","0","0","0"
"F9","04/23/2024","4344","N610FR","XNA","13:30","13:26","-4","0","0","0","0","0"
"F9","04/23/2024","4374","N603FR","PIT","07:45","07:35","-10","0","0","0","0","0"
"F9","04/23/2024","4576","N343FR","CMH","15:50","15:52","2","0","0","0","0","0"
"F9","04/23/2024","4611","N610FR","LAS","19:33","19:25","-8","0","0","0","0","0"
"F9","04/23/2024","4626","N705FR","MEM","08:05","07:57","-8","0","0","0","0","0"
"F9","04/23/2024","4635","N635FR","PHX","19:25","19:17","-8","0","0","0","0","0"
"F9","04/23/2024","4776","N626FR","LIT","10:15","10:06","-9","0","0","0","0","0"
"F9","04/23/2024","4794","N229FR","FAR","10:05","09:56","-9","0","0","0","0","0"
"F9","04/23/2024","4927","N609FR","SAN","12:30","12:26","-4","0","0","0","0","0"
"F9","04/23/2024","4967","N625FR","LAS","22:54","22:53","-1","0","0","0","0","0"
"F9","04/23/2024","4989","N621FR","SAN","18:44","20:41","117","108","0","0","0","0"
"F9","04/24/2024","0006","N232FR","STL","06:41","06:31","-10","0","0","0","0","0"
"F9","04/24/2024","0066","N228FR","MIA","00:10","00:37","27","0","0","0","0","0"
"F9","04/24/2024","0686","N331FR","DCA","06:39","06:32","-7","0","0","0","0","0"
"F9","04/24/2024","1114","N308FR","TPA","09:15","09:12","-3","0","0","0","0","0"
"F9","04/24/2024","1128","N606FR","OMA","06:00","05:58","-2","0","0","0","0","0"
"F9","04/24/2024","1150","N715FR","MSP","05:11","05:06","-5","0","0","0","0","0"
"F9","04/24/2024","1162","N229FR","HOU","12:21","12:17","-4","0","0","0","0","0"
"F9","04/24/2024","1248","N705FR","GRR","12:30","12:27","-3","0","0","0","0","0"
"F9","04/24/2024","1261","N635FR","ONT","05:01","04:57","-4","0","0","0","0","0"
"F9","04/24/2024","1292","N603FR","MSP","11:56","11:54","-2","0","0","0","0","0"
"F9","04/24/2024","1324","N603FR","DFW","05:01","04:59","-2","0","0","0","0","0"
"F9","04/24/2024","1362","N344FR","CLT","06:54","06:49","-5","0","0","0","0","0"
"F9","04/24/2024","1402","N720FR","BNA","16:49","17:01","12","0","0","0","0","0"
"F9","04/24/2024","1450","N716FR","ATL","06:36","07:19","43","0","0","0","0","0"
"F9","04/24/2024","1483","N620FR","SFO","22:04","21:57","-7","0","0","0","0","0"
"F9","04/24/2024","1499","N344FR","ONT","22:35","22:30","-5","0","0","0","0","0"
"F9","04/24/2024","1500","N635FR","FSD","11:51","11:41","-10","0","0","0","0","0"
"F9","04/24/2024","1608","N609FR","MKE","07:30","07:26","-4","0","0","0","0","0"
"F9","04/24/2024","1678","N715FR","DSM","11:41","11:31","-10","0","0","0","0","0"
"F9","04/24/2024","1702","N638FR","SYR","13:52","13:45","-7","0","0","0","0","0"
"F9","04/24/2024","1734","N343FR","MCO","00:21","00:14","-7","0","0","0","0","0"
"F9","04/24/2024","1816","N351FR","AUS","05:01","05:13","12","0","0","0","0","0"
"F9","04/24/2024","1819","N393FR","PHX","09:39","09:30","-9","0","0","0","0","0"
"F9","04/24/2024","1864","N620FR","OKC","13:18","13:23","5","0","0","0","0","0"
"F9","04/24/2024","1993","N350FR","LAS","06:40","06:37","-3","0","0","0","0","0"
"F9","04/24/2024","2015","N305FR","LAS","09:55","09:51","-4","0","0","0","0","0"
"F9","04/24/2024","2105","N330FR","PHX","20:29","20:24","-5","0","0","18","0","0"
"F9","04/24/2024","2148","N354FR","DFW","07:59","08:24","25","0","0","0","0","0"
"F9","04/24/2024","2210","N356FR","MDW","08:11","08:05","-6","0","0","0","0","0"
"F9","04/24/2024","2261","N381FR","ELP","12:33","12:39","6","0","0","0","0","0"
"F9","04/24/2024","2341","N368FR","LAX","19:03","19:00","-3","0","0","0","0","0"
"F9","04/24/2024","2348","N635FR","IND","17:20","17:11","-9","0","0","0","0","0"
"F9","04/24/2024","2349","N365FR","LAS","12:31","12:32","1","0","0","0","0","0"
"F9","04/24/2024","2356","N702FR","SAT","08:05","08:01","-4","0","0","0","0","0"
"F9","04/24/2024","2374","N620FR","TYS","05:06","05:48","42","0","0","0","0","23"
"F9","04/24/2024","2429","N609FR","LAS","15:09","15:05","-4","0","0","0","0","0"
"F9","04/24/2024","2438","N716FR","RDU","15:21","15:36","15","0","0","0","0","0"
"F9","04/24/2024","2454","N614FR","PNS","14:54","15:17","23","15","0","0","0","0"
"F9","04/24/2024","2550","N606FR","DFW","11:23","12:02","39","6","0","0","0","22"
"F9","04/24/2024","2687","N624FR","PDX","22:09","22:18","9","0","0","0","0","0"
"F9","04/24/2024","2705","N711FR","SAN","15:45","15:42","-3","0","0","0","0","0"
"F9","04/24/2024","2706","N711FR","BWI","06:00","05:55","-5","0","0","0","0","0"
"F9","04/24/2024","2752","N360FR","BUF","15:46","15:37","-9","0","0","0","0","0"
"F9","04/24/2024","2817","N638FR","SAN","06:51","06:46","-5","0","0","0","0","0"
"F9","04/24/2024","3172","N712FR","ORD","21:27","21:25","-2","0","0","0","0","0"
"F9","04/24/2024","3230","N381FR","IAH","05:15","05:05","-10","0","0","0","0","0"
"F9","04/24/2024","3266","N309FR","PHL","00:11","00:07","-4","0","0","0","0","0"
"F9","04/24/2024","3286","N633FR","CVG","06:31","06:24","-7","0","0","0","0","0"
"F9","04/24/2024","3294","N301FR","ATL","00:53","00:50","-3","0","0","0","0","0"
"F9","04/24/2024","3312","N720FR","MCO","06:31","06:39","8","0","0","0","0","0"
"F9","04/24/2024","3405","N702FR","SEA","14:49","14:47","-2","0","0","0","0","0"
"F9","04/24/2024","3437","N715FR","SFO","17:37","18:22","45","0","0","48","0","0"
"F9","04/24/2024","3467","N393FR","PHX","22:59","23:36","37","0","0","0","0","31"
"F9","04/24/2024","3566","N230FR","DTW","05:06","04:59","-7","0","0","0","0","0"
"F9","04/24/2024","3861","N229FR","SLC","07:35","07:31","-4","0","0","0","0","0"
"F9","04/24/2024","3862","N235FR","DCA","12:39","12:42","3","0","0","0","0","0"
"F9","04/24/2024","3981","N351FR","SLC","11:35","11:30","-5","0","0","0","0","0"
"F9","04/24/2024","3982","N351FR","DCA","16:35","16:28","-7","0","0","0","0","0"
"F9","04/24/2024","4070","N603FR","DFW","18:43","18:38","-5","0","0","0","0","0"
"F9","04/24/2024","4135","N305FR","LAS","17:17","17:19","2","0","0","0","0","0"
"F9","04/24/2024","4251","N230FR","SLC","19:08","19:03","-5","0","0","0","0","0"
"F9","04/24/2024","4386","N230FR","CID","13:11","13:14","3","0","0","0","0","0"
"F9","04/24/2024","4561","N381FR","SNA","18:08","18:06","-2","0","0","0","0","0"
"F9","04/24/2024","4611","N229FR","LAS","20:08","20:00","-8","0","0","0","0","0"
"F9","04/24/2024","4714","N331FR","TPA","15:59","15:50","-9","0","0","0","0","0"
"F9","04/24/2024","4794","N360FR","FAR","10:05","09:55","-10","0","0","0","0","0"
"F9","04/24/2024","4967","N235FR","LAS","22:59","22:56","-3","0","0","18","0","0"
"F9","04/24/2024","4989","N709FR","SAN","18:44","18:37","-7","0","0","0","0","0"
"F9","04/25/2024","0066","N304FR","MIA","00:07","01:07","60","32","0","0","0","14"
"F9","04/25/2024","0094","N620FR","MCI","06:31","06:24","-7","0","0","0","0","0"
"F9","04/25/2024","0686","N307FR","DCA","06:39","06:33","-6","0","0","0","0","0"
"F9","04/25/2024","0688","N344FR","DCA","12:47","12:37","-10","0","0","0","0","0"
"F9","04/25/2024","1066","N716FR","GRB","12:11","11:58","-13","0","0","0","0","0"
"F9","04/25/2024","1093","N638FR","SFO","14:04","15:33","89","0","0","93","0","0"
"F9","04/25/2024","1114","N705FR","TPA","06:15","06:20","5","5","0","18","0","0"
"F9","04/25/2024","1150","N606FR","MSP","06:59","06:57","-2","0","0","0","0","0"
"F9","04/25/2024","1162","N230FR","HOU","11:20","11:07","-13","0","0","0","0","0"
"F9","04/25/2024","1261","N229FR","ONT","05:01","05:08","7","0","0","0","0","0"
"F9","04/25/2024","1292","N603FR","MSP","18:58","19:46","48","48","0","17","0","0"
"F9","04/25/2024","1324","N230FR","DFW","05:11","05:01","-10","0","0","0","0","0"
"F9","04/25/2024","1362","N713FR","CLT","06:54","06:55","1","0","0","0","0","0"
"F9","04/25/2024","1375","N718FR","PHX","11:03","11:06","3","0","0","0","0","0"
"F9","04/25/2024","1402","N720FR","BNA","15:56","16:46","50","0","0","48","0","0"
"F9","04/25/2024","1499","N711FR","ONT","22:32","22:21","-11","0","0","0","0","0"
"F9","04/25/2024","1560","N371FR","MSN","12:08","13:37","89","82","0","0","0","0"
"F9","04/25/2024","1734","N637FR","MCO","00:31","00:27","-4","0","0","0","0","0"
"F9","04/25/2024","1789","N344FR","PDX","05:25","05:19","-6","0","0","0","0","0"
"F9","04/25/2024","1816","N228FR","AUS","06:00","05:56","-4","0","0","0","0","0"
"F9","04/25/2024","1819","N335FR","PHX","08:54","08:52","-2","0","0","0","0","0"
"F9","04/25/2024","1864","N228FR","OKC","12:21","12:23","2","0","0","0","0","0"
"F9","04/25/2024","1918","N381FR","CLE","05:20","05:16","-4","0","0","0","0","0"
"F9","04/25/2024","1993","N313FR","LAS","06:36","06:35","-1","0","0","0","0","0"
"F9","04/25/2024","2015","N374FR","LAS","09:55","10:59","64","51","0","0","0","0"
"F9","04/25/2024","2105","N621FR","PHX","20:58","22:00","62","5","0","0","0","54"
"F9","04/25/2024","2141","N721FR","PHX","17:12","17:08","-4","0","0","0","0","0"
"F9","04/25/2024","2148","N349FR","DFW","07:59","07:47","-12","0","0","0","0","0"
"F9","04/25/2024","2210","N371FR","MDW","05:11","05:03","-8","0","0","0","0","0"
"F9","04/25/2024","2261","N351FR","ELP","17:06","17:03","-3","0","0","0","0","0"
"F9","04/25/2024","2341","N368FR","LAX","19:03","20:00","57","47","0","0","0","0"
"F9","04/25/2024","2346","N644FR","IND","17:25","18:22","57","0","0","4","0","57"
"F9","04/25/2024","2349","N368FR","LAS","12:31","12:31","0","0","0","0","0","0"
"F9","04/25/2024","2350","N313FR","MEM","12:24","13:03","39","14","0","0","0","23"
"F9","04/25/2024","2382","N606FR","ORF","13:23","13:15","-8","0","0","0","0","0"
"F9","04/25/2024","2429","N235FR","LAS","14:59","15:39","40","0","0","4","0","27"
"F9","04/25/2024","2438","N614FR","RDU","15:21","15:22","1","0","0","0","0","0"
"F9","04/25/2024","2550","N704FR","DFW","16:47","17:08","21","0","0","0","0","0"
"F9","04/25/2024","2687","N716FR","PDX","22:09","22:24","15","0","0","0","0","0"
"F9","04/25/2024","2817","N702FR","SAN","06:30","06:26","-4","0","0","0","0","0"
"F9","04/25/2024","2823","N385FR","SLC","17:52","18:06","14","0","0","0","0","0"
"F9","04/25/2024","2946","N373FR","MDW","18:36","18:50","14","2","0","2","0","12"
"F9","04/25/2024","3040","N715FR","IAH","12:58","12:54","-4","0","0","0","0","0"
"F9","04/25/2024","3172","N715FR","ORD","21:27","21:41","14","14","0","10","0","0"
"F9","04/25/2024","3230","N603FR","IAH","05:01","05:02","1","0","0","0","0","0"
"F9","04/25/2024","3266","N238FR","PHL","00:01","00:41","40","40","0","7","0","0"
"F9","04/25/2024","3278","N364FR","BMI","11:40","11:37","-3","0","0","0","0","0"
"F9","04/25/2024","3279","N364FR","DFW","18:53","19:03","10","0","0","8","0","10"
"F9","04/25/2024","3286","N365FR","CVG","16:38","17:11","33","0","0","0","0","27"
"F9","04/25/2024","3294","N360FR","ATL","00:53","01:55","62","0","0","0","0","49"
"F9","04/25/2024","3302","N635FR","STL","07:30","07:28","-2","0","0","0","0","0"
"F9","04/25/2024","3312","N624FR","MCO","07:07","07:08","1","0","0","0","0","0"
"F9","04/25/2024","3435","N638FR","SFO","21:52","23:30","98","0","0","20","0","85"
"F9","04/25/2024","3467","N371FR","PHX","22:59","06:06","427","0","0","5","0","427"
"F9","04/25/2024","3566","N614FR","DTW","07:00","07:19","19","0","0","0","0","0"
"F9","04/25/2024","3861","N638FR","SLC","05:30","05:31","1","0","0","0","0","0"
"F9","04/25/2024","3981","N229FR","SLC","11:31","11:24","-7","0","0","0","0","0"
"F9","04/25/2024","3982","N229FR","DCA","16:35","16:52","17","0","0","0","0","0"
"F9","04/25/2024","4135","N374FR","LAS","17:07","17:54","47","35","0","0","0","0"
"F9","04/25/2024","4344","N715FR","XNA","06:55","06:57","2","0","0","0","0","0"
"F9","04/25/2024","4374","N721FR","PIT","07:45","08:17","32","28","0","0","0","0"
"F9","04/25/2024","4386","N702FR","CID","13:36","13:25","-11","0","0","0","0","0"
"F9","04/25/2024","4420","N705FR","MSY","16:23","16:20","-3","0","0","0","0","0"
"F9","04/25/2024","4450","N635FR","PNS","14:12","14:17","5","0","0","0","0","0"
"F9","04/25/2024","4561","N230FR","SNA","18:22","18:20","-2","0","0","0","0","0"
"F9","04/25/2024","4576","N307FR","CMH","15:50","15:53","3","0","0","0","0","0"
"F9","04/25/2024","4611","N702FR","LAS","19:53","20:06","13","0","0","0","0","0"
"F9","04/25/2024","4625","N313FR","SEA","19:05","19:53","48","0","0","0","0","33"
"F9","04/25/2024","4712","N233FR","TPA","18:04","18:01","-3","0","0","0","0","0"
"F9","04/25/2024","4776","N603FR","LIT","12:17","12:11","-6","0","0","0","0","0"
"F9","04/25/2024","4794","N364FR","FAR","06:00","05:51","-9","0","0","0","0","0"
"F9","04/25/2024","4856","N228FR","IAH","17:58","17:50","-8","0","0","0","0","0"
"F9","04/25/2024","4927","N351FR","SAN","10:11","10:06","-5","0","0","0","0","0"
"F9","04/25/2024","4967","N344FR","LAS","22:59","24:00","61","45","0","0","0","0"
"F9","04/25/2024","4989","N709FR","SAN","19:31","19:56","25","0","0","0","0","16"
"F9","04/26/2024","0006","N329FR","STL","06:41","07:11","30","30","0","18","0","0"
"F9","04/26/2024","0066","N385FR","MIA","00:07","00:13","6","0","0","0","0","0"
"F9","04/26/2024","0094","N622FR","MCI","06:31","06:48","17","0","0","0","0","0"
"F9","04/26/2024","0686","N373FR","DCA","06:39","07:12","33","29","0","0","0","0"
"F9","04/26/2024","0688","N369FR","DCA","12:39","12:48","9","0","0","0","0","0"
"F9","04/26/2024","0689","N369FR","SFO","22:04","23:05","61","0","0","61","0","0"
"F9","04/26/2024","1063","N638FR","SMF","08:40","09:09","29","0","0","0","0","0"
"F9","04/26/2024","1064","N712FR","MSN","16:59","17:04","5","0","0","0","0","0"
"F9","04/26/2024","1093","N705FR","SFO","17:59","22:14","255","138","0","0","0","103"
"F9","04/26/2024","1114","N233FR","TPA","09:15","09:14","-1","0","0","0","0","0"
"F9","04/26/2024","1128","N363FR","OMA","06:41","06:37","-4","0","0","0","0","0"
"F9","04/26/2024","1150","N711FR","MSP","05:40","05:59","19","0","0","0","0","0"
"F9","04/26/2024","1162","N230FR","HOU","11:29","11:38","9","0","0","0","0","0"
"F9","04/26/2024","1248","N229FR","GRR","15:45","15:37","-8","0","0","0","0","0"
"F9","04/26/2024","1261","N228FR","ONT","05:01","05:05","4","0","0","0","0","0"
"F9","04/26/2024","1291","N371FR","SNA","18:36","18:38","2","0","0","0","0","0"
"F9","04/26/2024","1324","N705FR","DFW","05:01","05:08","7","7","0","29","0","0"
"F9","04/26/2024","1362","N392FR","CLT","07:05","06:56","-9","0","0","0","0","0"
"F9","04/26/2024","1402","N638FR","BNA","15:59","15:54","-5","0","0","0","0","0"
"F9","04/26/2024","1450","N635FR","ATL","06:31","07:06","35","35","0","21","0","0"
"F9","04/26/2024","1499","N702FR","ONT","22:31","22:30","-1","0","0","0","0","0"
"F9","04/26/2024","1607","N711FR","SEA","19:25","19:34","9","0","0","0","0","0"
"F9","04/26/2024","1608","N711FR","MKE","12:10","12:08","-2","0","0","0","0","0"
"F9","04/26/2024","1702","N639FR","SYR","14:26","14:26","0","0","0","0","0","0"
"F9","04/26/2024","1734","N307FR","MCO","00:21","01:07","46","22","0","0","0","0"
"F9","04/26/2024","1816","N230FR","AUS","05:06","05:04","-2","0","0","0","0","0"
"F9","04/26/2024","1819","N322FR","PHX","09:39","09:38","-1","0","0","0","0","0"
"F9","04/26/2024","1993","N713FR","LAS","06:41","07:03","22","0","0","0","0","0"
"F9","04/26/2024","2015","N235FR","LAS","09:55","09:46","-9","0","0","0","0","0"
"F9","04/26/2024","2105","N718FR","PHX","20:59","23:35","156","0","0","0","0","141"
"F9","04/26/2024","2108","N644FR","FSD","13:23","13:47","24","0","0","0","0","18"
"F9","04/26/2024","2141","N614FR","PHX","12:17","12:51","34","0","0","0","0","32"
"F9","04/26/2024","2148","N326FR","DFW","07:59","08:04","5","0","0","0","0","0"
"F9","04/26/2024","2210","N356FR","MDW","08:11","08:01","-10","0","0","0","0","0"
"F9","04/26/2024","2261","N368FR","ELP","17:12","17:02","-10","0","0","0","0","0"
"F9","04/26/2024","2341","N376FR","LAX","19:03","19:49","46","7","0","0","0","37"
"F9","04/26/2024","2348","N606FR","IND","15:46","17:06","80","0","0","0","0","75"
"F9","04/26/2024","2349","N376FR","LAS","12:31","14:14","103","0","0","89","0","0"
"F9","04/26/2024","2350","N713FR","MSP","12:34","13:25","51","10","0","0","0","30"
"F9","04/26/2024","2358","N644FR","SAT","18:47","19:01","14","0","0","0","0","0"
"F9","04/26/2024","2359","N721FR","SEA","14:54","14:57","3","0","0","0","0","0"
"F9","04/26/2024","2360","N721FR","MSY","07:00","07:20","20","0","0","0","0","0"
"F9","04/26/2024","2374","N644FR","TYS","05:11","05:25","14","14","0","5","0","0"
"F9","04/26/2024","2429","N309FR","LAS","14:59","16:23","84","0","0","77","0","1"
"F9","04/26/2024","2438","N635FR","RDU","15:16","16:34","78","0","0","0","0","69"
"F9","04/26/2024","2454","N702FR","PNS","13:33","13:31","-2","0","0","0","0","0"
"F9","04/26/2024","2550","N705FR","DFW","11:29","11:27","-2","0","0","0","0","0"
"F9","04/26/2024","2687","N313FR","PDX","22:09","23:07","58","36","0","0","0","0"
"F9","04/26/2024","2706","N606FR","BWI","06:00","07:05","65","65","0","11","0","0"
"F9","04/26/2024","2752","N639FR","BUF","05:01","05:50","49","49","0","27","0","0"
"F9","04/26/2024","2816","N603FR","OKC","13:14","13:35","21","0","0","0","0","0"
"F9","04/26/2024","2817","N720FR","SAN","06:35","07:14","39","39","0","16","0","0"
"F9","04/26/2024","2818","N720FR","DSM","13:33","14:28","55","0","0","0","0","53"
"F9","04/26/2024","3172","N715FR","ORD","21:27","23:01","94","0","0","0","0","74"
"F9","04/26/2024","3230","N369FR","IAH","05:15","05:22","7","0","0","0","0","0"
"F9","04/26/2024","3266","N342FR","PHL","00:11","00:04","-7","0","0","30","0","0"
"F9","04/26/2024","3286","N603FR","CVG","05:11","05:12","1","1","0","19","0","0"
"F9","04/26/2024","3290","N603FR","MSP","18:59","19:23","24","0","0","0","0","19"
"F9","04/26/2024","3294","N364FR","ATL","00:51","01:48","57","20","0","0","0","30"
"F9","04/26/2024","3312","N605FR","MCO","06:41","08:04","83","83","0","4","0","0"
"F9","04/26/2024","3467","N629FR","PHX","22:59","02:09","190","0","0","0","0","176"
"F9","04/26/2024","3566","N702FR","DTW","05:06","05:12","6","0","0","0","0","0"
"F9","04/26/2024","3861","N374FR","SLC","05:30","05:29","-1","0","0","0","0","0"
"F9","04/26/2024","3981","N228FR","SLC","11:35","11:29","-6","0","0","0","0","0"
"F9","04/26/2024","3982","N228FR","DCA","16:35","16:28","-7","0","0","0","0","0"
"F9","04/26/2024","4070","N720FR","DFW","19:25","19:56","31","0","0","24","0","31"
"F9","04/26/2024","4135","N358FR","LAS","17:37","18:31","54","0","0","29","0","4"
"F9","04/26/2024","4251","N363FR","SLC","18:31","18:27","-4","0","0","0","0","0"
"F9","04/26/2024","4385","N374FR","LAS","19:50","19:49","-1","0","0","0","0","0"
"F9","04/26/2024","4386","N374FR","CID","13:53","13:46","-7","0","0","0","0","0"
"F9","04/26/2024","4714","N373FR","TPA","16:12","16:14","2","0","0","0","0","0"
"F9","04/26/2024","4794","N229FR","FAR","10:05","09:58","-7","0","0","0","0","0"
"F9","04/26/2024","4856","N230FR","IAH","18:31","18:35","4","0","0","0","0","0"
"F9","04/26/2024","4967","N351FR","LAS","22:59","00:11","72","19","0","0","0","29"
"F9","04/26/2024","4989","N709FR","SAN","18:05","18:17","12","0","0","0","0","0"
"F9","04/26/2024","4993","N363FR","SAN","11:44","11:35","-9","0","0","0","0","0"
"F9","04/27/2024","0006","N304FR","STL","06:41","06:57","16","0","0","0","0","0"
"F9","04/27/2024","0686","N369FR","DCA","06:39","06:58","19","19","0","2","0","0"
"F9","04/27/2024","1114","N335FR","TPA","09:15","09:15","0","0","0","29","0","0"
"F9","04/27/2024","1128","N313FR","OMA","06:01","06:49","48","24","0","0","0","17"
"F9","04/27/2024","1150","N705FR","MSP","05:11","05:53","42","0","0","0","0","37"
"F9","04/27/2024","1229","N633FR","SFO","18:13","20:10","117","102","0","55","0","15"
"F9","04/27/2024","1248","N721FR","GRR","05:20","06:08","48","36","0","0","0","0"
"F9","04/27/2024","1261","N711FR","ONT","05:01","05:18","17","0","0","0","0","0"
"F9","04/27/2024","1324","N638FR","DFW","05:01","05:29","28","28","0","0","0","0"
"F9","04/27/2024","1362","N644FR","CLT","06:54","08:08","74","74","0","19","0","0"
"F9","04/27/2024","1402","N615FR","BNA","16:59","17:54","55","0","0","19","0","55"
"F9","04/27/2024","1450","N603FR","ATL","06:31","07:06","35","34","0","0","0","0"
"F9","04/27/2024","1499","N374FR","ONT","22:35","22:43","8","0","0","0","0","0"
"F9","04/27/2024","1500","N711FR","MSP","11:56","11:51","-5","0","0","45","0","0"
"F9","04/27/2024","1559","N347FR","SLC","19:20","20:59","99","6","0","18","0","93"
"F9","04/27/2024","1560","N347FR","MSN","12:57","13:20","23","23","0","13","0","0"
"F9","04/27/2024","1592","N354FR","MDW","17:14","09:27","973","0","0","0","0","964"
"F9","04/27/2024","1678","N705FR","DSM","11:29","12:04","35","6","0","18","0","29"
"F9","04/27/2024","1702","N324FR","SYR","15:42","15:40","-2","0","0","0","0","0"
"F9","04/27/2024","1734","N229FR","MCO","00:15","00:55","40","40","0","36","0","0"
"F9","04/27/2024","1816","N230FR","AUS","05:06","05:12","6","0","0","0","0","0"
"F9","04/27/2024","1819","N312FR","PHX","09:19","09:17","-2","0","0","27","0","0"
"F9","04/27/2024","1864","N720FR","OKC","13:41","14:17","36","0","0","10","0","36"
"F9","04/27/2024","1918","N614FR","CLE","09:25","09:31","6","0","0","0","0","0"
"F9","04/27/2024","1993","N633FR","LAS","06:00","06:15","15","0","0","0","0","0"
"F9","04/27/2024","2015","N609FR","LAS","10:05","10:00","-5","0","0","0","0","0"
"F9","04/27/2024","2105","N313FR","PHX","21:16","21:06","-10","0","0","0","0","0"
"F9","04/27/2024","2108","N635FR","FSD","12:16","12:16","0","0","0","17","0","0"
"F9","04/27/2024","2147","N638FR","SEA","11:44","12:42","58","15","0","0","0","36"
"F9","04/27/2024","2148","N228FR","DFW","07:59","10:06","127","8","0","34","0","119"
"F9","04/27/2024","2210","N360FR","MDW","13:11","14:27","76","39","0","10","0","37"
"F9","04/27/2024","2261","N633FR","ELP","12:13","12:15","2","0","0","0","0","0"
"F9","04/27/2024","2341","N348FR","LAX","19:03","19:29","26","0","0","0","0","0"
"F9","04/27/2024","2348","N369FR","IND","15:50","15:59","9","0","0","6","0","9"
"F9","04/27/2024","2349","N351FR","LAS","12:31","13:04","33","5","0","3","0","28"
"F9","04/27/2024","2356","N238FR","SAT","05:06","05:02","-4","0","0","0","0","0"
"F9","04/27/2024","2374","N606FR","TYS","05:11","05:07","-4","0","0","0","0","0"
"F9","04/27/2024","2429","N318FR","LAS","14:59","14:55","-4","0","0","0","0","0"
"F9","04/27/2024","2438","N603FR","RDU","15:16","16:35","79","0","0","17","0","79"
"F9","04/27/2024","2454","N705FR","PNS","17:25","18:36","71","6","0","1","0","65"
"F9","04/27/2024","2550","N313FR","DFW","11:04","11:47","43","0","0","39","0","43"
"F9","04/27/2024","2687","N715FR","PDX","22:09","22:43","34","0","0","0","0","24"
"F9","04/27/2024","2706","N702FR","BWI","06:31","06:35","4","0","0","0","0","0"
"F9","04/27/2024","2752","N721FR","BUF","13:05","13:48","43","24","0","1","0","19"
"F9","04/27/2024","2817","N720FR","SAN","07:00","06:57","-3","0","0","0","0","0"
"F9","04/27/2024","3172","N638FR","ORD","21:27","21:40","13","0","0","0","0","0"
"F9","04/27/2024","3220","N363FR","MIA","00:10","00:37","27","18","0","0","0","0"
"F9","04/27/2024","3230","N328FR","IAH","05:15","05:52","37","37","0","1","0","0"
"F9","04/27/2024","3266","N392FR","PHL","00:11","00:11","0","0","0","0","0","0"
"F9","04/27/2024","3286","N712FR","CVG","06:31","07:15","44","37","0","0","0","0"
"F9","04/27/2024","3294","N371FR","ATL","00:54","01:35","41","12","0","0","0","22"
"F9","04/27/2024","3312","N716FR","MCO","06:41","07:45","64","64","0","25","0","0"
"F9","04/27/2024","3566","N360FR","DTW","05:01","05:17","16","16","0","16","0","0"
"F9","04/27/2024","3725","N720FR","SFO","22:04","22:15","11","0","0","22","0","0"
"F9","04/27/2024","3861","N374FR","SLC","07:35","07:39","4","0","0","0","0","0"
"F9","04/27/2024","3862","N374FR","DCA","12:39","13:42","63","0","0","0","0","52"
"F9","04/27/2024","3981","N230FR","SLC","11:31","13:00","89","59","0","6","0","30"
"F9","04/27/2024","3982","N230FR","DCA","16:35","18:08","93","0","0","4","0","93"
"F9","04/27/2024","4070","N326FR","DFW","18:50","20:38","108","5","0","45","0","103"
"F9","04/27/2024","4344","N606FR","XNA","14:01","14:18","17","13","0","13","0","4"
"F9","04/27/2024","4385","N238FR","SNA","18:04","18:41","37","0","0","0","0","17"
"F9","04/27/2024","4386","N328FR","CID","12:11","13:41","90","3","0","19","0","87"
"F9","04/27/2024","4611","N606FR","LAS","20:02","20:51","49","11","0","0","0","25"
"F9","04/27/2024","4637","N614FR","SMF","18:23","18:21","-2","0","0","0","0","0"
"F9","04/27/2024","4647","N711FR","SEA","18:22","20:05","103","40","0","0","0","41"
"F9","04/27/2024","4714","N702FR","TPA","16:16","17:43","87","44","0","37","0","43"
"F9","04/27/2024","4794","N713FR","FAR","10:05","10:16","11","11","0","16","0","0"
"F9","04/27/2024","4858","N635FR","IAH","18:25","18:41","16","16","0","21","0","0"
"F9","04/27/2024","4927","N238FR","SAN","11:49","12:00","11","0","0","0","0","0"
"F9","04/27/2024","4965","N381FR","LAS","22:52","00:40","108","93","0","0","0","0"
"F9","04/27/2024","4989","N718FR","SAN","18:44","19:10","26","0","0","0","0","0"
"F9","04/28/2024","0066","N353FR","MIA","00:10","00:55","45","0","0","43","0","45"
"F9","04/28/2024","0094","N633FR","MCI","06:41","06:34","-7","0","0","0","0","0"
"F9","04/28/2024","0685","N230FR","SLC","10:05","12:45","160","160","0","4","0","0"
"F9","04/28/2024","0686","N344FR","DCA","06:39","06:42","3","0","0","0","0","0"
"F9","04/28/2024","0688","N364FR","DCA","12:45","12:45","0","0","0","0","0","0"
"F9","04/28/2024","0689","N364FR","SFO","22:04","23:45","101","0","0","106","0","0"
"F9","04/28/2024","0690","N330FR","DCA","16:35","19:16","161","0","0","0","0","148"
"F9","04/28/2024","1066","N635FR","GRB","17:32","19:25","113","0","0","0","0","95"
"F9","04/28/2024","1093","N713FR","SFO","18:07","20:25","138","0","0","106","0","80"
"F9","04/28/2024","1114","N711FR","TPA","06:41","06:52","11","11","0","4","0","0"
"F9","04/28/2024","1150","N347FR","MSP","05:01","04:57","-4","0","0","0","0","0"
"F9","04/28/2024","1162","","HOU","11:57","00:00","0","0","0","0","0","0"
"F9","04/28/2024","1261","N635FR","ONT","05:06","05:00","-6","0","0","0","0","0"
"F9","04/28/2024","1294","N603FR","MSP","18:52","18:51","-1","0","0","17","0","0"
"F9","04/28/2024","1324","N326FR","DFW","05:01","05:20","19","15","0","0","0","0"
"F9","04/28/2024","1362","N705FR","CLT","06:54","07:38","44","44","0","7","0","0"
"F9","04/28/2024","1375","N713FR","PHX","05:11","07:20","129","113","0","0","0","0"
"F9","04/28/2024","1402","N702FR","BNA","09:25","09:18","-7","0","0","0","0","0"
"F9","04/28/2024","1499","N638FR","ONT","22:35","22:26","-9","0","0","0","0","0"
"F9","04/28/2024","1734","N622FR","MCO","00:21","00:55","34","0","0","53","0","34"
"F9","04/28/2024","1789","N635FR","PDX","11:56","11:48","-8","0","0","0","0","0"
"F9","04/28/2024","1816","N614FR","AUS","06:50","07:51","61","56","0","0","0","0"
"F9","04/28/2024","1819","N393FR","PHX","08:54","08:44","-10","0","0","0","0","0"
"F9","04/28/2024","1864","N330FR","OKC","11:10","14:40","210","0","0","0","0","192"
"F9","04/28/2024","1918","N328FR","CLE","05:15","05:23","8","8","0","17","0","0"
"F9","04/28/2024","1993","N720FR","LAS","06:00","07:07","67","35","0","0","0","11"
"F9","04/28/2024","2015","N606FR","LAS","09:14","09:10","-4","0","0","0","0","0"
"F9","04/28/2024","2105","N629FR","PHX","20:59","21:01","2","0","0","0","0","0"
"F9","04/28/2024","2148","N358FR","DFW","08:14","09:53","99","89","0","0","0","0"
"F9","04/28/2024","2210","N374FR","MDW","05:06","05:52","46","46","0","2","0","0"
"F9","04/28/2024","2261","N334FR","ELP","17:12","17:10","-2","0","0","0","0","0"
"F9","04/28/2024","2341","N380FR","LAX","19:03","18:59","-4","0","0","0","0","0"
"F9","04/28/2024","2346","N720FR","IND","12:19","12:54","35","0","0","1","0","35"
"F9","04/28/2024","2349","N352FR","LAS","12:31","12:22","-9","0","0","0","0","0"
"F9","04/28/2024","2382","N711FR","ORF","16:34","17:30","56","45","0","15","0","11"
"F9","04/28/2024","2429","N368FR","LAS","15:02","15:24","22","0","0","0","0","0"
"F9","04/28/2024","2438","N637FR","RDU","15:21","15:20","-1","0","0","0","0","0"
"F9","04/28/2024","2550","N644FR","DFW","16:42","20:07","205","0","0","0","0","201"
"F9","04/28/2024","2687","N605FR","PDX","22:09","22:07","-2","0","0","0","0","0"
"F9","04/28/2024","2817","N644FR","SAN","06:00","05:57","-3","0","0","0","0","0"
"F9","04/28/2024","2818","N644FR","MSN","12:38","13:07","29","0","0","0","0","17"
"F9","04/28/2024","2946","N360FR","MDW","18:10","18:56","46","1","0","0","0","35"
"F9","04/28/2024","3040","N715FR","IAH","14:46","15:19","33","31","0","25","0","2"
"F9","04/28/2024","3172","N614FR","ORD","21:27","21:26","-1","0","0","0","0","0"
"F9","04/28/2024","3230","N311FR","IAH","05:01","05:00","-1","0","0","26","0","0"
"F9","04/28/2024","3266","N369FR","PHL","00:11","23:59","-12","0","0","0","0","0"
"F9","04/28/2024","3278","N615FR","BMI","16:08","16:03","-5","0","0","0","0","0"
"F9","04/28/2024","3286","N324FR","CVG","17:24","17:23","-1","0","0","0","0","0"
"F9","04/28/2024","3294","N238FR","ATL","00:38","01:50","72","43","0","79","0","29"
"F9","04/28/2024","3302","N713FR","STL","11:20","12:54","94","0","0","0","0","83"
"F9","04/28/2024","3312","N721FR","MCO","06:30","06:39","9","9","0","48","0","0"
"F9","04/28/2024","3467","N359FR","PHX","22:59","23:55","56","0","0","0","0","38"
"F9","04/28/2024","3566","N715FR","DTW","06:31","06:25","-6","0","0","0","0","0"
"F9","04/28/2024","3861","N308FR","SLC","06:00","06:48","48","48","0","51","0","0"
"F9","04/28/2024","3982","","MSY","15:00","00:00","0","0","0","0","0","0"
"F9","04/28/2024","4076","N374FR","DFW","19:01","18:51","-10","0","0","0","0","0"
"F9","04/28/2024","4135","N381FR","LAS","17:07","17:07","0","0","0","0","0","0"
"F9","04/28/2024","4251","N603FR","SLC","12:11","13:09","58","51","0","0","0","0"
"F9","04/28/2024","4344","N374FR","XNA","12:33","12:58","25","11","0","0","0","5"
"F9","04/28/2024","4374","N324FR","PIT","06:40","06:37","-3","0","0","16","0","0"
"F9","04/28/2024","4386","N614FR","CID","13:34","14:40","66","0","0","0","0","58"
"F9","04/28/2024","4450","","PNS","14:04","00:00","0","0","0","0","0","0"
"F9","04/28/2024","4561","N354FR","SNA","18:14","18:14","0","0","0","0","0","0"
"F9","04/28/2024","4576","N344FR","CMH","15:50","15:43","-7","0","0","0","0","0"
"F9","04/28/2024","4626","N637FR","MEM","05:06","05:55","49","49","0","19","0","0"
"F9","04/28/2024","4635","N721FR","PHX","17:12","17:32","20","0","0","0","0","0"
"F9","04/28/2024","4649","N311FR","SEA","19:31","20:49","78","0","0","0","0","78"
"F9","04/28/2024","4712","N316FR","TPA","18:24","18:13","-11","0","0","26","0","0"
"F9","04/28/2024","4776","N311FR","LIT","12:16","14:32","136","5","0","0","0","128"
"F9","04/28/2024","4794","N364FR","FAR","07:07","07:02","-5","0","0","0","0","0"
"F9","04/28/2024","4856","N702FR","IAH","17:43","17:43","0","0","0","21","0","0"
"F9","04/28/2024","4927","N360FR","SAN","11:16","11:50","34","0","0","0","0","0"
"F9","04/28/2024","4967","N616FR","LAS","22:59","22:50","-9","0","0","0","0","0"
"F9","04/28/2024","4971","N720FR","LAS","20:03","20:36","33","0","0","0","0","0"
"F9","04/28/2024","4989","N621FR","SAN","19:43","19:55","12","0","0","0","0","0"
"F9","04/29/2024","0006","N329FR","STL","06:41","06:44","3","0","0","0","0","0"
"F9","04/29/2024","0066","N375FR","MIA","00:07","01:12","65","20","0","20","0","45"
"F9","04/29/2024","0686","N374FR","DCA","06:39","06:46","7","0","0","0","0","0"
"F9","04/29/2024","0688","N702FR","DCA","12:39","13:57","78","26","0","17","0","52"
"F9","04/29/2024","1089","N603FR","SFO","18:27","20:58","151","0","0","135","0","68"
"F9","04/29/2024","1114","N313FR","TPA","09:15","09:43","28","14","0","3","0","14"
"F9","04/29/2024","1128","N605FR","OMA","06:36","06:40","4","0","0","0","0","0"
"F9","04/29/2024","1150","N354FR","MSP","06:31","06:36","5","0","0","0","0","0"
"F9","04/29/2024","1162","N311FR","HOU","11:41","12:10","29","0","0","0","0","0"
"F9","04/29/2024","1175","N603FR","SEA","05:11","05:39","28","23","0","0","0","0"
"F9","04/29/2024","1261","N344FR","ONT","05:01","05:56","55","39","0","0","0","0"
"F9","04/29/2024","1292","N603FR","MSP","13:12","13:38","26","3","0","0","0","22"
"F9","04/29/2024","1324","N720FR","DFW","05:01","05:12","11","0","0","0","0","0"
"F9","04/29/2024","1362","N230FR","CLT","06:54","06:46","-8","0","0","0","0","0"
"F9","04/29/2024","1402","N721FR","BNA","05:06","04:56","-10","0","0","0","0","0"
"F9","04/29/2024","1450","N644FR","ATL","06:31","06:39","8","0","0","0","0","0"
"F9","04/29/2024","1499","N230FR","ONT","22:35","22:30","-5","0","0","0","0","0"
"F9","04/29/2024","1560","N637FR","MSN","12:16","12:09","-7","0","0","0","0","0"
"F9","04/29/2024","1608","N705FR","MKE","05:01","04:57","-4","0","0","0","0","0"
"F9","04/29/2024","1677","N354FR","SNA","18:07","18:03","-4","0","0","0","0","0"
"F9","04/29/2024","1702","N644FR","SYR","15:35","15:24","-11","0","0","0","0","0"
"F9","04/29/2024","1734","N348FR","MCO","00:21","01:07","46","46","0","14","0","0"
"F9","04/29/2024","1816","N311FR","AUS","05:06","05:12","6","0","0","0","0","0"
"F9","04/29/2024","1819","N335FR","PHX","09:39","09:43","4","0","0","0","0","0"
"F9","04/29/2024","1820","N718FR","GRR","14:33","14:24","-9","0","0","0","0","0"
"F9","04/29/2024","1864","N605FR","OKC","12:11","12:07","-4","0","0","0","0","0"
"F9","04/29/2024","1993","N364FR","LAS","06:41","07:07","26","0","0","0","0","0"
"F9","04/29/2024","2015","N330FR","LAS","09:55","09:49","-6","0","0","0","0","0"
"F9","04/29/2024","2103","N713FR","PHX","20:37","20:56","19","0","0","0","0","0"
"F9","04/29/2024","2108","N615FR","FSD","13:17","13:30","13","0","0","0","0","0"
"F9","04/29/2024","2141","N705FR","PHX","12:17","12:07","-10","0","0","0","0","0"
"F9","04/29/2024","2148","N360FR","DFW","07:19","07:29","10","0","0","0","0","0"
"F9","04/29/2024","2210","N326FR","MDW","08:11","08:06","-5","0","0","0","0","0"
"F9","04/29/2024","2261","N344FR","ELP","17:12","17:49","37","22","0","0","0","0"
"F9","04/29/2024","2341","N364FR","LAX","19:03","19:36","33","4","0","0","0","23"
"F9","04/29/2024","2349","N364FR","LAS","12:31","13:08","37","9","0","0","0","20"
"F9","04/29/2024","2350","N354FR","DSM","12:34","12:30","-4","0","0","0","0","0"
"F9","04/29/2024","2356","N232FR","SAT","07:30","07:33","3","0","0","0","0","0"
"F9","04/29/2024","2374","N702FR","TYS","05:06","05:30","24","19","0","0","0","0"
"F9","04/29/2024","2429","N368FR","LAS","14:59","16:08","69","67","0","0","0","0"
"F9","04/29/2024","2438","N711FR","RDU","15:16","15:29","13","0","0","0","0","0"
"F9","04/29/2024","2454","N638FR","PNS","16:16","16:17","1","0","0","0","0","0"
"F9","04/29/2024","2550","N604FR","DFW","13:18","14:03","45","0","0","0","0","23"
"F9","04/29/2024","2687","N705FR","PDX","22:09","22:06","-3","0","0","0","0","0"
"F9","04/29/2024","2706","N638FR","BWI","06:31","06:58","27","0","0","0","0","0"
"F9","04/29/2024","2752","N721FR","BUF","12:55","13:06","11","0","0","0","0","0"
"F9","04/29/2024","2817","N635FR","SAN","06:50","06:46","-4","0","0","0","0","0"
"F9","04/29/2024","3090","N301FR","IND","16:33","16:48","15","0","0","0","0","0"
"F9","04/29/2024","3172","N712FR","ORD","21:27","22:21","54","0","0","0","0","39"
"F9","04/29/2024","3230","N711FR","IAH","08:25","08:15","-10","0","0","0","0","0"
"F9","04/29/2024","3266","N393FR","PHL","00:01","23:58","-3","0","0","0","0","0"
"F9","04/29/2024","3286","N715FR","CVG","06:31","07:14","43","21","0","0","0","0"
"F9","04/29/2024","3290","N615FR","MSP","18:57","19:19","22","0","0","0","0","0"
"F9","04/29/2024","3294","N366FR","ATL","00:50","10:52","602","586","0","0","0","0"
"F9","04/29/2024","3312","N301FR","MCO","06:31","06:52","21","0","0","0","0","0"
"F9","04/29/2024","3435","N604FR","SFO","22:04","23:34","90","0","0","122","0","0"
"F9","04/29/2024","3467","N309FR","PHX","22:59","23:00","1","0","0","0","0","0"
"F9","04/29/2024","3566","N615FR","DTW","05:01","04:58","-3","0","0","0","0","0"
"F9","04/29/2024","3665","N720FR","SMF","18:38","19:11","33","2","0","0","0","29"
"F9","04/29/2024","3861","N713FR","SLC","06:00","05:57","-3","0","0","0","0","0"
"F9","04/29/2024","3981","N344FR","SLC","11:35","12:00","25","3","0","0","0","22"
"F9","04/29/2024","3982","N334FR","DCA","16:35","16:57","22","2","0","7","0","20"
"F9","04/29/2024","4070","N381FR","DFW","15:50","15:46","-4","0","0","0","0","0"
"F9","04/29/2024","4135","N318FR","LAS","17:52","19:31","99","0","0","0","0","96"
"F9","04/29/2024","4251","N232FR","SLC","19:50","19:40","-10","0","0","0","0","0"
"F9","04/29/2024","4386","N232FR","CID","13:53","13:52","-1","0","0","0","0","0"
"F9","04/29/2024","4611","N637FR","LAS","19:52","19:49","-3","0","0","0","0","0"
"F9","04/29/2024","4647","N635FR","SEA","13:51","14:10","19","0","0","0","0","0"
"F9","04/29/2024","4714","N374FR","TPA","15:42","15:59","17","0","0","0","0","0"
"F9","04/29/2024","4794","N381FR","FAR","10:05","09:53","-12","0","0","0","0","0"
"F9","04/29/2024","4856","N311FR","IAH","18:40","18:40","0","0","0","0","0","0"
"F9","04/29/2024","4927","N720FR","SAN","11:29","11:45","16","0","0","0","0","0"
"F9","04/29/2024","4967","N335FR","LAS","22:56","23:59","63","21","0","0","0","33"
"F9","04/29/2024","4989","N621FR","SAN","18:05","17:59","-6","0","0","0","0","0"
"F9","04/30/2024","0066","N301FR","MIA","00:10","00:36","26","25","0","0","0","0"
"F9","04/30/2024","0094","N705FR","MCI","06:31","06:29","-2","0","0","0","0","0"
"F9","04/30/2024","0686","N230FR","DCA","06:39","06:31","-8","0","0","0","0","0"
"F9","04/30/2024","0690","N332FR","DCA","16:35","16:42","7","6","0","8","0","1"
"F9","04/30/2024","1066","N624FR","GRB","16:49","16:47","-2","0","0","0","0","0"
"F9","04/30/2024","1093","N723FR","SFO","16:10","16:09","-1","0","0","0","0","0"
"F9","04/30/2024","1114","N367FR","TPA","09:15","09:06","-9","0","0","0","0","0"
"F9","04/30/2024","1150","N615FR","MSP","05:11","05:04","-7","0","0","0","0","0"
"F9","04/30/2024","1162","N374FR","HOU","11:36","11:36","0","0","0","0","0","0"
"F9","04/30/2024","1261","N374FR","ONT","05:01","05:22","21","0","0","0","0","0"
"F9","04/30/2024","1292","N644FR","MSP","11:29","11:35","6","0","0","0","0","0"
"F9","04/30/2024","1324","N644FR","DFW","05:01","04:56","-5","0","0","26","0","0"
"F9","04/30/2024","1362","N338FR","CLT","06:54","06:44","-10","0","0","0","0","0"
"F9","04/30/2024","1402","N633FR","BNA","13:00","12:59","-1","0","0","0","0","0"
"F9","04/30/2024","1499","N344FR","ONT","22:35","22:38","3","0","0","0","0","0"
"F9","04/30/2024","1734","N233FR","MCO","00:21","01:07","46","0","0","0","0","22"
"F9","04/30/2024","1815","N615FR","SEA","18:25","18:35","10","0","0","0","0","0"
"F9","04/30/2024","1816","N615FR","AUS","11:41","11:31","-10","0","0","0","0","0"
"F9","04/30/2024","1819","N232FR","PHX","09:39","10:32","53","43","0","0","0","0"
"F9","04/30/2024","1918","N356FR","CLE","05:15","05:10","-5","0","0","0","0","0"
"F9","04/30/2024","1993","N311FR","LAS","06:40","06:31","-9","0","0","0","0","0"
"F9","04/30/2024","2015","N364FR","LAS","09:55","09:52","-3","0","0","0","0","0"
"F9","04/30/2024","2105","N390FR","PHX","14:24","14:31","7","0","0","0","0","0"
"F9","04/30/2024","2148","N718FR","DFW","07:29","07:27","-2","0","0","0","0","0"
"F9","04/30/2024","2210","N362FR","MDW","08:11","08:17","6","0","0","0","0","0"
"F9","04/30/2024","2261","N334FR","ELP","17:09","18:01","52","49","0","0","0","0"
"F9","04/30/2024","2341","N711FR","LAX","18:57","19:41","44","4","0","0","0","39"
"F9","04/30/2024","2348","N605FR","IND","17:20","17:20","0","0","0","0","0","0"
"F9","04/30/2024","2349","N352FR","LAS","12:31","12:55","24","0","0","0","0","0"
"F9","04/30/2024","2360","N358FR","MSY","05:01","04:59","-2","0","0","0","0","0"
"F9","04/30/2024","2382","N359FR","ORF","15:42","15:50","8","8","0","12","0","0"
"F9","04/30/2024","2429","N702FR","LAS","15:19","17:47","148","22","0","11","0","126"
"F9","04/30/2024","2438","N635FR","RDU","15:21","17:00","99","92","0","0","0","0"
"F9","04/30/2024","2454","N358FR","PNS","13:01","12:54","-7","0","0","0","0","0"
"F9","04/30/2024","2550","N603FR","DFW","10:50","10:46","-4","0","0","24","0","0"
"F9","04/30/2024","2632","N644FR","DFW","17:55","17:51","-4","0","0","0","0","0"
"F9","04/30/2024","2687","N638FR","PDX","22:09","22:10","1","0","0","0","0","0"
"F9","04/30/2024","2817","N721FR","SAN","05:30","06:04","34","34","0","5","0","0"
"F9","04/30/2024","2946","N374FR","MDW","18:38","18:57","19","0","0","0","0","0"
"F9","04/30/2024","3172","N721FR","ORD","21:27","21:27","0","0","0","0","0","0"
"F9","04/30/2024","3230","N633FR","IAH","05:45","05:42","-3","0","0","0","0","0"
"F9","04/30/2024","3266","N366FR","PHL","00:11","00:03","-8","0","0","0","0","0"
"F9","04/30/2024","3278","N721FR","BMI","12:30","13:14","44","0","0","0","0","21"
"F9","04/30/2024","3286","N305FR","CVG","16:38","17:23","45","0","0","0","0","35"
"F9","04/30/2024","3294","N354FR","ATL","00:53","01:06","13","0","0","0","0","0"
"F9","04/30/2024","3302","N711FR","STL","12:45","13:09","24","0","0","0","0","0"
"F9","04/30/2024","3312","N709FR","MCO","06:31","06:31","0","0","0","0","0","0"
"F9","04/30/2024","3435","N633FR","SFO","22:04","21:59","-5","0","0","0","0","0"
"F9","04/30/2024","3467","N323FR","PHX","22:59","23:59","60","39","0","0","0","12"
"F9","04/30/2024","3566","N720FR","DTW","05:06","05:08","2","2","0","15","0","0"
"F9","04/30/2024","3861","N352FR","SLC","07:35","07:37","2","0","0","0","0","0"
"F9","04/30/2024","3862","N311FR","DCA","12:39","12:34","-5","0","0","0","0","0"
"F9","04/30/2024","3981","N335FR","SLC","12:33","13:07","34","10","0","0","0","14"
"F9","04/30/2024","4135","N318FR","LAS","17:37","18:07","30","0","0","0","0","28"
"F9","04/30/2024","4344","N720FR","XNA","13:30","13:29","-1","0","0","0","0","0"
"F9","04/30/2024","4374","N605FR","PIT","07:45","07:37","-8","0","0","0","0","0"
"F9","04/30/2024","4576","N230FR","CMH","15:50","15:42","-8","0","0","0","0","0"
"F9","04/30/2024","4611","N606FR","LAS","19:33","19:27","-6","0","0","0","0","0"
"F9","04/30/2024","4626","N635FR","MEM","08:05","08:00","-5","0","0","0","0","0"
"F9","04/30/2024","4635","N720FR","PHX","19:25","19:26","1","0","0","0","0","0"
"F9","04/30/2024","4776","N334FR","LIT","10:15","10:09","-6","0","0","0","0","0"
"F9","04/30/2024","4794","N359FR","FAR","10:05","09:54","-11","0","0","0","0","0"
"F9","04/30/2024","4967","N702FR","LAS","22:54","23:38","44","0","0","0","0","28"
"F9","04/30/2024","4989","N610FR","SAN","18:44","18:57","13","0","0","0","0","0"
"F9","05/01/2024","0006","N344FR","STL","06:41","07:02","21","19","0","0","0","0"
"F9","05/01/2024","0066","N358FR","MIA","00:10","00:21","11","0","0","0","0","0"
"F9","05/01/2024","0686","N312FR","DCA","06:39","06:39","0","0","0","0","0","0"
"F9","05/01/2024","1114","N313FR","TPA","09:15","09:19","4","0","0","0","0","0"
"F9","05/01/2024","1128","N606FR","OMA","06:00","05:53","-7","0","0","0","0","0"
"F9","05/01/2024","1150","N624FR","MSP","05:11","05:02","-9","0","0","0","0","0"
"F9","05/01/2024","1162","N381FR","HOU","12:21","12:19","-2","0","0","0","0","0"
"F9","05/01/2024","1248","N705FR","GRR","12:30","12:28","-2","0","0","0","0","0"
"F9","05/01/2024","1261","N615FR","ONT","05:01","04:53","-8","0","0","0","0","0"
"F9","05/01/2024","1292","N636FR","MSP","11:56","11:50","-6","0","0","0","0","0"
"F9","05/01/2024","1324","N605FR","DFW","05:01","05:19","18","0","0","0","0","0"
"F9","05/01/2024","1362","N374FR","CLT","06:54","06:47","-7","0","0","0","0","0"
"F9","05/01/2024","1402","N393FR","BNA","16:49","16:50","1","0","0","0","0","0"
"F9","05/01/2024","1450","N614FR","ATL","06:36","06:31","-5","0","0","0","0","0"
"F9","05/01/2024","1483","N705FR","SFO","22:04","22:04","0","0","0","0","0","0"
"F9","05/01/2024","1500","N615FR","FSD","11:51","11:58","7","0","0","0","0","0"
"F9","05/01/2024","1608","N604FR","MKE","07:30","07:24","-6","0","0","0","0","0"
"F9","05/01/2024","1678","N624FR","DSM","11:41","11:37","-4","0","0","0","0","0"
"F9","05/01/2024","1702","N635FR","SYR","13:52","13:43","-9","0","0","0","0","0"
"F9","05/01/2024","1734","N723FR","MCO","00:21","01:10","49","43","0","0","0","0"
"F9","05/01/2024","1816","N229FR","AUS","05:01","04:51","-10","0","0","0","0","0"
"F9","05/01/2024","1819","N232FR","PHX","09:39","09:30","-9","0","0","0","0","0"
"F9","05/01/2024","1864","N622FR","OKC","13:18","13:14","-4","0","0","0","0","0"
"F9","05/01/2024","1993","N335FR","LAS","06:40","06:36","-4","0","0","0","0","0"
"F9","05/01/2024","2015","N352FR","LAS","09:55","09:44","-11","0","0","0","0","0"
"F9","05/01/2024","2103","N309FR","PHX","20:29","20:39","10","0","0","0","0","0"
"F9","05/01/2024","2148","N378FR","DFW","07:59","07:55","-4","0","0","0","0","0"
"F9","05/01/2024","2210","N336FR","MDW","08:11","10:01","110","110","0","6","0","0"
"F9","05/01/2024","2261","N337FR","ELP","12:33","12:43","10","0","0","0","0","0"
"F9","05/01/2024","2341","N348FR","LAX","19:03","19:14","11","0","0","0","0","0"
"F9","05/01/2024","2348","N638FR","IND","17:20","17:16","-4","0","0","0","0","0"
"F9","05/01/2024","2349","N348FR","LAS","12:31","12:29","-2","0","0","0","0","0"
"F9","05/01/2024","2356","N704FR","SAT","08:05","08:04","-1","0","0","0","0","0"
"F9","05/01/2024","2374","N622FR","TYS","05:06","04:59","-7","0","0","0","0","0"
"F9","05/01/2024","2429","N603FR","LAS","15:09","15:04","-5","0","0","0","0","0"
"F9","05/01/2024","2438","N614FR","RDU","15:21","15:17","-4","0","0","0","0","0"
"F9","05/01/2024","2454","N604FR","PNS","14:54","14:50","-4","0","0","0","0","0"
"F9","05/01/2024","2550","N606FR","DFW","11:23","11:35","12","0","0","0","0","0"
"F9","05/01/2024","2687","N636FR","PDX","22:09","22:16","7","0","0","0","0","0"
"F9","05/01/2024","2705","N637FR","SAN","15:45","15:48","3","0","0","0","0","0"
"F9","05/01/2024","2706","N638FR","BWI","06:00","05:55","-5","0","0","0","0","0"
"F9","05/01/2024","2752","N312FR","BUF","15:46","15:56","10","0","0","0","0","0"
"F9","05/01/2024","2817","N603FR","SAN","06:51","06:43","-8","0","0","0","0","0"
"F9","05/01/2024","3172","N721FR","ORD","21:27","21:38","11","0","0","0","0","0"
"F9","05/01/2024","3230","N359FR","IAH","05:15","05:15","0","0","0","0","0","0"
"F9","05/01/2024","3266","N338FR","PHL","00:11","23:59","-12","0","0","0","0","0"
"F9","05/01/2024","3286","N633FR","CVG","06:31","06:26","-5","0","0","0","0","0"
"F9","05/01/2024","3294","N311FR","ATL","00:53","01:44","51","46","0","0","0","0"
"F9","05/01/2024","3312","N393FR","MCO","06:31","06:28","-3","0","0","0","0","0"
"F9","05/01/2024","3405","N704FR","SEA","14:49","14:53","4","0","0","0","0","0"
"F9","05/01/2024","3437","N624FR","SFO","17:37","17:43","6","0","0","0","0","0"
"F9","05/01/2024","3467","N359FR","PHX","22:59","23:16","17","0","0","0","0","0"
"F9","05/01/2024","3566","N301FR","DTW","05:06","05:06","0","0","0","0","0","0"
"F9","05/01/2024","3861","N381FR","SLC","07:35","07:29","-6","0","0","0","0","0"
"F9","05/01/2024","3862","N359FR","DCA","12:39","12:38","-1","0","0","0","0","0"
"F9","05/01/2024","3981","N229FR","SLC","11:35","11:30","-5","0","0","0","0","0"
"F9","05/01/2024","3982","N229FR","DCA","16:35","16:30","-5","0","0","0","0","0"
"F9","05/01/2024","4070","N622FR","DFW","18:43","18:37","-6","0","0","0","0","0"
"F9","05/01/2024","4135","N238FR","LAS","17:17","17:21","4","0","0","0","0","0"
"F9","05/01/2024","4251","N301FR","SLC","19:08","19:01","-7","0","0","0","0","0"
"F9","05/01/2024","4386","N301FR","CID","13:11","13:04","-7","0","0","0","0","0"
"F9","05/01/2024","4561","N337FR","SNA","18:08","18:39","31","0","0","0","0","23"
"F9","05/01/2024","4567","N346FR","ONT","22:35","22:32","-3","0","0","0","0","0"
"F9","05/01/2024","4611","N381FR","LAS","20:08","19:57","-11","0","0","0","0","0"
"F9","05/01/2024","4714","N332FR","TPA","15:59","16:26","27","19","0","0","0","4"
"F9","05/01/2024","4794","N332FR","FAR","10:05","09:51","-14","0","0","0","0","0"
"F9","05/01/2024","4967","N230FR","LAS","22:59","22:53","-6","0","0","0","0","0"
"F9","05/01/2024","4989","N615FR","SAN","18:44","18:34","-10","0","0","0","0","0"
"F9","05/02/2024","0066","N364FR","MIA","00:07","00:36","29","26","0","0","0","0"
"F9","05/02/2024","0094","N701FR","MCI","06:31","06:47","16","16","0","0","0","0"
"F9","05/02/2024","0686","N318FR","DCA","06:39","06:39","0","0","0","21","0","0"
"F9","05/02/2024","0688","N312FR","DCA","12:47","12:43","-4","0","0","0","0","0"
"F9","05/02/2024","1066","N704FR","GRB","12:11","13:16","65","0","0","0","0","55"
"F9","05/02/2024","1093","N636FR","SFO","14:04","14:44","40","0","0","40","0","0"
"F9","05/02/2024","1114","N705FR","TPA","06:15","06:41","26","0","0","0","0","0"
"F9","05/02/2024","1150","N637FR","MSP","07:05","07:02","-3","0","0","0","0","0"
"F9","05/02/2024","1162","N341FR","HOU","11:20","13:05","105","90","0","18","0","15"
"F9","05/02/2024","1261","N232FR","ONT","05:01","04:57","-4","0","0","0","0","0"
"F9","05/02/2024","1292","N615FR","MSP","18:58","19:36","38","0","0","0","0","31"
"F9","05/02/2024","1324","N341FR","DFW","05:11","05:02","-9","0","0","32","0","0"
"F9","05/02/2024","1362","N713FR","CLT","06:54","11:05","251","3","0","11","0","248"
"F9","05/02/2024","1375","N614FR","PHX","11:13","11:36","23","0","0","9","0","23"
"F9","05/02/2024","1402","N716FR","BNA","15:56","16:10","14","0","0","0","0","0"
"F9","05/02/2024","1499","N624FR","ONT","22:32","22:34","2","0","0","16","0","2"
"F9","05/02/2024","1560","N332FR","MSN","12:08","15:55","227","222","0","0","0","4"
"F9","05/02/2024","1734","N635FR","MCO","00:31","01:10","39","21","0","0","0","0"
"F9","05/02/2024","1789","N312FR","PDX","05:25","05:32","7","0","0","0","0","0"
"F9","05/02/2024","1816","N393FR","AUS","06:00","05:53","-7","0","0","0","0","0"
"F9","05/02/2024","1819","N309FR","PHX","08:54","08:40","-14","0","0","0","0","0"
"F9","05/02/2024","1864","N393FR","OKC","12:21","12:11","-10","0","0","0","0","0"
"F9","05/02/2024","1918","N313FR","CLE","05:20","05:12","-8","0","0","0","0","0"
"F9","05/02/2024","1993","N304FR","LAS","06:36","06:26","-10","0","0","0","0","0"
"F9","05/02/2024","2015","N352FR","LAS","09:55","09:49","-6","0","0","0","0","0"
"F9","05/02/2024","2105","N352FR","PHX","20:58","20:48","-10","0","0","0","0","0"
"F9","05/02/2024","2141","N705FR","PHX","17:12","17:10","-2","0","0","0","0","0"
"F9","05/02/2024","2148","N378FR","DFW","07:59","08:10","11","0","0","0","0","0"
"F9","05/02/2024","2210","N332FR","MDW","05:11","05:00","-11","0","0","0","0","0"
"F9","05/02/2024","2261","N229FR","ELP","17:06","17:09","3","0","0","0","0","0"
"F9","05/02/2024","2341","N334FR","LAX","19:03","19:24","21","5","0","0","0","13"
"F9","05/02/2024","2346","N347FR","IND","17:25","17:28","3","0","0","0","0","0"
"F9","05/02/2024","2349","N334FR","LAS","12:31","13:16","45","5","0","0","0","34"
"F9","05/02/2024","2350","N304FR","MEM","12:24","12:24","0","0","0","0","0","0"
"F9","05/02/2024","2382","N637FR","ORF","13:29","13:34","5","0","0","24","0","5"
"F9","05/02/2024","2429","N230FR","LAS","14:59","14:46","-13","0","0","0","0","0"
"F9","05/02/2024","2438","N631FR","RDU","15:21","15:14","-7","0","0","0","0","0"
"F9","05/02/2024","2550","N720FR","DFW","16:47","16:44","-3","0","0","0","0","0"
"F9","05/02/2024","2687","N708FR","PDX","22:09","22:21","12","0","0","0","0","0"
"F9","05/02/2024","2817","N715FR","SAN","06:30","06:30","0","0","0","0","0","0"
"F9","05/02/2024","2823","N393FR","SLC","17:52","18:16","24","0","0","0","0","0"
"F9","05/02/2024","2946","N341FR","MDW","18:36","20:06","90","0","0","42","0","90"
"F9","05/02/2024","3040","","IAH","12:58","00:00","0","0","0","0","0","0"
"F9","05/02/2024","3172","N644FR","ORD","21:27","21:27","0","0","0","0","0","0"
"F9","05/02/2024","3230","N638FR","IAH","05:01","04:59","-2","0","0","0","0","0"
"F9","05/02/2024","3266","N301FR","PHL","00:01","01:02","61","35","0","0","0","24"
"F9","05/02/2024","3278","N346FR","BMI","11:56","11:52","-4","0","0","0","0","0"
"F9","05/02/2024","3279","N646FR","DFW","18:53","19:27","34","34","0","26","0","0"
"F9","05/02/2024","3286","N360FR","CVG","16:38","17:43","65","0","0","0","0","63"
"F9","05/02/2024","3294","N379FR","ATL","00:53","01:24","31","0","0","0","0","16"
"F9","05/02/2024","3302","N624FR","STL","07:30","07:26","-4","0","0","0","0","0"
"F9","05/02/2024","3312","N337FR","MCO","07:07","06:57","-10","0","0","0","0","0"
"F9","05/02/2024","3435","N636FR","SFO","21:52","23:28","96","0","0","83","0","15"
"F9","05/02/2024","3467","N324FR","PHX","22:59","00:21","82","48","0","0","0","14"
"F9","05/02/2024","3566","N631FR","DTW","07:00","07:14","14","0","0","0","0","0"
"F9","05/02/2024","3861","N636FR","SLC","05:30","05:45","15","0","0","0","0","0"
"F9","05/02/2024","3981","N232FR","SLC","11:31","12:02","31","29","0","0","0","2"
"F9","05/02/2024","3982","N318FR","DCA","16:35","17:44","69","65","0","0","0","0"
"F9","05/02/2024","4135","N324FR","LAS","17:07","17:04","-3","0","0","0","0","0"
"F9","05/02/2024","4344","N704FR","XNA","06:55","07:00","5","5","0","31","0","0"
"F9","05/02/2024","4374","N720FR","PIT","07:45","07:40","-5","0","0","0","0","0"
"F9","05/02/2024","4386","N715FR","CID","13:36","13:39","3","0","0","0","0","0"
"F9","05/02/2024","4420","N605FR","MSY","16:23","16:32","9","0","0","0","0","0"
"F9","05/02/2024","4450","N624FR","PNS","14:12","14:31","19","2","0","2","0","17"
"F9","05/02/2024","4561","N645FR","SNA","18:22","19:09","47","0","0","0","0","0"
"F9","05/02/2024","4576","N374FR","CMH","15:50","16:05","15","0","0","0","0","0"
"F9","05/02/2024","4611","N715FR","LAS","19:53","21:29","96","21","0","0","0","66"
"F9","05/02/2024","4625","N392FR","SEA","19:05","20:43","98","6","0","0","0","77"
"F9","05/02/2024","4712","N342FR","TPA","18:04","18:17","13","0","0","0","0","0"
"F9","05/02/2024","4776","","LIT","12:17","00:00","0","0","0","0","0","0"
"F9","05/02/2024","4794","N346FR","FAR","06:00","05:55","-5","0","0","0","0","0"
"F9","05/02/2024","4856","N346FR","IAH","17:58","19:02","64","8","0","46","0","56"
"F9","05/02/2024","4927","N229FR","SAN","10:11","10:06","-5","0","0","0","0","0"
"F9","05/02/2024","4967","N323FR","LAS","22:59","00:07","68","0","0","0","0","67"
"F9","05/02/2024","4989","N704FR","SAN","19:31","20:13","42","0","0","0","0","24"
"F9","05/03/2024","0006","N341FR","STL","06:41","06:36","-5","0","0","0","0","0"
"F9","05/03/2024","0066","N374FR","MIA","00:07","00:34","27","20","0","0","0","0"
"F9","05/03/2024","0094","N605FR","MCI","06:31","06:33","2","0","0","0","0","0"
"F9","05/03/2024","0686","N392FR","DCA","06:39","06:36","-3","0","0","0","0","0"
"F9","05/03/2024","0688","N347FR","DCA","12:39","13:21","42","0","0","0","0","41"
"F9","05/03/2024","0689","N347FR","SFO","22:04","22:34","30","0","0","26","0","14"
"F9","05/03/2024","1063","N620FR","SMF","08:40","08:35","-5","0","0","0","0","0"
"F9","05/03/2024","1064","N620FR","MSN","16:59","16:53","-6","0","0","0","0","0"
"F9","05/03/2024","1093","N610FR","SFO","17:59","17:56","-3","0","0","15","0","0"
"F9","05/03/2024","1114","N342FR","TPA","09:15","09:09","-6","0","0","0","0","0"
"F9","05/03/2024","1128","N375FR","OMA","06:41","06:33","-8","0","0","0","0","0"
"F9","05/03/2024","1150","N646FR","MSP","05:40","05:39","-1","0","0","0","0","0"
"F9","05/03/2024","1162","N304FR","HOU","11:29","11:24","-5","0","0","0","0","0"
"F9","05/03/2024","1248","N318FR","GRR","15:45","15:38","-7","0","0","0","0","0"
"F9","05/03/2024","1261","N332FR","ONT","05:01","04:57","-4","0","0","0","0","0"
"F9","05/03/2024","1291","N346FR","SNA","18:36","18:33","-3","0","0","0","0","0"
"F9","05/03/2024","1324","N638FR","DFW","05:01","04:56","-5","0","0","20","0","0"
"F9","05/03/2024","1362","N312FR","CLT","07:05","07:05","0","0","0","0","0","0"
"F9","05/03/2024","1402","N631FR","BNA","15:59","15:55","-4","0","0","0","0","0"
"F9","05/03/2024","1450","N716FR","ATL","06:31","06:25","-6","0","0","0","0","0"
"F9","05/03/2024","1499","N637FR","ONT","22:31","23:11","40","0","0","0","0","21"
"F9","05/03/2024","1607","N646FR","SEA","19:25","19:48","23","6","0","0","0","13"
"F9","05/03/2024","1608","N646FR","MKE","12:10","12:00","-10","0","0","0","0","0"
"F9","05/03/2024","1702","N615FR","SYR","14:26","14:13","-13","0","0","0","0","0"
"F9","05/03/2024","1734","N338FR","MCO","00:21","00:27","6","0","0","0","0","0"
"F9","05/03/2024","1816","N304FR","AUS","05:06","05:02","-4","0","0","0","0","0"
"F9","05/03/2024","1819","N309FR","PHX","09:39","09:30","-9","0","0","0","0","0"
"F9","05/03/2024","1993","N346FR","LAS","06:41","06:48","7","0","0","0","0","0"
"F9","05/03/2024","2015","N301FR","LAS","09:55","09:47","-8","0","0","0","0","0"
"F9","05/03/2024","2105","N606FR","PHX","20:59","21:33","34","26","0","0","0","0"
"F9","05/03/2024","2108","N365FR","FSD","13:23","13:17","-6","0","0","0","0","0"
"F9","05/03/2024","2141","N232FR","PHX","12:17","12:38","21","21","0","41","0","0"
"F9","05/03/2024","2148","N337FR","DFW","07:59","08:01","2","0","0","0","0","0"
"F9","05/03/2024","2210","N396FR","MDW","08:11","08:01","-10","0","0","0","0","0"
"F9","05/03/2024","2261","N334FR","ELP","17:12","17:00","-12","0","0","0","0","0"
"F9","05/03/2024","2341","N390FR","LAX","19:03","20:16","73","42","0","0","0","22"
"F9","05/03/2024","2348","N624FR","IND","15:46","15:46","0","0","0","0","0","0"
"F9","05/03/2024","2349","N390FR","LAS","12:31","13:02","31","16","0","0","0","14"
"F9","05/03/2024","2358","N365FR","SAT","18:47","18:54","7","7","0","15","0","0"
"F9","05/03/2024","2359","N705FR","SEA","14:54","14:51","-3","0","0","0","0","0"
"F9","05/03/2024","2360","N705FR","MSY","07:00","07:00","0","0","0","0","0","0"
"F9","05/03/2024","2374","N365FR","TYS","05:11","05:05","-6","0","0","0","0","0"
"F9","05/03/2024","2429","N338FR","LAS","14:59","14:48","-11","0","0","0","0","0"
"F9","05/03/2024","2438","N716FR","RDU","15:16","15:16","0","0","0","0","0","0"
"F9","05/03/2024","2454","N637FR","PNS","13:33","13:27","-6","0","0","0","0","0"
"F9","05/03/2024","2550","N638FR","DFW","11:29","11:28","-1","0","0","0","0","0"
"F9","05/03/2024","2687","N312FR","PDX","22:09","22:01","-8","0","0","0","0","0"
"F9","05/03/2024","2706","N624FR","BWI","06:00","05:53","-7","0","0","0","0","0"
"F9","05/03/2024","2752","N615FR","BUF","05:01","04:59","-2","0","0","0","0","0"
"F9","05/03/2024","2816","N606FR","OKC","13:14","13:07","-7","0","0","0","0","0"
"F9","05/03/2024","2817","N708FR","SAN","06:35","06:30","-5","0","0","0","0","0"
"F9","05/03/2024","2818","N708FR","DSM","13:33","13:30","-3","0","0","0","0","0"
"F9","05/03/2024","3101","N346FR","MSO","12:42","12:36","-6","0","0","0","0","0"
"F9","05/03/2024","3172","N701FR","ORD","21:27","21:25","-2","0","0","0","0","0"
"F9","05/03/2024","3230","N347FR","IAH","05:15","05:12","-3","0","0","74","0","0"
"F9","05/03/2024","3266","N393FR","PHL","00:11","00:20","9","0","0","0","0","0"
"F9","05/03/2024","3286","N606FR","CVG","05:11","05:05","-6","0","0","0","0","0"
"F9","05/03/2024","3290","N642FR","MSP","18:59","18:56","-3","0","0","0","0","0"
"F9","05/03/2024","3294","N385FR","ATL","00:51","02:06","75","65","0","0","0","0"
"F9","05/03/2024","3312","N636FR","MCO","06:41","07:00","19","0","0","0","0","0"
"F9","05/03/2024","3467","N705FR","PHX","22:59","23:06","7","0","0","0","0","0"
"F9","05/03/2024","3566","N637FR","DTW","05:06","05:06","0","0","0","0","0","0"
"F9","05/03/2024","3861","N354FR","SLC","05:30","05:19","-11","0","0","0","0","0"
"F9","05/03/2024","3981","N332FR","SLC","11:35","11:27","-8","0","0","0","0","0"
"F9","05/03/2024","3982","N332FR","DCA","16:35","16:33","-2","0","0","18","0","0"
"F9","05/03/2024","4070","N708FR","DFW","19:25","20:02","37","3","0","27","0","34"
"F9","05/03/2024","4135","N323FR","LAS","17:37","18:20","43","43","0","12","0","0"
"F9","05/03/2024","4251","N375FR","SLC","18:31","18:29","-2","0","0","0","0","0"
"F9","05/03/2024","4385","N354FR","LAS","19:50","19:59","9","0","0","0","0","0"
"F9","05/03/2024","4386","N354FR","CID","13:53","13:56","3","0","0","0","0","0"
"F9","05/03/2024","4714","N392FR","TPA","16:12","16:07","-5","0","0","0","0","0"
"F9","05/03/2024","4794","N318FR","FAR","10:05","09:53","-12","0","0","0","0","0"
"F9","05/03/2024","4856","N304FR","IAH","18:31","19:49","78","0","0","5","0","78"
"F9","05/03/2024","4967","N328FR","LAS","22:59","23:24","25","0","0","0","0","0"
"F9","05/03/2024","4989","N638FR","SAN","18:05","18:07","2","0","0","0","0","0"
"F9","05/03/2024","4993","N375FR","SAN","11:44","11:41","-3","0","0","0","0","0"
"F9","05/04/2024","0006","N228FR","STL","06:41","06:37","-4","0","0","0","0","0"
"F9","05/04/2024","0686","N347FR","DCA","06:39","06:35","-4","0","0","0","0","0"
"F9","05/04/2024","1114","N349FR","TPA","09:15","09:28","13","0","0","0","0","0"
"F9","05/04/2024","1128","N354FR","OMA","06:01","05:58","-3","0","0","0","0","0"
"F9","05/04/2024","1150","N646FR","MSP","05:11","05:06","-5","0","0","0","0","0"
"F9","05/04/2024","1229","N622FR","SFO","18:13","18:19","6","0","0","12","0","6"
"F9","05/04/2024","1248","N610FR","GRR","05:20","05:10","-10","0","0","0","0","0"
"F9","05/04/2024","1261","N620FR","ONT","05:01","05:00","-1","0","0","0","0","0"
"F9","05/04/2024","1324","N631FR","DFW","05:01","05:06","5","0","0","0","0","0"
"F9","05/04/2024","1362","N704FR","CLT","06:54","06:50","-4","0","0","0","0","0"
"F9","05/04/2024","1402","N392FR","BNA","15:59","15:50","-9","0","0","0","0","0"
"F9","05/04/2024","1450","N624FR","ATL","06:31","06:30","-1","0","0","0","0","0"
"F9","05/04/2024","1499","N376FR","ONT","22:35","22:25","-10","0","0","0","0","0"
"F9","05/04/2024","1500","N620FR","MSP","11:56","11:56","0","0","0","0","0","0"
"F9","05/04/2024","1559","N359FR","SLC","19:20","19:10","-10","0","0","39","0","0"
"F9","05/04/2024","1560","N359FR","MSN","12:57","13:08","11","0","0","0","0","0"
"F9","05/04/2024","1592","N354FR","MDW","17:14","17:31","17","0","0","48","0","0"
"F9","05/04/2024","1678","N646FR","DSM","11:29","11:46","17","0","0","0","0","0"
"F9","05/04/2024","1734","N313FR","MCO","00:15","00:48","33","11","0","0","0","6"
"F9","05/04/2024","1816","N344FR","AUS","05:06","05:04","-2","0","0","0","0","0"
"F9","05/04/2024","1819","N356FR","PHX","09:19","09:13","-6","0","0","0","0","0"
"F9","05/04/2024","1918","N642FR","CLE","09:25","09:23","-2","0","0","0","0","0"
"F9","05/04/2024","1993","N622FR","LAS","06:00","06:16","16","0","0","0","0","0"
"F9","05/04/2024","2015","N718FR","LAS","10:05","10:00","-5","0","0","0","0","0"
"F9","05/04/2024","2105","N328FR","PHX","21:16","21:46","30","0","0","0","0","0"
"F9","05/04/2024","2108","N716FR","FSD","12:16","12:08","-8","0","0","0","0","0"
"F9","05/04/2024","2115","N332FR","PHX","15:42","15:39","-3","0","0","0","0","0"
"F9","05/04/2024","2147","N631FR","SEA","11:44","11:56","12","0","0","0","0","0"
"F9","05/04/2024","2148","N378FR","DFW","07:59","07:58","-1","0","0","0","0","0"
"F9","05/04/2024","2210","N365FR","MDW","13:11","13:07","-4","0","0","0","0","0"
"F9","05/04/2024","2261","N622FR","ELP","12:13","12:48","35","0","0","0","0","30"
"F9","05/04/2024","2341","N335FR","LAX","19:03","18:58","-5","0","0","0","0","0"
"F9","05/04/2024","2348","N646FR","IND","17:25","17:14","-11","0","0","0","0","0"
"F9","05/04/2024","2349","N330FR","LAS","12:31","13:01","30","0","0","0","0","0"
"F9","05/04/2024","2356","N335FR","SAT","05:06","05:39","33","20","0","0","0","0"
"F9","05/04/2024","2374","N318FR","TYS","05:11","05:07","-4","0","0","0","0","0"
"F9","05/04/2024","2429","N323FR","LAS","14:59","14:49","-10","0","0","0","0","0"
"F9","05/04/2024","2438","N624FR","RDU","15:16","15:11","-5","0","0","0","0","0"
"F9","05/04/2024","2454","N607FR","PNS","16:59","16:52","-7","0","0","0","0","0"
"F9","05/04/2024","2550","N354FR","DFW","11:04","11:20","16","0","0","0","0","0"
"F9","05/04/2024","2687","N704FR","PDX","22:09","22:08","-1","0","0","0","0","0"
"F9","05/04/2024","2706","N708FR","BWI","06:31","06:30","-1","0","0","0","0","0"
"F9","05/04/2024","2752","N610FR","BUF","13:05","12:59","-6","0","0","0","0","0"
"F9","05/04/2024","2817","N713FR","SAN","07:00","06:53","-7","0","0","0","0","0"
"F9","05/04/2024","3101","N318FR","MSO","13:25","13:17","-8","0","0","0","0","0"
"F9","05/04/2024","3172","N713FR","ORD","21:27","21:35","8","0","0","0","0","0"
"F9","05/04/2024","3220","N375FR","MIA","00:10","00:42","32","31","0","0","0","0"
"F9","05/04/2024","3230","N304FR","IAH","05:15","05:11","-4","0","0","0","0","0"
"F9","05/04/2024","3266","N388FR","PHL","00:11","00:02","-9","0","0","20","0","0"
"F9","05/04/2024","3286","N721FR","CVG","06:31","06:37","6","0","0","0","0","0"
"F9","05/04/2024","3294","N346FR","ATL","00:54","01:06","12","7","0","4","0","5"
"F9","05/04/2024","3312","N637FR","MCO","06:41","06:47","6","0","0","0","0","0"
"F9","05/04/2024","3566","N365FR","DTW","05:01","04:53","-8","0","0","0","0","0"
"F9","05/04/2024","3725","N605FR","SFO","22:04","21:57","-7","0","0","15","0","0"
"F9","05/04/2024","3861","N376FR","SLC","07:35","07:28","-7","0","0","0","0","0"
"F9","05/04/2024","3862","N376FR","DCA","12:39","12:37","-2","0","0","0","0","0"
"F9","05/04/2024","3981","N344FR","SLC","11:31","11:24","-7","0","0","0","0","0"
"F9","05/04/2024","3982","N344FR","DCA","16:35","16:29","-6","0","0","0","0","0"
"F9","05/04/2024","4070","N339FR","DFW","18:50","18:50","0","0","0","0","0","0"
"F9","05/04/2024","4344","N713FR","XNA","14:01","14:26","25","14","0","0","0","2"
"F9","05/04/2024","4385","N304FR","SNA","18:04","17:53","-11","0","0","0","0","0"
"F9","05/04/2024","4386","N304FR","CID","12:11","11:59","-12","0","0","0","0","0"
"F9","05/04/2024","4611","N631FR","LAS","20:02","20:05","3","0","0","0","0","0"
"F9","05/04/2024","4637","N642FR","SMF","18:23","18:20","-3","0","0","0","0","0"
"F9","05/04/2024","4647","N620FR","SEA","18:22","18:18","-4","0","0","0","0","0"
"F9","05/04/2024","4714","N708FR","TPA","16:16","16:13","-3","0","0","0","0","0"
"F9","05/04/2024","4794","N332FR","FAR","10:05","10:02","-3","0","0","0","0","0"
"F9","05/04/2024","4858","N638FR","IAH","18:25","18:43","18","1","0","23","0","17"
"F9","05/04/2024","4927","N335FR","SAN","11:49","11:55","6","0","0","0","0","0"
"F9","05/04/2024","4965","N309FR","LAS","22:52","22:50","-2","0","0","0","0","0"
"F9","05/04/2024","4989","N615FR","SAN","18:44","19:30","46","43","0","0","0","0"
"F9","05/05/2024","0066","N318FR","MIA","00:10","00:21","11","0","0","0","0","0"
"F9","05/05/2024","0094","N610FR","MCI","06:41","06:44","3","0","0","0","0","0"
"F9","05/05/2024","0685","N347FR","SLC","10:05","10:04","-1","0","0","70","0","0"
"F9","05/05/2024","0686","N332FR","DCA","06:39","06:32","-7","0","0","0","0","0"
"F9","05/05/2024","0688","N385FR","DCA","12:45","12:40","-5","0","0","0","0","0"
"F9","05/05/2024","0689","N385FR","SFO","22:04","22:49","45","0","0","51","0","0"
"F9","05/05/2024","0690","N229FR","DCA","16:35","16:54","19","0","0","0","0","0"
"F9","05/05/2024","1066","N708FR","GRB","17:32","17:34","2","0","0","0","0","0"
"F9","05/05/2024","1093","N622FR","SFO","18:07","18:24","17","5","0","13","0","12"
"F9","05/05/2024","1114","N708FR","TPA","06:41","06:38","-3","0","0","0","0","0"
"F9","05/05/2024","1150","N229FR","MSP","05:01","04:56","-5","0","0","0","0","0"
"F9","05/05/2024","1162","N392FR","HOU","11:57","11:56","-1","0","0","34","0","0"
"F9","05/05/2024","1261","N638FR","ONT","05:06","04:59","-7","0","0","0","0","0"
"F9","05/05/2024","1294","N624FR","MSP","18:52","18:56","4","4","0","13","0","0"
"F9","05/05/2024","1324","N368FR","DFW","05:01","04:56","-5","0","0","0","0","0"
"F9","05/05/2024","1362","N323FR","CLT","06:54","07:00","6","0","0","0","0","0"
"F9","05/05/2024","1375","N622FR","PHX","05:11","05:03","-8","0","0","0","0","0"
"F9","05/05/2024","1402","N701FR","BNA","09:25","09:18","-7","0","0","0","0","0"
"F9","05/05/2024","1499","N376FR","ONT","22:35","22:24","-11","0","0","0","0","0"
"F9","05/05/2024","1734","N363FR","MCO","00:21","00:16","-5","0","0","0","0","0"
"F9","05/05/2024","1789","N638FR","PDX","11:56","11:50","-6","0","0","0","0","0"
"F9","05/05/2024","1816","N646FR","AUS","06:50","06:42","-8","0","0","0","0","0"
"F9","05/05/2024","1819","N386FR","PHX","08:54","08:43","-11","0","0","0","0","0"
"F9","05/05/2024","1864","N229FR","OKC","11:10","11:06","-4","0","0","0","0","0"
"F9","05/05/2024","1918","N339FR","CLE","05:15","05:06","-9","0","0","0","0","0"
"F9","05/05/2024","1993","N716FR","LAS","06:00","05:58","-2","0","0","0","0","0"
"F9","05/05/2024","2015","N625FR","LAS","09:14","09:48","34","0","0","0","0","30"
"F9","05/05/2024","2105","N614FR","PHX","20:59","20:55","-4","0","0","0","0","0"
"F9","05/05/2024","2148","N361FR","DFW","08:14","08:26","12","0","0","0","0","0"
"F9","05/05/2024","2210","N354FR","MDW","05:06","05:00","-6","0","0","0","0","0"
"F9","05/05/2024","2261","N309FR","ELP","17:12","19:26","134","0","0","0","0","133"
"F9","05/05/2024","2341","N349FR","LAX","19:03","19:48","45","45","0","3","0","0"
"F9","05/05/2024","2346","N607FR","IND","12:19","12:32","13","0","0","0","0","0"
"F9","05/05/2024","2349","N335FR","LAS","12:31","13:36","65","0","0","59","0","8"
"F9","05/05/2024","2382","N701FR","ORF","16:34","17:01","27","0","0","14","0","27"
"F9","05/05/2024","2429","N301FR","LAS","15:02","15:32","30","0","0","43","0","0"
"F9","05/05/2024","2438","N704FR","RDU","15:21","16:43","82","82","0","12","0","0"
"F9","05/05/2024","2550","N719FR","DFW","16:42","18:28","106","0","0","0","0","91"
"F9","05/05/2024","2687","N642FR","PDX","22:09","23:14","65","18","0","28","0","47"
"F9","05/05/2024","2817","N359FR","SAN","06:00","05:52","-8","0","0","0","0","0"
"F9","05/05/2024","2818","N359FR","MSN","12:38","12:25","-13","0","0","0","0","0"
"F9","05/05/2024","2946","N368FR","MDW","18:10","17:59","-11","0","0","0","0","0"
"F9","05/05/2024","3040","N642FR","IAH","14:46","14:41","-5","0","0","63","0","0"
"F9","05/05/2024","3172","N713FR","ORD","21:27","22:03","36","0","0","0","0","22"
"F9","05/05/2024","3230","N392FR","IAH","05:01","05:35","34","26","0","0","0","0"
"F9","05/05/2024","3266","N380FR","PHL","00:11","00:12","1","1","0","24","0","0"
"F9","05/05/2024","3278","N709FR","BMI","16:08","16:05","-3","0","0","0","0","0"
"F9","05/05/2024","3286","N331FR","CVG","17:24","20:58","214","2","0","4","0","212"
"F9","05/05/2024","3294","N304FR","ATL","00:38","01:21","43","28","0","0","0","0"
"F9","05/05/2024","3302","N622FR","STL","11:20","11:12","-8","0","0","0","0","0"
"F9","05/05/2024","3312","N605FR","MCO","06:30","06:40","10","0","0","0","0","0"
"F9","05/05/2024","3467","N347FR","PHX","22:59","00:45","106","0","0","0","0","98"
"F9","05/05/2024","3566","N642FR","DTW","06:31","06:27","-4","0","0","0","0","0"
"F9","05/05/2024","3861","N376FR","SLC","06:00","05:50","-10","0","0","0","0","0"
"F9","05/05/2024","3982","N347FR","MSY","15:00","17:10","130","0","0","0","0","121"
"F9","05/05/2024","4076","N390FR","DFW","19:01","20:45","104","59","0","0","0","43"
"F9","05/05/2024","4135","N330FR","LAS","17:07","18:19","72","0","0","67","0","2"
"F9","05/05/2024","4251","N620FR","SLC","12:11","12:39","28","28","0","19","0","0"
"F9","05/05/2024","4344","N354FR","XNA","12:33","12:24","-9","0","0","0","0","0"
"F9","05/05/2024","4374","N704FR","PIT","06:40","06:37","-3","0","0","0","0","0"
"F9","05/05/2024","4386","N646FR","CID","13:34","13:24","-10","0","0","0","0","0"
"F9","05/05/2024","4450","N376FR","PNS","14:04","13:55","-9","0","0","0","0","0"
"F9","05/05/2024","4561","N354FR","SNA","18:14","18:18","4","0","0","0","0","0"
"F9","05/05/2024","4576","N332FR","CMH","15:50","15:46","-4","0","0","0","0","0"
"F9","05/05/2024","4626","N620FR","MEM","05:06","04:55","-11","0","0","0","0","0"
"F9","05/05/2024","4635","N605FR","PHX","17:12","17:12","0","0","0","0","0","0"
"F9","05/05/2024","4649","N359FR","SEA","19:31","19:33","2","0","0","0","0","0"
"F9","05/05/2024","4712","N392FR","TPA","18:24","20:49","145","7","0","0","0","132"
"F9","05/05/2024","4776","N624FR","LIT","12:16","12:08","-8","0","0","0","0","0"
"F9","05/05/2024","4794","N385FR","FAR","07:07","06:59","-8","0","0","0","0","0"
"F9","05/05/2024","4856","N620FR","IAH","17:43","18:40","57","11","0","2","0","46"
"F9","05/05/2024","4927","N368FR","SAN","11:16","11:04","-12","0","0","0","0","0"
"F9","05/05/2024","4967","N709FR","LAS","22:59","23:31","32","20","0","0","0","0"
"F9","05/05/2024","4971","N607FR","LAS","20:03","19:56","-7","0","0","0","0","0"
"F9","05/05/2024","4989","N606FR","SAN","19:43","19:51","8","0","0","0","0","0"
"F9","05/06/2024","0006","N385FR","STL","06:41","06:38","-3","0","0","17","0","0"
"F9","05/06/2024","0066","N329FR","MIA","00:07","06:33","386","383","0","0","0","0"
"F9","05/06/2024","0686","N367FR","DCA","06:39","06:34","-5","0","0","0","0","0"
"F9","05/06/2024","0688","N368FR","DCA","12:39","14:05","86","7","0","21","0","79"
"F9","05/06/2024","1089","","SFO","18:27","00:00","0","0","0","0","0","0"
"F9","05/06/2024","1114","N382FR","TPA","09:15","09:08","-7","0","0","0","0","0"
"F9","05/06/2024","1128","N376FR","OMA","06:36","06:35","-1","0","0","0","0","0"
"F9","05/06/2024","1150","N368FR","MSP","06:31","06:24","-7","0","0","0","0","0"
"F9","05/06/2024","1162","","HOU","11:41","00:00","0","0","0","0","0","0"
"F9","05/06/2024","1175","N622FR","SEA","05:11","05:04","-7","0","0","0","0","0"
"F9","05/06/2024","1261","N359FR","ONT","05:01","04:57","-4","0","0","0","0","0"
"F9","05/06/2024","1324","N620FR","DFW","05:01","04:57","-4","0","0","0","0","0"
"F9","05/06/2024","1362","N390FR","CLT","06:54","06:53","-1","0","0","31","0","0"
"F9","05/06/2024","1402","N605FR","BNA","05:06","05:03","-3","0","0","0","0","0"
"F9","05/06/2024","1450","N642FR","ATL","06:31","07:24","53","13","0","0","0","37"
"F9","05/06/2024","1499","N228FR","ONT","22:35","22:55","20","9","0","0","0","11"
"F9","05/06/2024","1560","N704FR","MSN","12:16","13:37","81","0","0","8","0","81"
"F9","05/06/2024","1608","N638FR","MKE","05:01","04:59","-2","0","0","0","0","0"
"F9","05/06/2024","1677","N364FR","SNA","18:07","18:27","20","0","0","0","0","0"
"F9","05/06/2024","1702","N720FR","SYR","15:35","17:20","105","3","0","0","0","101"
"F9","05/06/2024","1734","N354FR","MCO","00:21","00:45","24","0","0","0","0","0"
"F9","05/06/2024","1816","N323FR","AUS","05:06","04:58","-8","0","0","0","0","0"
"F9","05/06/2024","1819","N356FR","PHX","09:39","10:59","80","6","0","11","0","74"
"F9","05/06/2024","1820","N708FR","GRR","14:33","16:05","92","0","0","0","0","81"
"F9","05/06/2024","1864","N622FR","OKC","13:12","15:06","114","0","0","0","0","99"
"F9","05/06/2024","1993","N380FR","LAS","06:41","06:41","0","0","0","0","0","0"
"F9","05/06/2024","2015","N348FR","LAS","09:55","11:07","72","0","0","18","0","72"
"F9","05/06/2024","2103","N712FR","PHX","20:37","20:54","17","0","0","0","0","0"
"F9","05/06/2024","2108","N701FR","FSD","13:17","14:26","69","0","0","0","0","67"
"F9","05/06/2024","2141","N638FR","PHX","12:17","13:25","68","0","0","6","0","68"
"F9","05/06/2024","2148","N344FR","DFW","07:19","07:18","-1","0","0","0","0","0"
"F9","05/06/2024","2210","N334FR","MDW","08:11","08:08","-3","0","0","35","0","0"
"F9","05/06/2024","2261","N384FR","ELP","17:12","20:10","178","0","0","1","0","178"
"F9","05/06/2024","2341","N638FR","LAX","19:03","21:54","171","11","0","47","0","160"
"F9","05/06/2024","2349","N335FR","LAS","12:31","20:32","481","298","0","0","0","181"
"F9","05/06/2024","2350","N380FR","DSM","12:34","13:37","63","0","0","3","0","63"
"F9","05/06/2024","2356","N378FR","SAT","07:30","07:19","-11","0","0","0","0","0"
"F9","05/06/2024","2374","N646FR","TYS","05:06","04:56","-10","0","0","0","0","0"
"F9","05/06/2024","2429","N338FR","LAS","14:59","16:14","75","0","0","0","0","74"
"F9","05/06/2024","2438","N721FR","RDU","15:16","15:40","24","0","0","16","0","24"
"F9","05/06/2024","2454","N607FR","PNS","16:16","18:26","130","3","0","16","0","127"
"F9","05/06/2024","2550","N646FR","DFW","13:18","16:30","192","106","0","0","0","67"
"F9","05/06/2024","2687","N610FR","PDX","22:09","22:06","-3","0","0","0","0","0"
"F9","05/06/2024","2706","N607FR","BWI","06:31","06:48","17","0","0","0","0","0"
"F9","05/06/2024","2752","N605FR","BUF","12:55","14:34","99","4","0","28","0","95"
"F9","05/06/2024","2817","N721FR","SAN","06:50","06:47","-3","0","0","0","0","0"
"F9","05/06/2024","3090","","IND","16:33","00:00","0","0","0","0","0","0"
"F9","05/06/2024","3101","N359FR","MSO","11:59","12:57","58","0","0","0","0","47"
"F9","05/06/2024","3172","N636FR","ORD","21:27","22:27","60","0","0","4","0","60"
"F9","05/06/2024","3230","N720FR","IAH","08:25","08:22","-3","0","0","23","0","0"
"F9","05/06/2024","3266","N386FR","PHL","00:01","00:28","27","0","0","10","0","27"
"F9","05/06/2024","3286","N624FR","CVG","06:31","06:25","-6","0","0","0","0","0"
"F9","05/06/2024","3290","N701FR","MSP","18:57","19:48","51","0","0","0","0","50"
"F9","05/06/2024","3294","N307FR","ATL","00:50","01:39","49","4","0","0","0","44"
"F9","05/06/2024","3312","N364FR","MCO","06:31","06:30","-1","0","0","0","0","0"
"F9","05/06/2024","3435","N605FR","SFO","22:04","00:54","170","14","0","0","0","147"
"F9","05/06/2024","3467","N367FR","PHX","22:59","00:33","94","5","0","0","0","71"
"F9","05/06/2024","3566","N701FR","DTW","05:01","05:01","0","0","0","0","0","0"
"F9","05/06/2024","3665","N620FR","SMF","18:38","20:01","83","0","0","0","0","73"
"F9","05/06/2024","3861","N708FR","SLC","06:00","05:47","-13","0","0","0","0","0"
"F9","05/06/2024","3981","","SLC","11:35","00:00","0","0","0","0","0","0"
"F9","05/06/2024","3982","N332FR","DCA","16:35","22:08","333","0","269","51","0","64"
"F9","05/06/2024","4070","N367FR","DFW","15:50","18:14","144","9","0","0","0","130"
"F9","05/06/2024","4135","N349FR","LAS","17:52","19:25","93","0","0","0","0","82"
"F9","05/06/2024","4251","N622FR","SLC","19:50","21:15","85","19","0","13","0","66"
"F9","05/06/2024","4386","N332FR","CID","13:53","13:52","-1","0","0","0","0","0"
"F9","05/06/2024","4611","N704FR","LAS","19:52","21:17","85","1","0","4","0","84"
"F9","05/06/2024","4647","N642FR","SEA","13:51","17:48","237","56","0","0","0","149"
"F9","05/06/2024","4714","N229FR","TPA","15:42","18:15","153","48","0","0","0","95"
"F9","05/06/2024","4794","N229FR","FAR","10:05","12:00","115","109","0","0","0","0"
"F9","05/06/2024","4856","N359FR","IAH","18:40","19:27","47","0","0","1","0","47"
"F9","05/06/2024","4927","N620FR","SAN","11:29","13:12","103","16","0","12","0","87"
"F9","05/06/2024","4967","N337FR","LAS","22:56","22:51","-5","0","0","0","0","0"
"F9","05/06/2024","4989","N614FR","SAN","18:05","19:49","104","0","0","0","0","92"
"F9","05/07/2024","0066","N390FR","MIA","00:10","00:23","13","0","0","0","0","0"
"F9","05/07/2024","0094","N610FR","MCI","06:31","06:40","9","0","0","0","0","0"
"F9","05/07/2024","0686","N229FR","DCA","06:39","06:32","-7","0","0","0","0","0"
"F9","05/07/2024","0690","N348FR","DCA","16:35","19:25","170","0","0","145","0","15"
"F9","05/07/2024","1066","N646FR","GRB","16:49","17:26","37","0","0","0","0","0"
"F9","05/07/2024","1093","N622FR","SFO","16:10","16:40","30","30","0","7","0","0"
"F9","05/07/2024","1114","N364FR","TPA","09:15","09:13","-2","0","0","0","0","0"
"F9","05/07/2024","1150","N708FR","MSP","05:11","05:09","-2","0","0","0","0","0"
"F9","05/07/2024","1162","N330FR","HOU","11:36","13:00","84","0","0","2","0","84"
"F9","05/07/2024","1261","N330FR","ONT","05:01","05:04","3","0","0","0","0","0"
"F9","05/07/2024","1292","","MSP","11:29","00:00","0","0","0","0","0","0"
"F9","05/07/2024","1324","N716FR","DFW","05:01","04:56","-5","0","0","0","0","0"
"F9","05/07/2024","1362","N356FR","CLT","06:54","06:48","-6","0","0","0","0","0"
"F9","05/07/2024","1402","N638FR","BNA","13:00","13:48","48","0","0","0","0","37"
"F9","05/07/2024","1499","N359FR","ONT","22:35","22:41","6","0","0","0","0","0"
"F9","05/07/2024","1734","N233FR","MCO","00:21","00:37","16","15","0","0","0","0"
"F9","05/07/2024","1815","N607FR","SEA","18:25","18:20","-5","0","0","0","0","0"
"F9","05/07/2024","1816","","AUS","11:41","00:00","0","0","0","0","0","0"
"F9","05/07/2024","1819","N367FR","PHX","09:39","09:47","8","0","0","0","0","0"
"F9","05/07/2024","1918","N368FR","CLE","05:15","05:08","-7","0","0","0","0","0"
"F9","05/07/2024","1993","N318FR","LAS","06:40","06:37","-3","0","0","0","0","0"
"F9","05/07/2024","2015","N301FR","LAS","09:55","09:55","0","0","0","0","0","0"
"F9","05/07/2024","2105","N347FR","PHX","14:24","15:15","51","2","0","0","0","48"
"F9","05/07/2024","2148","N642FR","DFW","07:29","07:24","-5","0","0","0","0","0"
"F9","05/07/2024","2210","N378FR","MDW","08:11","08:18","7","0","0","0","0","0"
"F9","05/07/2024","2261","N305FR","ELP","17:09","17:15","6","6","0","9","0","0"
"F9","05/07/2024","2341","N710FR","LAX","18:57","19:27","30","0","0","8","0","30"
"F9","05/07/2024","2348","N719FR","IND","17:20","17:14","-6","0","0","0","0","0"
"F9","05/07/2024","2349","N380FR","LAS","12:31","13:41","70","10","0","7","0","60"
"F9","05/07/2024","2360","N359FR","MSY","05:01","04:52","-9","0","0","0","0","0"
"F9","05/07/2024","2382","N332FR","ORF","15:42","16:31","49","5","0","0","0","40"
"F9","05/07/2024","2429","N606FR","LAS","15:19","16:10","51","0","0","0","0","51"
"F9","05/07/2024","2438","N605FR","RDU","15:21","16:44","83","10","0","0","0","67"
"F9","05/07/2024","2454","N359FR","PNS","13:01","14:36","95","0","0","0","0","75"
"F9","05/07/2024","2550","N708FR","DFW","10:50","13:06","136","0","0","0","0","124"
"F9","05/07/2024","2632","N708FR","DFW","17:59","20:09","130","0","0","0","0","101"
"F9","05/07/2024","2687","N721FR","PDX","22:09","22:05","-4","0","0","0","0","0"
"F9","05/07/2024","2817","N720FR","SAN","05:30","05:23","-7","0","0","0","0","0"
"F9","05/07/2024","2946","N330FR","MDW","18:38","20:24","106","0","0","0","0","76"
"F9","05/07/2024","3172","N706FR","ORD","21:27","21:44","17","17","0","11","0","0"
"F9","05/07/2024","3230","N706FR","IAH","05:45","12:54","429","10","0","10","0","419"
"F9","05/07/2024","3266","N387FR","PHL","00:11","00:11","0","0","0","36","0","0"
"F9","05/07/2024","3278","N720FR","BMI","12:30","14:40","130","0","0","0","0","90"
"F9","05/07/2024","3286","N238FR","CVG","16:38","17:47","69","0","0","7","0","69"
"F9","05/07/2024","3294","N375FR","ATL","00:53","01:42","49","19","0","0","0","24"
"F9","05/07/2024","3302","N721FR","STL","12:45","13:11","26","0","0","15","0","2"
"F9","05/07/2024","3312","N646FR","MCO","06:31","06:26","-5","0","0","0","0","0"
"F9","05/07/2024","3435","N620FR","SFO","22:04","22:14","10","0","0","0","0","0"
"F9","05/07/2024","3467","N367FR","PHX","22:59","23:55","56","0","0","0","0","42"
"F9","05/07/2024","3566","N620FR","DTW","05:06","05:02","-4","0","0","24","0","0"
"F9","05/07/2024","3861","N380FR","SLC","07:35","07:27","-8","0","0","0","0","0"
"F9","05/07/2024","3862","N228FR","DCA","12:39","13:42","63","63","0","7","0","0"
"F9","05/07/2024","3981","N318FR","SLC","12:33","13:35","62","0","0","0","0","58"
"F9","05/07/2024","4135","N232FR","LAS","17:37","18:05","28","0","0","18","0","28"
"F9","05/07/2024","4251","N720FR","SLC","19:34","21:47","133","28","0","0","0","94"
"F9","05/07/2024","4344","N620FR","XNA","13:30","14:26","56","0","0","0","0","33"
"F9","05/07/2024","4374","N719FR","PIT","07:45","07:38","-7","0","0","24","0","0"
"F9","05/07/2024","4576","N318FR","CMH","15:50","19:27","217","3","0","1","0","214"
"F9","05/07/2024","4611","","LAS","19:33","00:00","0","0","0","0","0","0"
"F9","05/07/2024","4626","N605FR","MEM","08:05","09:01","56","20","0","0","0","18"
"F9","05/07/2024","4635","N634FR","PHX","19:25","21:33","128","0","0","24","0","99"
"F9","05/07/2024","4776","N305FR","LIT","10:15","10:11","-4","0","0","0","0","0"
"F9","05/07/2024","4794","N332FR","FAR","10:05","09:58","-7","0","0","0","0","0"
"F9","05/07/2024","4967","N606FR","LAS","22:54","23:04","10","0","0","0","0","0"
"F9","05/07/2024","4989","N711FR","SAN","18:44","19:04","20","15","0","4","0","5"
"F9","05/08/2024","0006","N330FR","STL","06:41","06:35","-6","0","0","0","0","0"
"F9","05/08/2024","0066","N386FR","MIA","00:10","00:28","18","0","0","0","0","0"
"F9","05/08/2024","0686","N332FR","DCA","06:39","06:32","-7","0","0","0","0","0"
"F9","05/08/2024","1114","N388FR","TPA","09:15","09:12","-3","0","0","0","0","0"
"F9","05/08/2024","1128","N620FR","OMA","06:00","05:57","-3","0","0","0","0","0"
"F9","05/08/2024","1150","N708FR","MSP","05:11","05:05","-6","0","0","0","0","0"
"F9","05/08/2024","1162","N228FR","HOU","12:21","12:13","-8","0","0","0","0","0"
"F9","05/08/2024","1248","N634FR","GRR","12:30","12:26","-4","0","0","0","0","0"
"F9","05/08/2024","1261","N721FR","ONT","05:01","06:56","115","37","0","0","0","64"
"F9","05/08/2024","1292","N607FR","MSP","11:56","11:52","-4","0","0","0","0","0"
"F9","05/08/2024","1324","N607FR","DFW","05:01","05:00","-1","0","0","0","0","0"
"F9","05/08/2024","1362","N329FR","CLT","06:54","06:50","-4","0","0","0","0","0"
"F9","05/08/2024","1402","N610FR","BNA","16:49","16:45","-4","0","0","0","0","0"
"F9","05/08/2024","1450","N335FR","ATL","06:36","06:52","16","0","0","0","0","0"
"F9","05/08/2024","1500","N721FR","FSD","11:51","13:09","78","0","0","0","0","63"
"F9","05/08/2024","1608","N638FR","MKE","07:30","07:22","-8","0","0","0","0","0"
"F9","05/08/2024","1678","N620FR","DSM","11:41","11:32","-9","0","0","0","0","0"
"F9","05/08/2024","1702","N646FR","SYR","13:52","13:51","-1","0","0","0","0","0"
"F9","05/08/2024","1734","N384FR","MCO","00:21","00:24","3","0","0","0","0","0"
"F9","05/08/2024","1816","N229FR","AUS","05:01","04:54","-7","0","0","0","0","0"
"F9","05/08/2024","1819","N324FR","PHX","09:39","09:36","-3","0","0","0","0","0"
"F9","05/08/2024","1993","N359FR","LAS","06:40","06:48","8","0","0","0","0","0"
"F9","05/08/2024","2015","N232FR","LAS","09:55","09:41","-14","0","0","0","0","0"
"F9","05/08/2024","2103","N385FR","PHX","20:29","20:26","-3","0","0","0","0","0"
"F9","05/08/2024","2148","N322FR","DFW","07:59","07:53","-6","0","0","0","0","0"
"F9","05/08/2024","2210","N378FR","MDW","08:11","08:06","-5","0","0","0","0","0"
"F9","05/08/2024","2261","N376FR","ELP","12:33","12:25","-8","0","0","0","0","0"
"F9","05/08/2024","2341","N318FR","LAX","19:03","18:58","-5","0","0","0","0","0"
"F9","05/08/2024","2348","N621FR","IND","17:20","17:39","19","0","0","0","0","0"
"F9","05/08/2024","2349","N233FR","LAS","12:31","12:54","23","0","0","0","0","0"
"F9","05/08/2024","2356","N716FR","SAT","08:05","08:00","-5","0","0","0","0","0"
"F9","05/08/2024","2374","N622FR","TYS","05:06","04:58","-8","0","0","0","0","0"
"F9","05/08/2024","2429","N715FR","LAS","15:09","15:04","-5","0","0","0","0","0"
"F9","05/08/2024","2438","N335FR","RDU","15:21","15:41","20","20","0","3","0","0"
"F9","05/08/2024","2454","N716FR","PNS","14:54","14:48","-6","0","0","0","0","0"
"F9","05/08/2024","2550","N708FR","DFW","11:23","11:19","-4","0","0","0","0","0"
"F9","05/08/2024","2687","N634FR","PDX","22:09","21:57","-12","0","0","0","0","0"
"F9","05/08/2024","2705","N720FR","SAN","15:45","15:47","2","0","0","0","0","0"
"F9","05/08/2024","2706","N720FR","BWI","06:00","06:01","1","0","0","0","0","0"
"F9","05/08/2024","2752","N348FR","BUF","15:46","15:37","-9","0","0","0","0","0"
"F9","05/08/2024","2817","N646FR","SAN","06:51","06:47","-4","0","0","0","0","0"
"F9","05/08/2024","3101","N318FR","MSO","13:02","13:29","27","0","0","0","0","0"
"F9","05/08/2024","3172","N637FR","ORD","21:27","22:27","60","0","0","0","0","53"
"F9","05/08/2024","3230","N228FR","IAH","05:15","05:07","-8","0","0","0","0","0"
"F9","05/08/2024","3266","N396FR","PHL","00:11","00:56","45","0","0","0","0","35"
"F9","05/08/2024","3286","N636FR","CVG","06:31","06:27","-4","0","0","0","0","0"
"F9","05/08/2024","3294","N363FR","ATL","00:53","00:44","-9","0","0","0","0","0"
"F9","05/08/2024","3312","N719FR","MCO","06:31","06:32","1","0","0","0","0","0"
"F9","05/08/2024","3405","N638FR","SEA","14:49","14:47","-2","0","0","0","0","0"
"F9","05/08/2024","3435","N622FR","SFO","22:04","22:07","3","0","0","0","0","0"
"F9","05/08/2024","3437","N620FR","SFO","17:37","18:11","34","0","0","36","0","0"
"F9","05/08/2024","3467","N329FR","PHX","22:59","00:20","81","69","0","0","0","0"
"F9","05/08/2024","3566","N318FR","DTW","05:06","04:58","-8","0","0","0","0","0"
"F9","05/08/2024","3861","N356FR","SLC","07:35","07:44","9","0","0","0","0","0"
"F9","05/08/2024","3862","N356FR","DCA","12:39","12:43","4","0","0","0","0","0"
"F9","05/08/2024","3981","N229FR","SLC","11:35","11:33","-2","0","0","0","0","0"
"F9","05/08/2024","3982","N229FR","DCA","16:35","16:25","-10","0","0","0","0","0"
"F9","05/08/2024","4070","N607FR","DFW","18:43","18:47","4","4","0","23","0","0"
"F9","05/08/2024","4135","N232FR","LAS","17:17","17:15","-2","0","0","0","0","0"
"F9","05/08/2024","4251","N233FR","SLC","19:08","18:58","-10","0","0","0","0","0"
"F9","05/08/2024","4386","N622FR","CID","13:18","13:11","-7","0","0","0","0","0"
"F9","05/08/2024","4561","N376FR","SNA","18:08","18:02","-6","0","0","0","0","0"
"F9","05/08/2024","4567","N356FR","ONT","22:35","22:48","13","0","0","0","0","0"
"F9","05/08/2024","4611","N228FR","LAS","20:08","20:00","-8","0","0","0","0","0"
"F9","05/08/2024","4714","N332FR","TPA","15:59","15:49","-10","0","0","0","0","0"
"F9","05/08/2024","4794","N348FR","FAR","10:05","09:57","-8","0","0","0","0","0"
"F9","05/08/2024","4967","N232FR","LAS","22:59","23:13","14","0","0","0","0","0"
"F9","05/08/2024","4989","N619FR","SAN","18:44","18:37","-7","0","0","0","0","0"
"F9","05/09/2024","0066","N233FR","MIA","00:07","00:10","3","0","0","0","0","0"
"F9","05/09/2024","0094","N620FR","MCI","06:31","06:23","-8","0","0","0","0","0"
"F9","05/09/2024","0686","N311FR","DCA","06:39","06:42","3","0","0","0","0","0"
"F9","05/09/2024","0688","N356FR","DCA","12:47","12:44","-3","0","0","0","0","0"
"F9","05/09/2024","1066","N335FR","GRB","12:11","12:08","-3","0","0","0","0","0"
"F9","05/09/2024","1093","N720FR","SFO","14:04","14:34","30","0","0","32","0","0"
"F9","05/09/2024","1114","N634FR","TPA","06:15","06:14","-1","0","0","0","0","0"
"F9","05/09/2024","1128","N324FR","OMA","11:19","11:11","-8","0","0","0","0","0"
"F9","05/09/2024","1150","N646FR","MSP","07:05","06:58","-7","0","0","0","0","0"
"F9","05/09/2024","1261","N228FR","ONT","05:01","04:58","-3","0","0","0","0","0"
"F9","05/09/2024","1292","N638FR","MSP","18:58","19:14","16","0","0","0","0","0"
"F9","05/09/2024","1324","N324FR","DFW","05:11","05:22","11","11","0","5","0","0"
"F9","05/09/2024","1362","N607FR","CLT","06:54","06:55","1","0","0","0","0","0"
"F9","05/09/2024","1375","N711FR","PHX","11:13","11:06","-7","0","0","0","0","0"
"F9","05/09/2024","1402","N622FR","BNA","15:56","15:54","-2","0","0","0","0","0"
"F9","05/09/2024","1499","N607FR","ONT","22:32","22:25","-7","0","0","0","0","0"
"F9","05/09/2024","1560","N323FR","MSN","12:08","12:10","2","0","0","0","0","0"
"F9","05/09/2024","1734","N713FR","MCO","00:31","01:04","33","0","0","0","0","0"
"F9","05/09/2024","1789","N356FR","PDX","05:25","05:24","-1","0","0","0","0","0"
"F9","05/09/2024","1816","N380FR","AUS","06:00","05:57","-3","0","0","0","0","0"
"F9","05/09/2024","1819","N633FR","PHX","08:54","12:38","224","2","0","0","0","213"
"F9","05/09/2024","1864","N380FR","OKC","12:21","12:12","-9","0","0","0","0","0"
"F9","05/09/2024","1918","N332FR","CLE","05:20","05:17","-3","0","0","0","0","0"
"F9","05/09/2024","1993","N338FR","LAS","06:36","06:27","-9","0","0","0","0","0"
"F9","05/09/2024","2015","N352FR","LAS","09:55","09:49","-6","0","0","0","0","0"
"F9","05/09/2024","2105","N322FR","PHX","20:58","00:18","200","0","0","0","0","190"
"F9","05/09/2024","2141","N624FR","PHX","17:12","18:12","60","60","0","1","0","0"
"F9","05/09/2024","2148","N348FR","DFW","07:59","07:51","-8","0","0","0","0","0"
"F9","05/09/2024","2210","N323FR","MDW","05:11","05:06","-5","0","0","0","0","0"
"F9","05/09/2024","2261","N380FR","ELP","17:36","17:40","4","0","0","0","0","0"
"F9","05/09/2024","2341","N382FR","LAX","19:03","18:57","-6","0","0","0","0","0"
"F9","05/09/2024","2346","N610FR","IND","17:25","17:55","30","24","0","0","0","0"
"F9","05/09/2024","2349","N382FR","LAS","12:31","12:52","21","0","0","0","0","0"
"F9","05/09/2024","2350","N359FR","MEM","12:24","12:23","-1","0","0","0","0","0"
"F9","05/09/2024","2382","N646FR","ORF","13:29","13:27","-2","0","0","0","0","0"
"F9","05/09/2024","2429","N232FR","LAS","14:59","15:11","12","0","0","0","0","0"
"F9","05/09/2024","2438","N716FR","RDU","15:21","16:30","69","53","0","0","0","0"
"F9","05/09/2024","2550","N631FR","DFW","16:47","18:53","126","0","0","49","0","81"
"F9","05/09/2024","2687","N605FR","PDX","22:09","22:47","38","13","0","0","0","4"
"F9","05/09/2024","2817","N621FR","SAN","06:30","06:30","0","0","0","0","0","0"
"F9","05/09/2024","2823","N358FR","SLC","17:52","17:46","-6","0","0","0","0","0"
"F9","05/09/2024","2946","N323FR","MDW","18:36","18:50","14","0","0","0","0","0"
"F9","05/09/2024","3040","N701FR","IAH","12:58","13:25","27","0","0","11","0","27"
"F9","05/09/2024","3172","N701FR","ORD","21:27","23:51","144","144","0","21","0","0"
"F9","05/09/2024","3230","N638FR","IAH","05:01","04:57","-4","0","0","0","0","0"
"F9","05/09/2024","3266","N236FR","PHL","00:01","00:02","1","0","0","0","0","0"
"F9","05/09/2024","3278","N331FR","BMI","11:56","12:14","18","0","0","0","0","0"
"F9","05/09/2024","3279","N331FR","DFW","18:53","19:20","27","4","0","0","0","19"
"F9","05/09/2024","3286","N229FR","CVG","16:38","17:57","79","77","0","0","0","0"
"F9","05/09/2024","3294","N376FR","ATL","00:53","01:10","17","13","0","0","0","4"
"F9","05/09/2024","3302","N605FR","STL","07:30","08:19","49","33","0","0","0","0"
"F9","05/09/2024","3312","N610FR","MCO","07:07","07:17","10","0","0","0","0","0"
"F9","05/09/2024","3435","N706FR","SFO","21:52","23:39","107","0","0","86","0","0"
"F9","05/09/2024","3467","N609FR","PHX","22:59","02:18","199","0","0","0","0","186"
"F9","05/09/2024","3566","N716FR","DTW","07:00","07:28","28","0","0","0","0","0"
"F9","05/09/2024","3861","N720FR","SLC","05:30","05:22","-8","0","0","0","0","0"
"F9","05/09/2024","3981","N228FR","SLC","11:31","11:21","-10","0","0","0","0","0"
"F9","05/09/2024","3982","N228FR","DCA","16:35","16:27","-8","0","0","0","0","0"
"F9","05/09/2024","4135","N365FR","LAS","17:07","17:03","-4","0","0","0","0","0"
"F9","05/09/2024","4344","N701FR","XNA","06:55","06:54","-1","0","0","0","0","0"
"F9","05/09/2024","4374","N624FR","PIT","07:45","07:35","-10","0","0","0","0","0"
"F9","05/09/2024","4386","N621FR","CID","13:36","13:37","1","0","0","0","0","0"
"F9","05/09/2024","4420","N634FR","MSY","16:23","16:15","-8","0","0","0","0","0"
"F9","05/09/2024","4450","N605FR","PNS","14:12","14:14","2","0","0","0","0","0"
"F9","05/09/2024","4563","N324FR","SNA","16:26","16:22","-4","0","0","0","0","0"
"F9","05/09/2024","4576","N311FR","CMH","15:50","15:48","-2","0","0","0","0","0"
"F9","05/09/2024","4611","N621FR","LAS","19:53","19:55","2","0","0","0","0","0"
"F9","05/09/2024","4625","N335FR","SEA","19:05","19:02","-3","0","0","0","0","0"
"F9","05/09/2024","4712","N378FR","TPA","18:04","18:23","19","0","0","0","0","0"
"F9","05/09/2024","4776","N638FR","LIT","12:17","12:21","4","0","0","0","0","0"
"F9","05/09/2024","4794","N331FR","FAR","06:00","05:50","-10","0","0","0","0","0"
"F9","05/09/2024","4856","N363FR","IAH","17:58","17:55","-3","0","0","0","0","0"
"F9","05/09/2024","4927","N229FR","SAN","10:11","10:02","-9","0","0","0","0","0"
"F9","05/09/2024","4967","N337FR","LAS","22:59","23:58","59","6","0","0","0","39"
"F9","05/09/2024","4989","","SAN","19:31","00:00","0","0","0","0","0","0"
"F9","05/10/2024","0006","N356FR","STL","06:41","06:32","-9","0","0","0","0","0"
"F9","05/10/2024","0066","N317FR","MIA","00:07","00:11","4","0","0","0","0","0"
"F9","05/10/2024","0094","N607FR","MCI","06:31","06:22","-9","0","0","0","0","0"
"F9","05/10/2024","0686","N311FR","DCA","06:39","06:32","-7","0","0","0","0","0"
"F9","05/10/2024","0688","N230FR","DCA","12:39","12:35","-4","0","0","0","0","0"
"F9","05/10/2024","0689","N230FR","SFO","22:04","23:58","114","95","0","0","0","0"
"F9","05/10/2024","1063","N361FR","SMF","08:40","08:30","-10","0","0","0","0","0"
"F9","05/10/2024","1093","N624FR","SFO","17:59","19:52","113","0","0","55","0","40"
"F9","05/10/2024","1114","N389FR","TPA","09:15","11:40","145","0","0","128","0","0"
"F9","05/10/2024","1128","N358FR","OMA","06:41","06:37","-4","0","0","0","0","0"
"F9","05/10/2024","1150","N637FR","MSP","05:40","05:35","-5","0","0","0","0","0"
"F9","05/10/2024","1162","N335FR","HOU","11:29","11:22","-7","0","0","0","0","0"
"F9","05/10/2024","1248","N228FR","GRR","15:45","15:36","-9","0","0","0","0","0"
"F9","05/10/2024","1261","N353FR","ONT","05:01","04:58","-3","0","0","0","0","0"
"F9","05/10/2024","1291","N335FR","SNA","18:36","18:49","13","0","0","0","0","0"
"F9","05/10/2024","1324","N622FR","DFW","05:01","05:00","-1","0","0","0","0","0"
"F9","05/10/2024","1362","N363FR","CLT","07:05","07:03","-2","0","0","0","0","0"
"F9","05/10/2024","1402","N311FR","BNA","15:59","15:53","-6","0","0","0","0","0"
"F9","05/10/2024","1450","N706FR","ATL","06:31","07:07","36","0","0","0","0","0"
"F9","05/10/2024","1499","N636FR","ONT","22:31","22:27","-4","0","0","0","0","0"
"F9","05/10/2024","1560","N622FR","MSN","16:59","17:39","40","0","0","0","0","29"
"F9","05/10/2024","1608","N637FR","MKE","12:10","12:02","-8","0","0","0","0","0"
"F9","05/10/2024","1702","N610FR","SYR","14:26","14:19","-7","0","0","0","0","0"
"F9","05/10/2024","1734","N351FR","MCO","00:21","06:02","341","0","0","0","0","321"
"F9","05/10/2024","1816","N335FR","AUS","05:06","04:59","-7","0","0","0","0","0"
"F9","05/10/2024","1819","N377FR","PHX","09:39","09:37","-2","0","0","0","0","0"
"F9","05/10/2024","1993","N331FR","LAS","06:41","06:44","3","0","0","0","0","0"
"F9","05/10/2024","2015","N352FR","LAS","09:55","09:49","-6","0","0","0","0","0"
"F9","05/10/2024","2105","N609FR","PHX","20:59","21:12","13","0","0","0","0","0"
"F9","05/10/2024","2108","N638FR","FSD","13:23","13:19","-4","0","0","0","0","0"
"F9","05/10/2024","2141","N716FR","PHX","12:17","12:17","0","0","0","0","0","0"
"F9","05/10/2024","2148","N373FR","DFW","07:59","08:00","1","0","0","0","0","0"
"F9","05/10/2024","2210","N393FR","MDW","08:11","08:02","-9","0","0","0","0","0"
"F9","05/10/2024","2261","N334FR","ELP","17:12","17:04","-8","0","0","0","0","0"
"F9","05/10/2024","2341","","LAX","19:03","00:00","0","0","0","0","0","0"
"F9","05/10/2024","2348","N706FR","IND","15:46","15:37","-9","0","0","0","0","0"
"F9","05/10/2024","2349","N385FR","LAS","12:31","13:00","29","0","0","0","0","0"
"F9","05/10/2024","2358","N638FR","SAT","18:47","18:41","-6","0","0","0","0","0"
"F9","05/10/2024","2359","N720FR","SEA","14:54","15:02","8","0","0","0","0","0"
"F9","05/10/2024","2360","N720FR","MSY","07:00","06:57","-3","0","0","0","0","0"
"F9","05/10/2024","2374","N638FR","TYS","05:11","05:02","-9","0","0","0","0","0"
"F9","05/10/2024","2429","N232FR","LAS","14:59","14:52","-7","0","0","0","0","0"
"F9","05/10/2024","2438","N605FR","RDU","15:16","15:47","31","0","0","0","0","16"
"F9","05/10/2024","2454","N615FR","PNS","13:33","13:28","-5","0","0","0","0","0"
"F9","05/10/2024","2550","N622FR","DFW","11:29","11:29","0","0","0","0","0","0"
"F9","05/10/2024","2687","N363FR","PDX","22:09","22:00","-9","0","0","0","0","0"
"F9","05/10/2024","2706","N605FR","BWI","06:00","06:39","39","31","0","0","0","0"
"F9","05/10/2024","2752","N610FR","BUF","05:01","04:55","-6","0","0","36","0","0"
"F9","05/10/2024","2816","N646FR","OKC","13:14","13:12","-2","0","0","0","0","0"
"F9","05/10/2024","2817","N634FR","SAN","06:35","06:33","-2","0","0","0","0","0"
"F9","05/10/2024","2818","N634FR","DSM","13:33","13:27","-6","0","0","0","0","0"
"F9","05/10/2024","3101","N359FR","MSO","12:42","12:32","-10","0","0","0","0","0"
"F9","05/10/2024","3172","N701FR","ORD","21:27","23:51","144","22","0","5","0","122"
"F9","05/10/2024","3230","N359FR","IAH","05:15","05:12","-3","0","0","0","0","0"
"F9","05/10/2024","3266","N324FR","PHL","00:11","00:21","10","10","0","28","0","0"
"F9","05/10/2024","3286","N646FR","CVG","05:11","05:09","-2","0","0","0","0","0"
"F9","05/10/2024","3290","N646FR","MSP","18:59","19:03","4","0","0","0","0","0"
"F9","05/10/2024","3294","N375FR","ATL","00:51","01:40","49","0","0","0","0","24"
"F9","05/10/2024","3312","","MCO","06:41","00:00","0","0","0","0","0","0"
"F9","05/10/2024","3467","N720FR","PHX","22:59","22:54","-5","0","0","0","0","0"
"F9","05/10/2024","3566","N615FR","DTW","05:06","05:05","-1","0","0","0","0","0"
"F9","05/10/2024","3861","N323FR","SLC","05:30","05:21","-9","0","0","0","0","0"
"F9","05/10/2024","3981","N353FR","SLC","11:35","11:26","-9","0","0","0","0","0"
"F9","05/10/2024","3982","N353FR","DCA","16:35","16:26","-9","0","0","0","0","0"
"F9","05/10/2024","4070","N637FR","DFW","19:25","19:16","-9","0","0","32","0","0"
"F9","05/10/2024","4135","N304FR","LAS","17:37","17:33","-4","0","0","0","0","0"
"F9","05/10/2024","4251","N358FR","SLC","18:31","18:22","-9","0","0","0","0","0"
"F9","05/10/2024","4385","N323FR","LAS","19:50","19:49","-1","0","0","0","0","0"
"F9","05/10/2024","4386","N323FR","CID","13:53","13:41","-12","0","0","0","0","0"
"F9","05/10/2024","4625","N634FR","SEA","19:25","20:01","36","15","0","0","0","3"
"F9","05/10/2024","4714","N361FR","TPA","16:12","16:00","-12","0","0","0","0","0"
"F9","05/10/2024","4794","N228FR","FAR","10:05","09:59","-6","0","0","0","0","0"
"F9","05/10/2024","4856","N365FR","IAH","18:31","20:18","107","0","0","0","0","87"
"F9","05/10/2024","4967","N352FR","LAS","22:59","00:21","82","0","0","0","0","55"
"F9","05/10/2024","4989","N633FR","SAN","18:05","18:06","1","0","0","0","0","0"
"F9","05/10/2024","4993","N358FR","SAN","11:44","11:43","-1","0","0","0","0","0"
"F9","05/11/2024","0006","N305FR","STL","06:41","06:43","2","0","0","0","0","0"
"F9","05/11/2024","0686","N335FR","DCA","06:39","06:32","-7","0","0","0","0","0"
"F9","05/11/2024","1114","N347FR","TPA","09:15","09:11","-4","0","0","0","0","0"
"F9","05/11/2024","1128","N363FR","OMA","06:01","06:01","0","0","0","0","0","0"
"F9","05/11/2024","1150","N706FR","MSP","05:11","05:15","4","0","0","0","0","0"
"F9","05/11/2024","1229","N636FR","SFO","18:13","18:41","28","0","0","0","0","26"
"F9","05/11/2024","1248","N637FR","GRR","05:20","06:08","48","41","0","0","0","0"
"F9","05/11/2024","1261","N638FR","ONT","05:01","04:59","-2","0","0","0","0","0"
"F9","05/11/2024","1324","N721FR","DFW","05:01","05:20","19","0","0","0","0","0"
"F9","05/11/2024","1362","N615FR","CLT","06:54","06:51","-3","0","0","0","0","0"
"F9","05/11/2024","1402","N335FR","BNA","15:59","16:09","10","0","0","0","0","0"
"F9","05/11/2024","1450","N634FR","ATL","06:31","06:51","20","0","0","0","0","0"
"F9","05/11/2024","1499","N377FR","ONT","22:35","22:28","-7","0","0","0","0","0"
"F9","05/11/2024","1500","N638FR","MSP","11:56","12:13","17","0","0","0","0","0"
"F9","05/11/2024","1559","N228FR","SLC","19:20","19:12","-8","0","0","26","0","0"
"F9","05/11/2024","1560","N228FR","MSN","12:57","12:47","-10","0","0","0","0","0"
"F9","05/11/2024","1592","N363FR","MDW","17:14","18:06","52","0","0","6","0","52"
"F9","05/11/2024","1678","N361FR","DSM","11:29","11:19","-10","0","0","0","0","0"
"F9","05/11/2024","1734","N351FR","MCO","00:15","00:36","21","0","0","0","0","0"
"F9","05/11/2024","1816","N366FR","AUS","05:06","05:06","0","0","0","0","0","0"
"F9","05/11/2024","1819","N389FR","PHX","09:19","09:15","-4","0","0","0","0","0"
"F9","05/11/2024","1918","N721FR","CLE","09:25","11:24","119","0","0","14","0","119"
"F9","05/11/2024","1993","N636FR","LAS","06:00","06:00","0","0","0","0","0","0"
"F9","05/11/2024","2015","N621FR","LAS","10:05","10:00","-5","0","0","0","0","0"
"F9","05/11/2024","2105","N317FR","PHX","21:16","21:46","30","17","0","0","0","0"
"F9","05/11/2024","2108","N605FR","FSD","12:16","12:13","-3","0","0","0","0","0"
"F9","05/11/2024","2115","N353FR","PHX","15:42","15:33","-9","0","0","0","0","0"
"F9","05/11/2024","2147","N706FR","SEA","11:44","11:42","-2","0","0","0","0","0"
"F9","05/11/2024","2148","N386FR","DFW","07:59","07:48","-11","0","0","0","0","0"
"F9","05/11/2024","2210","N393FR","MDW","13:11","13:31","20","0","0","0","0","0"
"F9","05/11/2024","2261","N636FR","ELP","12:13","12:43","30","0","0","4","0","30"
"F9","05/11/2024","2341","N365FR","LAX","19:03","20:02","59","43","0","0","0","0"
"F9","05/11/2024","2346","N606FR","IND","17:25","17:20","-5","0","0","0","0","0"
"F9","05/11/2024","2349","N379FR","LAS","12:31","12:33","2","0","0","0","0","0"
"F9","05/11/2024","2356","N365FR","SAT","05:06","05:07","1","0","0","0","0","0"
"F9","05/11/2024","2374","N317FR","TYS","05:11","05:04","-7","0","0","0","0","0"
"F9","05/11/2024","2429","N334FR","LAS","14:59","14:49","-10","0","0","0","0","0"
"F9","05/11/2024","2438","N634FR","RDU","15:16","15:06","-10","0","0","0","0","0"
"F9","05/11/2024","2454","N622FR","PNS","16:59","16:59","0","0","0","0","0","0"
"F9","05/11/2024","2550","N363FR","DFW","11:04","12:14","70","0","0","0","0","70"
"F9","05/11/2024","2687","N637FR","PDX","22:09","22:27","18","0","0","0","0","0"
"F9","05/11/2024","2706","N716FR","BWI","06:31","06:36","5","0","0","0","0","0"
"F9","05/11/2024","2752","N637FR","BUF","13:05","13:22","17","0","0","0","0","0"
"F9","05/11/2024","2817","N646FR","SAN","07:00","06:50","-10","0","0","0","0","0"
"F9","05/11/2024","3101","N317FR","MSO","13:25","13:22","-3","0","0","0","0","0"
"F9","05/11/2024","3172","N646FR","ORD","21:27","21:28","1","0","0","0","0","0"
"F9","05/11/2024","3220","N358FR","MIA","00:10","00:42","32","0","0","0","0","0"
"F9","05/11/2024","3230","N371FR","IAH","05:15","05:14","-1","0","0","0","0","0"
"F9","05/11/2024","3266","N346FR","PHL","00:11","00:11","0","0","0","0","0","0"
"F9","05/11/2024","3286","N610FR","CVG","06:31","06:28","-3","0","0","0","0","0"
"F9","05/11/2024","3294","N311FR","ATL","00:54","00:59","5","0","0","0","0","0"
"F9","05/11/2024","3312","N622FR","MCO","06:41","06:38","-3","0","0","0","0","0"
"F9","05/11/2024","3566","N228FR","DTW","05:01","04:56","-5","0","0","0","0","0"
"F9","05/11/2024","3725","N620FR","SFO","22:04","22:07","3","0","0","0","0","0"
"F9","05/11/2024","3861","N230FR","SLC","07:35","07:29","-6","0","0","0","0","0"
"F9","05/11/2024","3862","N230FR","DCA","12:39","12:44","5","0","0","0","0","0"
"F9","05/11/2024","3981","N366FR","SLC","11:31","11:23","-8","0","0","0","0","0"
"F9","05/11/2024","3982","N366FR","DCA","16:35","16:28","-7","0","0","0","0","0"
"F9","05/11/2024","4070","N706FR","DFW","18:50","19:48","58","0","0","0","0","53"
"F9","05/11/2024","4344","N646FR","XNA","14:01","13:58","-3","0","0","0","0","0"
"F9","05/11/2024","4385","N361FR","SNA","18:04","18:00","-4","0","0","0","0","0"
"F9","05/11/2024","4386","N705FR","CID","12:11","13:52","101","98","0","0","0","0"
"F9","05/11/2024","4611","N705FR","LAS","20:02","20:46","44","8","0","0","0","20"
"F9","05/11/2024","4637","N721FR","SMF","18:23","21:15","172","0","0","0","0","145"
"F9","05/11/2024","4647","N638FR","SEA","18:22","18:14","-8","0","0","0","0","0"
"F9","05/11/2024","4714","N716FR","TPA","16:16","16:26","10","0","0","0","0","0"
"F9","05/11/2024","4794","N353FR","FAR","10:05","09:50","-15","0","0","0","0","0"
"F9","05/11/2024","4858","N605FR","IAH","18:25","18:20","-5","0","0","0","0","0"
"F9","05/11/2024","4927","N365FR","SAN","11:49","11:48","-1","0","0","0","0","0"
"F9","05/11/2024","4965","N379FR","LAS","22:52","22:41","-11","0","0","0","0","0"
"F9","05/11/2024","4989","N633FR","SAN","18:44","18:39","-5","0","0","0","0","0"
"F9","05/12/2024","0066","N335FR","MIA","00:10","00:11","1","0","0","0","0","0"
"F9","05/12/2024","0094","N636FR","MCI","06:41","06:35","-6","0","0","0","0","0"
"F9","05/12/2024","0685","N366FR","SLC","10:05","09:55","-10","0","0","0","0","0"
"F9","05/12/2024","0686","N392FR","DCA","06:39","06:32","-7","0","0","0","0","0"
"F9","05/12/2024","0688","N228FR","DCA","12:45","13:20","35","0","24","0","0","0"
"F9","05/12/2024","0689","N228FR","SFO","22:04","22:04","0","0","0","0","0","0"
"F9","05/12/2024","0690","N353FR","DCA","16:35","16:28","-7","0","0","0","0","0"
"F9","05/12/2024","1066","N721FR","GRB","17:32","17:20","-12","0","0","0","0","0"
"F9","05/12/2024","1093","N624FR","SFO","18:07","20:25","138","0","0","0","0","137"
"F9","05/12/2024","1114","N624FR","TPA","06:41","09:34","173","157","0","0","0","0"
"F9","05/12/2024","1128","N710FR","OMA","09:35","09:35","0","0","0","0","0","0"
"F9","05/12/2024","1150","N353FR","MSP","05:01","04:55","-6","0","0","0","0","0"
"F9","05/12/2024","1162","N363FR","HOU","11:57","11:52","-5","0","0","0","0","0"
"F9","05/12/2024","1261","N622FR","ONT","05:06","04:58","-8","0","0","0","0","0"
"F9","05/12/2024","1294","N634FR","MSP","18:52","19:10","18","0","0","0","0","0"
"F9","05/12/2024","1324","N358FR","DFW","05:01","04:53","-8","0","0","0","0","0"
"F9","05/12/2024","1362","N701FR","CLT","06:54","07:12","18","0","0","0","0","0"
"F9","05/12/2024","1375","N621FR","PHX","05:11","05:04","-7","0","0","0","0","0"
"F9","05/12/2024","1402","N721FR","BNA","09:25","09:25","0","0","0","0","0","0"
"F9","05/12/2024","1499","N701FR","ONT","22:35","22:32","-3","0","0","0","0","0"
"F9","05/12/2024","1734","N332FR","MCO","00:21","00:21","0","0","0","0","0","0"
"F9","05/12/2024","1789","N622FR","PDX","11:56","12:47","51","0","19","0","0","6"
"F9","05/12/2024","1816","N637FR","AUS","06:50","08:54","124","110","0","0","0","0"
"F9","05/12/2024","1819","N322FR","PHX","08:54","08:46","-8","0","0","0","0","0"
"F9","05/12/2024","1864","N353FR","OKC","11:10","11:04","-6","0","0","0","0","0"
"F9","05/12/2024","1918","N361FR","CLE","05:15","06:05","50","50","0","0","0","0"
"F9","05/12/2024","1993","N373FR","LAS","06:00","06:00","0","0","0","0","0","0"
"F9","05/12/2024","2015","N706FR","LAS","09:14","09:16","2","0","0","0","0","0"
"F9","05/12/2024","2105","N607FR","PHX","20:59","21:32","33","0","0","0","0","0"
"F9","05/12/2024","2148","N326FR","DFW","08:14","08:08","-6","0","0","0","0","0"
"F9","05/12/2024","2210","N371FR","MDW","05:06","05:39","33","17","0","0","0","0"
"F9","05/12/2024","2261","N323FR","ELP","17:12","17:11","-1","0","0","0","0","0"
"F9","05/12/2024","2341","N301FR","LAX","19:03","18:58","-5","0","0","0","0","0"
"F9","05/12/2024","2348","N373FR","IND","12:13","12:50","37","0","19","0","0","0"
"F9","05/12/2024","2349","N312FR","LAS","12:31","13:17","46","0","7","0","0","20"
"F9","05/12/2024","2382","N645FR","ORF","16:34","17:50","76","0","0","0","0","0"
"F9","05/12/2024","2429","N308FR","LAS","15:02","14:55","-7","0","0","0","0","0"
"F9","05/12/2024","2438","N716FR","RDU","15:21","15:25","4","0","0","0","0","0"
"F9","05/12/2024","2550","N631FR","DFW","16:42","17:27","45","0","0","1","0","45"
"F9","05/12/2024","2687","N711FR","PDX","22:09","22:09","0","0","0","0","0","0"
"F9","05/12/2024","2817","N230FR","SAN","06:00","05:58","-2","0","0","0","0","0"
"F9","05/12/2024","2818","N230FR","MSN","12:38","14:59","141","117","0","0","0","11"
"F9","05/12/2024","2946","N358FR","MDW","18:10","18:15","5","5","0","15","0","0"
"F9","05/12/2024","3040","N710FR","IAH","14:55","14:50","-5","0","0","0","0","0"
"F9","05/12/2024","3172","N646FR","ORD","21:27","23:59","152","0","0","0","0","145"
"F9","05/12/2024","3230","N363FR","IAH","05:01","04:57","-4","0","0","0","0","0"
"F9","05/12/2024","3266","N385FR","PHL","00:11","00:23","12","0","0","0","0","0"
"F9","05/12/2024","3278","N637FR","BMI","16:08","16:06","-2","0","0","0","0","0"
"F9","05/12/2024","3286","N379FR","CVG","17:24","17:38","14","14","0","10","0","0"
"F9","05/12/2024","3294","N330FR","ATL","00:38","01:58","80","57","0","0","0","0"
"F9","05/12/2024","3302","N621FR","STL","11:20","11:18","-2","0","0","0","0","0"
"F9","05/12/2024","3312","N620FR","MCO","06:30","06:24","-6","0","0","0","0","0"
"F9","05/12/2024","3467","N322FR","PHX","22:59","23:12","13","0","0","0","0","0"
"F9","05/12/2024","3861","N377FR","SLC","06:00","05:50","-10","0","0","0","0","0"
"F9","05/12/2024","3982","N366FR","MSY","15:00","15:10","10","10","0","13","0","0"
"F9","05/12/2024","4076","N363FR","DFW","19:01","19:20","19","0","0","31","0","19"
"F9","05/12/2024","4135","N235FR","LAS","17:07","18:15","68","0","0","0","0","42"
"F9","05/12/2024","4251","N638FR","SLC","12:11","12:49","38","0","25","0","0","0"
"F9","05/12/2024","4344","N371FR","XNA","12:33","13:07","34","0","34","2","0","0"
"F9","05/12/2024","4374","N716FR","PIT","06:40","06:35","-5","0","0","0","0","0"
"F9","05/12/2024","4386","N606FR","CID","13:34","14:07","33","23","0","0","0","0"
"F9","05/12/2024","4450","N377FR","PNS","14:04","13:55","-9","0","0","0","0","0"
"F9","05/12/2024","4561","N309FR","SNA","18:14","19:21","67","23","0","0","0","17"
"F9","05/12/2024","4576","N392FR","CMH","15:50","15:39","-11","0","0","0","0","0"
"F9","05/12/2024","4626","N638FR","MEM","05:06","05:17","11","0","0","0","0","0"
"F9","05/12/2024","4635","N611FR","PHX","17:12","17:09","-3","0","0","0","0","0"
"F9","05/12/2024","4649","N230FR","SEA","19:31","22:04","153","0","0","0","0","121"
"F9","05/12/2024","4712","N371FR","TPA","18:24","19:32","68","20","0","0","0","46"
"F9","05/12/2024","4776","N634FR","LIT","12:16","12:56","40","0","30","0","0","0"
"F9","05/12/2024","4794","N228FR","FAR","07:07","07:10","3","0","0","0","0","0"
"F9","05/12/2024","4856","N621FR","IAH","17:43","19:23","100","56","0","10","0","44"
"F9","05/12/2024","4927","N358FR","SAN","11:16","11:11","-5","0","0","0","0","0"
"F9","05/12/2024","4967","N712FR","LAS","22:59","22:57","-2","0","0","0","0","0"
"F9","05/12/2024","4971","N373FR","LAS","20:03","20:37","34","0","0","0","0","0"
"F9","05/12/2024","4989","N609FR","SAN","19:43","20:38","55","0","0","0","0","29"
"F9","05/13/2024","0006","N309FR","STL","06:41","07:07","26","17","0","0","0","0"
"F9","05/13/2024","0066","N307FR","MIA","00:07","00:22","15","0","0","0","0","0"
"F9","05/13/2024","0686","N330FR","DCA","06:39","06:39","0","0","0","0","0","0"
"F9","05/13/2024","0688","N373FR","DCA","12:39","12:42","3","0","0","0","0","0"
"F9","05/13/2024","1089","N337FR","SFO","18:27","21:22","175","0","0","0","0","157"
"F9","05/13/2024","1114","N371FR","TPA","09:15","09:11","-4","0","0","0","0","0"
"F9","05/13/2024","1128","N392FR","OMA","06:36","06:30","-6","0","0","0","0","0"
"F9","05/13/2024","1150","N373FR","MSP","06:31","06:24","-7","0","0","0","0","0"
"F9","05/13/2024","1162","N363FR","HOU","11:41","11:36","-5","0","0","0","0","0"
"F9","05/13/2024","1175","N606FR","SEA","05:11","05:12","1","0","0","0","0","0"
"F9","05/13/2024","1261","N363FR","ONT","05:01","04:59","-2","0","0","0","0","0"
"F9","05/13/2024","1324","N710FR","DFW","05:01","05:00","-1","0","0","39","0","0"
"F9","05/13/2024","1362","N228FR","CLT","06:54","07:12","18","0","0","0","0","0"
"F9","05/13/2024","1402","N721FR","BNA","05:06","06:51","105","93","0","0","0","0"
"F9","05/13/2024","1450","N701FR","ATL","06:31","06:38","7","0","0","0","0","0"
"F9","05/13/2024","1499","N721FR","ONT","22:35","22:33","-2","0","0","0","0","0"
"F9","05/13/2024","1560","N716FR","MSN","12:16","12:50","34","32","0","0","0","0"
"F9","05/13/2024","1608","N634FR","MKE","05:01","04:53","-8","0","0","0","0","0"
"F9","05/13/2024","1677","N334FR","SNA","18:07","18:04","-3","0","0","0","0","0"
"F9","05/13/2024","1702","N611FR","SYR","15:35","16:18","43","0","0","0","0","34"
"F9","05/13/2024","1734","N305FR","MCO","00:21","00:18","-3","0","0","0","0","0"
"F9","05/13/2024","1816","N230FR","AUS","05:06","05:16","10","0","0","0","0","0"
"F9","05/13/2024","1819","N367FR","PHX","09:39","09:44","5","0","0","0","0","0"
"F9","05/13/2024","1820","N711FR","GRR","14:33","15:06","33","22","0","0","0","5"
"F9","05/13/2024","1864","N721FR","OKC","13:12","14:17","65","0","0","0","0","47"
"F9","05/13/2024","1993","N334FR","LAS","06:41","06:58","17","0","0","0","0","0"
"F9","05/13/2024","2015","N323FR","LAS","09:55","09:58","3","0","0","0","0","0"
"F9","05/13/2024","2103","N607FR","PHX","20:50","21:25","35","0","0","0","0","27"
"F9","05/13/2024","2108","N638FR","FSD","13:17","13:23","6","0","0","0","0","0"
"F9","05/13/2024","2141","N634FR","PHX","12:17","12:09","-8","0","0","0","0","0"
"F9","05/13/2024","2148","N366FR","DFW","07:19","07:14","-5","0","0","53","0","0"
"F9","05/13/2024","2210","N358FR","MDW","08:11","08:04","-7","0","0","0","0","0"
"F9","05/13/2024","2261","N391FR","ELP","17:12","17:06","-6","0","0","0","0","0"
"F9","05/13/2024","2341","N308FR","LAX","19:03","20:43","100","0","0","0","0","80"
"F9","05/13/2024","2349","N308FR","LAS","12:31","14:48","137","126","0","0","0","0"
"F9","05/13/2024","2350","N334FR","DSM","12:34","12:34","0","0","0","0","0","0"
"F9","05/13/2024","2356","N386FR","SAT","07:30","07:26","-4","0","0","0","0","0"
"F9","05/13/2024","2374","N621FR","TYS","05:06","04:56","-10","0","0","0","0","0"
"F9","05/13/2024","2429","N332FR","LAS","14:59","14:50","-9","0","0","0","0","0"
"F9","05/13/2024","2438","N701FR","RDU","15:16","15:25","9","0","0","0","0","0"
"F9","05/13/2024","2454","N637FR","PNS","16:16","16:06","-10","0","0","0","0","0"
"F9","05/13/2024","2550","N606FR","DFW","13:18","13:27","9","0","0","0","0","0"
"F9","05/13/2024","2687","N634FR","PDX","22:09","22:15","6","0","0","0","0","0"
"F9","05/13/2024","2706","N637FR","BWI","06:31","06:52","21","0","0","0","0","0"
"F9","05/13/2024","2752","N621FR","BUF","12:55","12:52","-3","0","0","0","0","0"
"F9","05/13/2024","2817","N624FR","SAN","06:50","06:55","5","5","0","15","0","0"
"F9","05/13/2024","3090","N230FR","IND","16:33","17:45","72","4","0","11","0","68"
"F9","05/13/2024","3101","N392FR","MSO","11:59","11:46","-13","0","0","0","0","0"
"F9","05/13/2024","3172","N718FR","ORD","21:27","22:44","77","42","0","0","0","31"
"F9","05/13/2024","3230","N611FR","IAH","08:25","08:21","-4","0","0","34","0","0"
"F9","05/13/2024","3266","N394FR","PHL","00:01","01:38","97","13","0","14","0","84"
"F9","05/13/2024","3286","N622FR","CVG","06:31","06:33","2","0","0","0","0","0"
"F9","05/13/2024","3290","N638FR","MSP","18:57","18:54","-3","0","0","0","0","0"
"F9","05/13/2024","3294","N377FR","ATL","00:50","00:58","8","0","0","0","0","0"
"F9","05/13/2024","3312","N232FR","MCO","06:31","06:31","0","0","0","0","0","0"
"F9","05/13/2024","3435","N624FR","SFO","22:04","22:47","43","27","0","0","0","0"
"F9","05/13/2024","3467","N367FR","PHX","22:59","23:32","33","0","0","0","0","0"
"F9","05/13/2024","3566","N638FR","DTW","05:01","05:05","4","0","0","0","0","0"
"F9","05/13/2024","3665","N716FR","SMF","18:38","19:14","36","0","0","0","0","28"
"F9","05/13/2024","3861","N711FR","SLC","06:00","06:24","24","0","0","0","0","0"
"F9","05/13/2024","3981","N230FR","SLC","11:35","11:35","0","0","0","0","0","0"
"F9","05/13/2024","3982","N385FR","DCA","16:35","17:23","48","48","0","8","0","0"
"F9","05/13/2024","4070","N330FR","DFW","15:50","15:42","-8","0","0","0","0","0"
"F9","05/13/2024","4135","N304FR","LAS","17:52","19:30","98","0","0","0","0","90"
"F9","05/13/2024","4251","N386FR","SLC","19:50","19:40","-10","0","0","0","0","0"
"F9","05/13/2024","4386","N386FR","CID","13:53","13:53","0","0","0","0","0","0"
"F9","05/13/2024","4611","N710FR","LAS","19:52","19:48","-4","0","0","0","0","0"
"F9","05/13/2024","4647","N624FR","SEA","13:51","14:24","33","0","0","0","0","0"
"F9","05/13/2024","4714","N353FR","TPA","15:42","15:56","14","0","0","0","0","0"
"F9","05/13/2024","4794","N353FR","FAR","10:05","09:53","-12","0","0","0","0","0"
"F9","05/13/2024","4856","N392FR","IAH","18:40","18:59","19","19","0","16","0","0"
"F9","05/13/2024","4927","N710FR","SAN","11:29","11:36","7","0","0","0","0","0"
"F9","05/13/2024","4967","N312FR","LAS","22:56","23:10","14","0","0","0","0","0"
"F9","05/13/2024","4989","N609FR","SAN","19:43","20:06","23","0","0","16","0","23"
"F9","05/14/2024","0066","N373FR","MIA","00:10","00:08","-2","0","0","0","0","0"
"F9","05/14/2024","0094","N621FR","MCI","06:31","06:26","-5","0","0","0","0","0"
"F9","05/14/2024","0686","N380FR","DCA","06:39","06:33","-6","0","0","0","0","0"
"F9","05/14/2024","0690","N385FR","DCA","16:35","16:47","12","0","0","0","0","0"
"F9","05/14/2024","1066","N624FR","GRB","16:49","17:03","14","0","0","0","0","0"
"F9","05/14/2024","1093","N634FR","SFO","16:10","16:05","-5","0","0","0","0","0"
"F9","05/14/2024","1114","N363FR","TPA","09:15","09:16","1","1","0","16","0","0"
"F9","05/14/2024","1128","N233FR","OMA","15:50","15:43","-7","0","0","0","0","0"
"F9","05/14/2024","1150","N637FR","MSP","05:11","05:03","-8","0","0","0","0","0"
"F9","05/14/2024","1162","N353FR","HOU","11:36","11:24","-12","0","0","0","0","0"
"F9","05/14/2024","1261","N353FR","ONT","05:01","04:54","-7","0","0","0","0","0"
"F9","05/14/2024","1292","N611FR","MSP","11:29","11:23","-6","0","0","0","0","0"
"F9","05/14/2024","1324","N611FR","DFW","05:01","04:52","-9","0","0","0","0","0"
"F9","05/14/2024","1362","N230FR","CLT","06:54","06:44","-10","0","0","0","0","0"
"F9","05/14/2024","1402","N716FR","BNA","13:00","13:25","25","0","0","2","0","25"
"F9","05/14/2024","1499","N609FR","ONT","22:35","22:32","-3","0","0","0","0","0"
"F9","05/14/2024","1734","N364FR","MCO","00:21","00:58","37","15","0","0","0","16"
"F9","05/14/2024","1815","N705FR","SEA","18:25","19:12","47","0","0","0","0","33"
"F9","05/14/2024","1816","N705FR","AUS","11:41","11:40","-1","0","0","0","0","0"
"F9","05/14/2024","1819","N367FR","PHX","09:39","09:34","-5","0","0","0","0","0"
"F9","05/14/2024","1918","N337FR","CLE","05:15","05:11","-4","0","0","0","0","0"
"F9","05/14/2024","1993","N392FR","LAS","06:40","06:32","-8","0","0","0","0","0"
"F9","05/14/2024","2015","N332FR","LAS","09:55","09:46","-9","0","0","0","0","0"
"F9","05/14/2024","2105","N322FR","PHX","14:24","14:19","-5","0","0","0","0","0"
"F9","05/14/2024","2148","N711FR","DFW","07:29","07:17","-12","0","0","0","0","0"
"F9","05/14/2024","2210","N330FR","MDW","08:11","08:03","-8","0","0","0","0","0"
"F9","05/14/2024","2261","N308FR","ELP","17:09","17:04","-5","0","0","0","0","0"
"F9","05/14/2024","2341","N646FR","LAX","18:57","20:55","118","0","0","0","0","96"
"F9","05/14/2024","2346","N721FR","IND","17:20","17:14","-6","0","0","0","0","0"
"F9","05/14/2024","2349","N301FR","LAS","12:31","13:02","31","0","0","0","0","16"
"F9","05/14/2024","2360","N386FR","MSY","05:01","04:52","-9","0","0","0","0","0"
"F9","05/14/2024","2382","N713FR","ORF","15:42","15:33","-9","0","0","0","0","0"
"F9","05/14/2024","2429","N637FR","LAS","15:19","15:09","-10","0","0","0","0","0"
"F9","05/14/2024","2438","N715FR","RDU","15:21","15:21","0","0","0","0","0","0"
"F9","05/14/2024","2454","N386FR","PNS","13:01","12:56","-5","0","0","0","0","0"
"F9","05/14/2024","2550","N626FR","DFW","10:50","10:44","-6","0","0","15","0","0"
"F9","05/14/2024","2632","N626FR","DFW","17:59","17:50","-9","0","0","0","0","0"
"F9","05/14/2024","2687","N610FR","PDX","22:09","22:02","-7","0","0","0","0","0"
"F9","05/14/2024","2817","N638FR","SAN","05:30","05:25","-5","0","0","0","0","0"
"F9","05/14/2024","2946","N353FR","MDW","18:38","18:54","16","0","0","0","0","0"
"F9","05/14/2024","3172","N716FR","ORD","21:27","22:41","74","0","0","0","0","70"
"F9","05/14/2024","3230","N716FR","IAH","05:45","05:40","-5","0","0","37","0","0"
"F9","05/14/2024","3266","N346FR","PHL","00:11","00:32","21","0","0","0","0","0"
"F9","05/14/2024","3278","N638FR","BMI","12:30","12:29","-1","0","0","0","0","0"
"F9","05/14/2024","3286","N380FR","CVG","16:38","16:29","-9","0","0","0","0","0"
"F9","05/14/2024","3294","N388FR","ATL","00:53","01:02","9","0","0","0","0","0"
"F9","05/14/2024","3302","N701FR","STL","12:45","12:42","-3","0","0","0","0","0"
"F9","05/14/2024","3312","N624FR","MCO","06:31","06:39","8","0","0","0","0","0"
"F9","05/14/2024","3435","N641FR","SFO","22:04","22:07","3","0","0","0","0","0"
"F9","05/14/2024","3467","N367FR","PHX","22:59","22:59","0","0","0","0","0","0"
"F9","05/14/2024","3566","N334FR","DTW","05:06","05:07","1","0","0","0","0","0"
"F9","05/14/2024","3861","N228FR","SLC","07:35","07:26","-9","0","0","0","0","0"
"F9","05/14/2024","3862","N228FR","DCA","12:39","12:41","2","0","0","0","0","0"
"F9","05/14/2024","3981","N392FR","SLC","12:33","12:25","-8","0","0","0","0","0"
"F9","05/14/2024","4135","N304FR","LAS","17:37","17:42","5","0","0","0","0","0"
"F9","05/14/2024","4251","N638FR","SLC","19:34","19:57","23","19","0","0","0","0"
"F9","05/14/2024","4344","N334FR","XNA","13:30","13:20","-10","0","0","0","0","0"
"F9","05/14/2024","4374","N721FR","PIT","07:45","07:34","-11","0","0","0","0","0"
"F9","05/14/2024","4611","N392FR","LAS","19:33","20:13","40","22","0","0","0","0"
"F9","05/14/2024","4626","N715FR","MEM","08:05","07:55","-10","0","0","0","0","0"
"F9","05/14/2024","4635","N701FR","PHX","19:25","19:17","-8","0","0","0","0","0"
"F9","05/14/2024","4776","N385FR","LIT","10:15","10:10","-5","0","0","0","0","0"
"F9","05/14/2024","4794","N233FR","FAR","10:05","09:58","-7","0","0","0","0","0"
"F9","05/14/2024","4967","N368FR","LAS","22:54","22:49","-5","0","0","0","0","0"
"F9","05/14/2024","4989","N611FR","SAN","18:44","19:31","47","29","0","0","0","0"
"F9","05/15/2024","0006","N358FR","STL","06:41","06:31","-10","0","0","0","0","0"
"F9","05/15/2024","0066","N386FR","MIA","00:10","00:16","6","0","0","0","0","0"
"F9","05/15/2024","0686","N353FR","DCA","06:39","06:34","-5","0","0","0","0","0"
"F9","05/15/2024","1114","N233FR","TPA","09:15","09:07","-8","0","0","0","0","0"
"F9","05/15/2024","1128","N392FR","OMA","06:00","05:54","-6","0","0","0","0","0"
"F9","05/15/2024","1150","N705FR","MSP","05:11","05:01","-10","0","0","0","0","0"
"F9","05/15/2024","1162","N228FR","HOU","12:21","12:17","-4","0","0","0","0","0"
"F9","05/15/2024","1248","N715FR","GRR","12:30","12:26","-4","0","0","0","0","0"
"F9","05/15/2024","1261","N638FR","ONT","05:01","05:00","-1","0","0","0","0","0"
"F9","05/15/2024","1280","N624FR","MIA","19:54","19:43","-11","0","0","0","0","0"
"F9","05/15/2024","1282","N610FR","MIA","23:59","00:36","37","0","0","0","0","27"
"F9","05/15/2024","1292","N721FR","MSP","11:56","11:54","-2","0","0","0","0","0"
"F9","05/15/2024","1324","N721FR","DFW","05:01","04:51","-10","0","0","0","0","0"
"F9","05/15/2024","1362","N634FR","CLT","06:54","06:55","1","0","0","0","0","0"
"F9","05/15/2024","1402","N706FR","BNA","16:49","16:47","-2","0","0","0","0","0"
"F9","05/15/2024","1450","N641FR","ATL","06:36","06:31","-5","0","0","0","0","0"
"F9","05/15/2024","1500","N638FR","FSD","11:51","11:48","-3","0","0","0","0","0"
"F9","05/15/2024","1608","N609FR","MKE","07:30","07:25","-5","0","0","0","0","0"
"F9","05/15/2024","1678","N705FR","DSM","11:41","11:33","-8","0","0","0","0","0"
"F9","05/15/2024","1702","N610FR","SYR","14:49","14:43","-6","0","0","0","0","0"
"F9","05/15/2024","1734","N238FR","MCO","00:21","00:12","-9","0","0","0","0","0"
"F9","05/15/2024","1816","N230FR","AUS","05:01","04:54","-7","0","0","0","0","0"
"F9","05/15/2024","1819","N322FR","PHX","09:39","09:38","-1","0","0","0","0","0"
"F9","05/15/2024","1993","N373FR","LAS","06:40","06:34","-6","0","0","0","0","0"
"F9","05/15/2024","2015","N326FR","LAS","09:55","09:59","4","0","0","0","0","0"
"F9","05/15/2024","2103","N317FR","PHX","20:29","20:51","22","0","0","0","0","0"
"F9","05/15/2024","2148","N370FR","DFW","07:59","07:52","-7","0","0","0","0","0"
"F9","05/15/2024","2210","N390FR","MDW","08:11","08:07","-4","0","0","0","0","0"
"F9","05/15/2024","2261","N348FR","ELP","12:33","12:37","4","0","0","0","0","0"
"F9","05/15/2024","2341","N304FR","LAX","19:03","18:56","-7","0","0","0","0","0"
"F9","05/15/2024","2348","N638FR","IND","17:20","17:44","24","0","0","0","0","0"
"F9","05/15/2024","2349","N308FR","LAS","12:31","12:32","1","0","0","0","0","0"
"F9","05/15/2024","2356","N610FR","SAT","08:05","08:33","28","17","0","0","0","0"
"F9","05/15/2024","2374","N624FR","TYS","05:06","04:57","-9","0","0","0","0","0"
"F9","05/15/2024","2429","N723FR","LAS","15:09","15:03","-6","0","0","0","0","0"
"F9","05/15/2024","2438","N641FR","RDU","15:21","15:25","4","0","0","0","0","0"
"F9","05/15/2024","2454","N609FR","PNS","14:54","14:47","-7","0","0","0","0","0"
"F9","05/15/2024","2550","N392FR","DFW","11:23","11:13","-10","0","0","0","0","0"
"F9","05/15/2024","2687","N621FR","PDX","21:57","21:56","-1","0","0","0","0","0"
"F9","05/15/2024","2705","N701FR","SAN","15:45","15:52","7","0","0","0","0","0"
"F9","05/15/2024","2706","N701FR","BWI","06:00","05:57","-3","0","0","0","0","0"
"F9","05/15/2024","2748","N609FR","TPA","23:59","00:06","7","0","0","0","0","0"
"F9","05/15/2024","2752","N385FR","BUF","15:46","16:23","37","20","0","0","0","0"
"F9","05/15/2024","2817","N310FR","SAN","06:51","06:50","-1","0","0","0","0","0"
"F9","05/15/2024","3101","N378FR","MSO","12:57","12:51","-6","0","0","0","0","0"
"F9","05/15/2024","3172","N391FR","ORD","21:27","21:27","0","0","0","0","0","0"
"F9","05/15/2024","3230","N228FR","IAH","05:15","05:05","-10","0","0","0","0","0"
"F9","05/15/2024","3266","N334FR","PHL","00:11","00:09","-2","0","0","0","0","0"
"F9","05/15/2024","3286","N626FR","CVG","06:31","06:29","-2","0","0","0","0","0"
"F9","05/15/2024","3294","N346FR","ATL","00:53","01:17","24","0","0","0","0","0"
"F9","05/15/2024","3312","N713FR","MCO","06:31","06:31","0","0","0","0","0","0"
"F9","05/15/2024","3340","N701FR","PHL","23:46","23:38","-8","0","0","0","0","0"
"F9","05/15/2024","3405","N382FR","SEA","18:50","18:40","-10","0","0","0","0","0"
"F9","05/15/2024","3435","N634FR","SFO","22:04","23:17","73","0","0","0","0","49"
"F9","05/15/2024","3437","N705FR","SFO","17:37","18:17","40","0","0","24","0","0"
"F9","05/15/2024","3467","N238FR","PHX","22:59","23:06","7","0","0","0","0","0"
"F9","05/15/2024","3566","N382FR","DTW","05:06","06:05","59","59","0","3","0","0"
"F9","05/15/2024","3861","N348FR","SLC","07:35","07:28","-7","0","0","0","0","0"
"F9","05/15/2024","3862","N373FR","DCA","12:39","13:02","23","12","0","5","0","11"
"F9","05/15/2024","3981","N230FR","SLC","11:35","11:32","-3","0","0","0","0","0"
"F9","05/15/2024","3982","N230FR","DCA","16:35","16:37","2","2","0","14","0","0"
"F9","05/15/2024","4074","N721FR","DFW","18:43","18:42","-1","0","0","0","0","0"
"F9","05/15/2024","4135","N312FR","LAS","17:17","17:09","-8","0","0","0","0","0"
"F9","05/15/2024","4251","N629FR","SLC","18:55","18:50","-5","0","0","0","0","0"
"F9","05/15/2024","4386","N624FR","CID","13:18","13:08","-10","0","0","0","0","0"
"F9","05/15/2024","4561","N310FR","SNA","13:32","13:26","-6","0","0","0","0","0"
"F9","05/15/2024","4567","N373FR","ONT","22:35","22:51","16","0","0","0","0","0"
"F9","05/15/2024","4611","N228FR","LAS","20:08","19:57","-11","0","0","0","0","0"
"F9","05/15/2024","4714","N353FR","TPA","15:59","15:55","-4","0","0","0","0","0"
"F9","05/15/2024","4794","N385FR","FAR","10:05","09:55","-10","0","0","0","0","0"
"F9","05/15/2024","4967","N308FR","LAS","22:59","23:03","4","0","0","0","0","0"
"F9","05/15/2024","4989","N348FR","SAN","18:44","18:37","-7","0","0","0","0","0"
"F9","05/16/2024","0686","N369FR","DCA","06:35","06:30","-5","0","0","0","0","0"
"F9","05/16/2024","0688","N322FR","DCA","12:40","12:53","13","0","0","0","0","0"
"F9","05/16/2024","0690","N365FR","DCA","16:25","17:29","64","0","0","0","0","41"
"F9","05/16/2024","1093","N228FR","SFO","06:00","05:52","-8","0","0","0","0","0"
"F9","05/16/2024","1114","N606FR","TPA","23:59","01:53","114","101","0","0","0","0"
"F9","05/16/2024","1128","N365FR","OMA","11:07","12:12","65","0","0","9","0","65"
"F9","05/16/2024","1130","N351FR","HOU","17:00","16:58","-2","0","0","0","0","0"
"F9","05/16/2024","1150","N322FR","MSP","06:35","06:30","-5","0","0","0","0","0"
"F9","05/16/2024","1175","N606FR","SEA","06:25","06:28","3","0","0","0","0","0"
"F9","05/16/2024","1228","N368FR","MDW","07:44","07:42","-2","0","0","0","0","0"
"F9","05/16/2024","1261","N385FR","ONT","11:00","10:55","-5","0","0","0","0","0"
"F9","05/16/2024","1324","N382FR","DFW","05:01","04:51","-10","0","0","0","0","0"
"F9","05/16/2024","1362","N638FR","CLT","05:36","05:34","-2","0","0","17","0","0"
"F9","05/16/2024","1375","N392FR","PHX","11:32","11:36","4","0","0","0","0","0"
"F9","05/16/2024","1402","N330FR","BNA","10:50","10:58","8","0","0","0","0","0"
"F9","05/16/2024","1450","","ATL","06:35","00:00","0","0","0","0","0","0"
"F9","05/16/2024","1499","N704FR","ONT","22:37","23:06","29","0","0","0","0","0"
"F9","05/16/2024","1520","N335FR","MIA","17:11","19:16","125","3","0","0","0","117"
"F9","05/16/2024","1560","N717FR","MSN","17:12","17:11","-1","0","0","0","0","0"
"F9","05/16/2024","1734","N378FR","MCO","00:07","00:13","6","0","0","0","0","0"
"F9","05/16/2024","1789","N723FR","PDX","05:01","04:59","-2","0","0","0","0","0"
"F9","05/16/2024","1816","N392FR","AUS","05:01","04:52","-9","0","0","0","0","0"
"F9","05/16/2024","1819","N615FR","PHX","09:20","10:11","51","42","0","0","0","0"
"F9","05/16/2024","1864","N230FR","OKC","09:58","09:59","1","0","0","0","0","0"
"F9","05/16/2024","1918","N721FR","CLE","06:02","06:04","2","0","0","0","0","0"
"F9","05/16/2024","1993","N304FR","LAS","11:24","11:16","-8","0","0","0","0","0"
"F9","05/16/2024","2015","N328FR","LAS","08:53","08:50","-3","0","0","0","0","0"
"F9","05/16/2024","2105","N634FR","PHX","15:43","15:58","15","0","0","0","0","0"
"F9","05/16/2024","2141","N317FR","PHX","13:32","13:30","-2","0","0","0","0","0"
"F9","05/16/2024","2261","N385FR","ELP","05:20","05:15","-5","0","0","0","0","0"
"F9","05/16/2024","2348","N373FR","IND","06:45","06:35","-10","0","0","0","0","0"
"F9","05/16/2024","2349","N312FR","LAS","12:58","13:02","4","0","0","0","0","0"
"F9","05/16/2024","2360","N629FR","MSY","17:15","17:15","0","0","0","0","0","0"
"F9","05/16/2024","2382","N705FR","ORF","12:35","12:42","7","0","0","0","0","0"
"F9","05/16/2024","2429","N611FR","LAS","16:01","17:03","62","0","0","0","0","35"
"F9","05/16/2024","2438","N230FR","RDU","15:24","15:21","-3","0","0","0","0","0"
"F9","05/16/2024","2632","N382FR","DFW","19:07","20:36","89","0","0","43","0","89"
"F9","05/16/2024","2687","N322FR","PDX","21:58","21:48","-10","0","0","0","0","0"
"F9","05/16/2024","2746","N607FR","TPA","15:59","16:12","13","0","0","0","0","0"
"F9","05/16/2024","2817","N621FR","SAN","05:35","05:23","-12","0","0","0","0","0"
"F9","05/16/2024","2946","N238FR","MDW","18:00","19:28","88","0","0","0","0","75"
"F9","05/16/2024","3138","N705FR","MIA","23:59","00:14","15","0","0","0","0","0"
"F9","05/16/2024","3155","N308FR","LAX","19:03","21:26","143","0","0","0","0","126"
"F9","05/16/2024","3162","N369FR","LGA","16:16","16:11","-5","0","0","0","0","0"
"F9","05/16/2024","3174","N349FR","ORD","17:45","19:01","76","61","0","0","0","0"
"F9","05/16/2024","3206","N382FR","IAH","11:33","11:24","-9","0","0","37","0","0"
"F9","05/16/2024","3228","N373FR","IAH","14:15","14:19","4","4","0","94","0","0"
"F9","05/16/2024","3230","N705FR","IAH","05:10","05:07","-3","0","0","0","0","0"
"F9","05/16/2024","3266","N629FR","PHL","07:05","06:55","-10","0","0","0","0","0"
"F9","05/16/2024","3276","N381FR","BMI","13:53","13:50","-3","0","0","0","0","0"
"F9","05/16/2024","3286","N339FR","CVG","07:38","07:58","20","0","0","0","0","0"
"F9","05/16/2024","3294","N346FR","ATL","00:48","01:05","17","0","0","0","0","0"
"F9","05/16/2024","3312","N374FR","MCO","08:59","09:14","15","0","0","0","0","0"
"F9","05/16/2024","3340","N615FR","PHL","23:46","00:05","19","0","0","0","0","17"
"F9","05/16/2024","3376","N704FR","MCI","05:30","05:22","-8","0","0","0","0","0"
"F9","05/16/2024","3405","N385FR","SEA","18:45","18:49","4","4","0","12","0","0"
"F9","05/16/2024","3439","N373FR","SFO","22:10","00:06","116","3","0","0","0","100"
"F9","05/16/2024","3566","N604FR","DTW","15:16","15:23","7","0","0","0","0","0"
"F9","05/16/2024","3861","N717FR","SLC","05:01","04:54","-7","0","0","0","0","0"
"F9","05/16/2024","3930","N641FR","PNS","11:40","12:04","24","0","0","0","0","0"
"F9","05/16/2024","3949","N712FR","LAS","22:48","22:49","1","0","0","0","0","0"
"F9","05/16/2024","3981","N389FR","SLC","09:25","09:25","0","0","0","0","0","0"
"F9","05/16/2024","4070","N638FR","DFW","15:11","15:13","2","2","0","14","0","0"
"F9","05/16/2024","4344","N228FR","XNA","13:17","13:24","7","0","0","0","0","0"
"F9","05/16/2024","4371","N351FR","SNA","09:54","09:55","1","0","0","0","0","0"
"F9","05/16/2024","4374","N606FR","PIT","14:51","14:41","-10","0","0","0","0","0"
"F9","05/16/2024","4386","N621FR","CID","12:38","12:50","12","0","0","0","0","0"
"F9","05/16/2024","4464","","DFW","07:11","00:00","0","0","0","0","0","0"
"F9","05/16/2024","4478","N621FR","STL","18:54","18:54","0","0","0","0","0","0"
"F9","05/16/2024","4576","N615FR","CMH","15:31","15:53","22","0","0","0","0","0"
"F9","05/16/2024","4611","N381FR","LAS","20:48","21:06","18","0","0","0","0","0"
"F9","05/16/2024","4616","N715FR","MSP","13:42","13:49","7","0","0","0","0","0"
"F9","05/16/2024","4626","N381FR","MEM","06:40","06:35","-5","0","0","0","0","0"
"F9","05/16/2024","4721","N723FR","SLC","18:40","18:40","0","0","0","0","0","0"
"F9","05/16/2024","4753","N235FR","PHX","23:27","01:09","102","0","0","0","0","84"
"F9","05/16/2024","4776","N717FR","LIT","10:31","10:34","3","0","0","0","0","0"
"F9","05/16/2024","4794","N723FR","FAR","12:34","12:26","-8","0","0","0","0","0"
"F9","05/16/2024","4920","N719FR","MCO","18:46","18:45","-1","0","0","0","0","0"
"F9","05/16/2024","4927","N238FR","SAN","11:39","11:31","-8","0","0","0","0","0"
"F9","05/16/2024","4963","N228FR","LAS","19:07","19:12","5","0","0","0","0","0"
"F9","05/16/2024","4989","N305FR","SAN","19:55","20:12","17","0","0","0","0","0"
"F9","05/17/2024","0686","N303FR","DCA","06:35","06:55","20","0","0","0","0","0"
"F9","05/17/2024","0688","N308FR","DCA","12:40","12:56","16","0","0","0","0","0"
"F9","05/17/2024","0690","N230FR","DCA","16:25","16:43","18","0","0","0","0","0"
"F9","05/17/2024","1066","N611FR","GRB","15:56","15:47","-9","0","0","0","0","0"
"F9","05/17/2024","1093","N322FR","SFO","06:31","06:34","3","0","0","0","0","0"
"F9","05/17/2024","1114","N718FR","TPA","23:59","00:14","15","0","0","0","0","0"
"F9","05/17/2024","1150","N373FR","MSP","06:39","07:14","35","0","0","0","0","22"
"F9","05/17/2024","1162","N369FR","HOU","05:06","05:01","-5","0","0","50","0","0"
"F9","05/17/2024","1175","N629FR","SEA","06:40","06:48","8","0","0","0","0","0"
"F9","05/17/2024","1228","N351FR","MDW","07:44","07:43","-1","0","0","48","0","0"
"F9","05/17/2024","1248","N619FR","GRR","05:01","04:59","-2","0","0","0","0","0"
"F9","05/17/2024","1280","N610FR","MIA","18:29","18:33","4","0","0","0","0","0"
"F9","05/17/2024","1292","N635FR","MSP","18:58","19:05","7","0","0","0","0","0"
"F9","05/17/2024","1362","N641FR","CLT","14:46","14:50","4","0","0","0","0","0"
"F9","05/17/2024","1402","N715FR","BNA","06:30","06:29","-1","0","0","0","0","0"
"F9","05/17/2024","1450","N723FR","ATL","06:45","07:13","28","0","0","0","0","0"
"F9","05/17/2024","1499","N620FR","ONT","22:37","22:27","-10","0","0","0","0","0"
"F9","05/17/2024","1560","N619FR","MSN","12:30","12:22","-8","0","0","0","0","0"
"F9","05/17/2024","1608","N642FR","MKE","15:26","15:33","7","0","0","0","0","0"
"F9","05/17/2024","1678","N709FR","DSM","17:48","17:43","-5","0","0","0","0","0"
"F9","05/17/2024","1702","N621FR","SYR","09:40","09:31","-9","0","0","0","0","0"
"F9","05/17/2024","1734","N309FR","MCO","00:07","00:06","-1","0","0","0","0","0"
"F9","05/17/2024","1816","N304FR","AUS","05:01","04:57","-4","0","0","0","0","0"
"F9","05/17/2024","1819","N367FR","PHX","08:54","08:44","-10","0","0","0","0","0"
"F9","05/17/2024","1864","N350FR","OKC","09:57","09:53","-4","0","0","0","0","0"
"F9","05/17/2024","1874","","OMA","18:02","00:00","0","0","0","0","0","0"
"F9","05/17/2024","1918","N607FR","CLE","06:00","05:52","-8","0","0","0","0","0"
"F9","05/17/2024","1993","","LAS","11:03","00:00","0","0","0","0","0","0"
"F9","05/17/2024","2015","N301FR","LAS","08:53","08:45","-8","0","0","0","0","0"
"F9","05/17/2024","2105","N606FR","PHX","16:55","17:13","18","0","0","0","0","0"
"F9","05/17/2024","2108","N230FR","FSD","11:12","11:02","-10","0","0","0","0","0"
"F9","05/17/2024","2141","N354FR","PHX","14:36","14:35","-1","0","0","0","0","0"
"F9","05/17/2024","2148","N365FR","DFW","09:40","10:13","33","33","0","3","0","0"
"F9","05/17/2024","2261","N385FR","ELP","11:39","13:11","92","82","0","0","0","0"
"F9","05/17/2024","2348","N718FR","IND","15:40","15:43","3","0","0","0","0","0"
"F9","05/17/2024","2349","N370FR","LAS","12:58","13:01","3","0","0","0","0","0"
"F9","05/17/2024","2356","N635FR","SAT","05:06","05:00","-6","0","0","0","0","0"
"F9","05/17/2024","2360","N329FR","MSY","17:39","17:38","-1","0","0","0","0","0"
"F9","05/17/2024","2374","N629FR","TYS","15:10","15:02","-8","0","0","0","0","0"
"F9","05/17/2024","2429","N723FR","LAS","15:46","15:49","3","0","0","0","0","0"
"F9","05/17/2024","2438","N350FR","RDU","15:24","15:19","-5","0","0","0","0","0"
"F9","05/17/2024","2632","N619FR","DFW","19:04","19:00","-4","0","0","0","0","0"
"F9","05/17/2024","2687","N308FR","PDX","21:58","22:01","3","0","0","0","0","0"
"F9","05/17/2024","2706","N718FR","BWI","06:00","05:55","-5","0","0","0","0","0"
"F9","05/17/2024","2746","N705FR","TPA","17:25","17:31","6","0","0","12","0","6"
"F9","05/17/2024","2752","N373FR","BUF","12:55","12:51","-4","0","0","0","0","0"
"F9","05/17/2024","2817","N717FR","SAN","05:41","05:34","-7","0","0","0","0","0"
"F9","05/17/2024","2907","N717FR","ONT","18:28","18:30","2","0","0","0","0","0"
"F9","05/17/2024","3101","N369FR","MSO","12:15","12:47","32","0","0","0","0","21"
"F9","05/17/2024","3138","N641FR","MIA","23:59","24:00","1","0","0","0","0","0"
"F9","05/17/2024","3155","N370FR","LAX","19:03","19:38","35","7","0","0","0","22"
"F9","05/17/2024","3162","N303FR","LGA","16:16","16:23","7","0","0","0","0","0"
"F9","05/17/2024","3172","N391FR","ORD","21:36","21:29","-7","0","0","0","0","0"
"F9","05/17/2024","3206","N329FR","IAH","10:00","10:21","21","0","0","0","0","0"
"F9","05/17/2024","3266","N704FR","PHL","06:31","06:26","-5","0","0","0","0","0"
"F9","05/17/2024","3276","N385FR","BMI","05:06","04:58","-8","0","0","0","0","0"
"F9","05/17/2024","3286","N611FR","CVG","07:50","07:44","-6","0","0","0","0","0"
"F9","05/17/2024","3294","N238FR","ATL","00:48","02:11","83","0","0","0","0","44"
"F9","05/17/2024","3302","N638FR","STL","06:26","06:20","-6","0","0","0","0","0"
"F9","05/17/2024","3312","N722FR","MCO","11:09","13:34","145","0","0","0","0","133"
"F9","05/17/2024","3340","N612FR","PHL","23:56","00:05","9","9","0","8","0","0"
"F9","05/17/2024","3376","N620FR","MCI","05:30","05:27","-3","0","0","0","0","0"
"F9","05/17/2024","3405","N621FR","SEA","19:19","19:22","3","3","0","16","0","0"
"F9","05/17/2024","3439","N373FR","SFO","22:10","22:16","6","0","0","24","0","0"
"F9","05/17/2024","3539","N367FR","LAS","23:17","01:13","116","43","0","0","0","68"
"F9","05/17/2024","3566","N641FR","DTW","06:31","06:31","0","0","0","0","0","0"
"F9","05/17/2024","3665","N715FR","SMF","14:10","14:08","-2","0","0","0","0","0"
"F9","05/17/2024","3843","N385FR","LAS","17:32","18:24","52","0","0","0","0","44"
"F9","05/17/2024","3861","N350FR","SLC","05:01","04:55","-6","0","0","0","0","0"
"F9","05/17/2024","3930","N704FR","PNS","16:39","17:39","60","50","0","0","0","0"
"F9","05/17/2024","3949","N633FR","LAS","20:56","20:58","2","0","0","0","0","0"
"F9","05/17/2024","3981","N634FR","SLC","10:58","10:59","1","0","0","23","0","1"
"F9","05/17/2024","4070","N304FR","DFW","11:40","11:48","8","0","0","0","0","0"
"F9","05/17/2024","4251","N717FR","SLC","13:01","13:28","27","0","0","0","0","0"
"F9","05/17/2024","4386","N606FR","CID","10:31","11:36","65","0","0","0","0","56"
"F9","05/17/2024","4464","N318FR","DFW","07:16","08:04","48","0","0","0","0","41"
"F9","05/17/2024","4616","N607FR","MSP","14:34","14:28","-6","0","0","0","0","0"
"F9","05/17/2024","4753","N326FR","PHX","23:27","00:32","65","23","0","0","0","24"
"F9","05/17/2024","4794","N705FR","FAR","11:40","11:32","-8","0","0","0","0","0"
"F9","05/17/2024","4839","N369FR","SNA","18:08","18:14","6","0","0","0","0","0"
"F9","05/17/2024","4856","","IAH","17:30","00:00","0","0","0","0","0","0"
"F9","05/17/2024","4927","N635FR","SAN","11:56","12:08","12","0","0","0","0","0"
"F9","05/17/2024","4989","N317FR","SAN","19:55","19:51","-4","0","0","0","0","0"
"F9","05/18/2024","0686","N303FR","DCA","06:35","06:39","4","0","0","0","0","0"
"F9","05/18/2024","0688","N310FR","DCA","12:40","13:42","62","59","0","0","0","0"
"F9","05/18/2024","0690","N303FR","DCA","16:25","16:58","33","22","0","0","0","0"
"F9","05/18/2024","1093","N322FR","SFO","06:31","06:31","0","0","0","0","0","0"
"F9","05/18/2024","1114","N606FR","TPA","23:59","00:16","17","4","0","5","0","13"
"F9","05/18/2024","1128","N717FR","OMA","12:20","12:22","2","0","0","0","0","0"
"F9","05/18/2024","1150","N717FR","MSP","05:45","05:40","-5","0","0","0","0","0"
"F9","05/18/2024","1175","N629FR","SEA","07:20","07:13","-7","0","0","22","0","0"
"F9","05/18/2024","1228","N360FR","MDW","07:48","07:48","0","0","0","0","0","0"
"F9","05/18/2024","1248","N609FR","GRR","16:25","16:25","0","0","0","0","0","0"
"F9","05/18/2024","1261","N329FR","ONT","06:10","06:19","9","0","0","0","0","0"
"F9","05/18/2024","1280","N610FR","MIA","18:29","18:55","26","0","17","1","0","9"
"F9","05/18/2024","1292","N389FR","MSP","19:46","19:47","1","0","0","0","0","0"
"F9","05/18/2024","1324","N621FR","DFW","05:01","05:52","51","49","0","0","0","0"
"F9","05/18/2024","1362","N704FR","CLT","14:51","15:55","64","0","0","63","0","0"
"F9","05/18/2024","1375","N230FR","PHX","09:38","09:38","0","0","0","0","0","0"
"F9","05/18/2024","1402","N622FR","BNA","14:43","14:37","-6","0","0","0","0","0"
"F9","05/18/2024","1450","N620FR","ATL","06:00","05:53","-7","0","0","0","0","0"
"F9","05/18/2024","1499","N629FR","ONT","22:37","22:38","1","0","0","0","0","0"
"F9","05/18/2024","1560","N641FR","MSN","11:20","11:17","-3","0","0","0","0","0"
"F9","05/18/2024","1608","N607FR","MKE","05:01","04:53","-8","0","0","0","0","0"
"F9","05/18/2024","1678","N620FR","DSM","17:47","18:51","64","64","0","36","0","0"
"F9","05/18/2024","1734","","MCO","00:07","00:00","0","0","0","0","0","0"
"F9","05/18/2024","1816","N373FR","AUS","05:01","05:37","36","10","0","0","0","24"
"F9","05/18/2024","1864","N723FR","OKC","15:15","15:07","-8","0","0","0","0","0"
"F9","05/18/2024","1993","N232FR","LAS","10:41","10:34","-7","0","0","0","0","0"
"F9","05/18/2024","2105","N717FR","PHX","17:00","17:38","38","0","0","29","0","38"
"F9","05/18/2024","2108","N370FR","FSD","09:58","12:35","157","139","0","0","0","0"
"F9","05/18/2024","2141","N235FR","PHX","14:36","14:59","23","0","0","0","0","16"
"F9","05/18/2024","2148","N605FR","DFW","09:21","09:24","3","3","0","19","0","0"
"F9","05/18/2024","2261","N619FR","ELP","07:25","07:23","-2","0","0","0","0","0"
"F9","05/18/2024","2348","N635FR","IND","05:25","05:25","0","0","0","0","0","0"
"F9","05/18/2024","2349","N361FR","LAS","12:48","12:39","-9","0","0","0","0","0"
"F9","05/18/2024","2356","N308FR","SAT","05:06","05:39","33","29","0","0","0","0"
"F9","05/18/2024","2374","N373FR","TYS","11:46","13:09","83","77","0","0","0","0"
"F9","05/18/2024","2421","N370FR","SAN","16:32","17:17","45","1","0","0","0","42"
"F9","05/18/2024","2429","N614FR","LAS","15:46","15:39","-7","0","0","0","0","0"
"F9","05/18/2024","2632","N329FR","DFW","19:24","19:22","-2","0","0","0","0","0"
"F9","05/18/2024","2687","N310FR","PDX","21:58","22:31","33","0","0","0","0","30"
"F9","05/18/2024","2706","N607FR","BWI","12:15","12:22","7","0","0","0","0","0"
"F9","05/18/2024","2746","","TPA","17:21","00:00","0","0","0","0","0","0"
"F9","05/18/2024","2752","N635FR","BUF","12:55","13:24","29","17","0","0","0","1"
"F9","05/18/2024","2817","N622FR","SAN","05:45","06:34","49","37","0","0","0","0"
"F9","05/18/2024","2946","N308FR","MDW","17:41","18:39","58","9","0","10","0","49"
"F9","05/18/2024","3101","N350FR","MSO","12:01","11:57","-4","0","0","0","0","0"
"F9","05/18/2024","3138","N720FR","MIA","23:59","00:16","17","17","0","12","0","0"
"F9","05/18/2024","3155","N361FR","LAX","18:56","18:48","-8","0","0","0","0","0"
"F9","05/18/2024","3162","N332FR","LGA","16:16","16:34","18","18","0","4","0","0"
"F9","05/18/2024","3172","N721FR","ORD","20:50","22:47","117","48","0","0","0","56"
"F9","05/18/2024","3206","N389FR","IAH","10:00","09:58","-2","0","0","0","0","0"
"F9","05/18/2024","3230","N723FR","IAH","07:45","07:44","-1","0","0","0","0","0"
"F9","05/18/2024","3266","N642FR","PHL","06:31","06:25","-6","0","0","0","0","0"
"F9","05/18/2024","3294","N228FR","ATL","00:49","01:25","36","28","0","0","0","0"
"F9","05/18/2024","3302","N611FR","STL","06:15","06:10","-5","0","0","0","0","0"
"F9","05/18/2024","3310","N369FR","RDU","15:29","16:02","33","0","0","0","0","29"
"F9","05/18/2024","3312","N621FR","MCO","11:24","12:54","90","0","0","53","0","24"
"F9","05/18/2024","3340","N622FR","PHL","23:56","00:09","13","0","0","0","0","0"
"F9","05/18/2024","3405","N641FR","SEA","19:03","19:03","0","0","0","0","0","0"
"F9","05/18/2024","3439","N607FR","SFO","22:10","22:08","-2","0","0","29","0","0"
"F9","05/18/2024","3539","N238FR","LAS","23:44","00:42","58","0","0","0","0","37"
"F9","05/18/2024","3566","N704FR","DTW","06:31","06:29","-2","0","0","0","0","0"
"F9","05/18/2024","3665","N619FR","SMF","13:20","13:37","17","0","0","0","0","0"
"F9","05/18/2024","3726","N606FR","CVG","05:33","05:32","-1","0","0","0","0","0"
"F9","05/18/2024","3843","N238FR","LAS","17:28","18:41","73","55","0","0","0","18"
"F9","05/18/2024","3861","N709FR","SLC","05:01","04:57","-4","0","0","0","0","0"
"F9","05/18/2024","3930","N642FR","PNS","16:38","16:31","-7","0","0","0","0","0"
"F9","05/18/2024","3981","N369FR","SLC","11:15","11:09","-6","0","0","0","0","0"
"F9","05/18/2024","4070","N365FR","DFW","14:57","15:57","60","0","0","0","0","58"
"F9","05/18/2024","4344","N308FR","XNA","11:50","11:55","5","0","0","0","0","0"
"F9","05/18/2024","4371","N363FR","SNA","17:30","17:27","-3","0","0","0","0","0"
"F9","05/18/2024","4386","N709FR","CID","10:31","10:20","-11","0","0","0","0","0"
"F9","05/18/2024","4611","N619FR","LAS","20:32","20:41","9","0","0","0","0","0"
"F9","05/18/2024","4638","N625FR","CLE","19:01","21:41","160","75","0","0","0","71"
"F9","05/18/2024","4721","N235FR","SLC","21:06","21:53","47","37","0","34","0","10"
"F9","05/18/2024","4753","N383FR","PHX","23:27","00:27","60","0","0","0","0","58"
"F9","05/18/2024","4778","N629FR","LIT","15:24","15:22","-2","0","0","0","0","0"
"F9","05/18/2024","4794","N609FR","FAR","10:15","10:07","-8","0","0","0","0","0"
"F9","05/18/2024","4856","N350FR","IAH","18:16","18:08","-8","0","0","0","0","0"
"F9","05/18/2024","4927","N329FR","SAN","12:41","13:11","30","0","0","0","0","19"
"F9","05/19/2024","0686","N373FR","DCA","06:35","06:30","-5","0","0","0","0","0"
"F9","05/19/2024","0688","N230FR","DCA","12:41","20:16","455","449","0","0","0","0"
"F9","05/19/2024","0690","N369FR","DCA","16:25","17:35","70","34","0","0","0","36"
"F9","05/19/2024","1093","N381FR","SFO","06:20","06:15","-5","0","0","0","0","0"
"F9","05/19/2024","1114","N629FR","TPA","23:59","23:53","-6","0","0","0","0","0"
"F9","05/19/2024","1128","N369FR","OMA","11:17","11:30","13","3","0","5","0","10"
"F9","05/19/2024","1130","N389FR","HOU","17:49","17:46","-3","0","0","0","0","0"
"F9","05/19/2024","1150","N389FR","MSP","05:01","04:55","-6","0","0","0","0","0"
"F9","05/19/2024","1175","N641FR","SEA","05:01","05:14","13","0","0","0","0","0"
"F9","05/19/2024","1228","N378FR","MDW","07:44","07:35","-9","0","0","0","0","0"
"F9","05/19/2024","1261","N714FR","ONT","11:39","11:41","2","0","0","0","0","0"
"F9","05/19/2024","1324","N642FR","DFW","05:06","04:53","-13","0","0","0","0","0"
"F9","05/19/2024","1362","N629FR","CLT","05:36","05:40","4","0","0","0","0","0"
"F9","05/19/2024","1375","N326FR","PHX","11:32","11:29","-3","0","0","0","0","0"
"F9","05/19/2024","1402","N349FR","BNA","10:50","10:40","-10","0","0","0","0","0"
"F9","05/19/2024","1450","N620FR","ATL","06:35","06:31","-4","0","0","0","0","0"
"F9","05/19/2024","1499","N607FR","ONT","22:37","22:38","1","0","0","0","0","0"
"F9","05/19/2024","1520","N391FR","MIA","17:11","18:02","51","10","0","2","0","41"
"F9","05/19/2024","1560","N645FR","MSN","17:12","17:15","3","0","0","0","0","0"
"F9","05/19/2024","1734","N363FR","MCO","00:07","01:28","81","66","0","0","0","0"
"F9","05/19/2024","1765","N332FR","LAS","05:06","05:00","-6","0","0","0","0","0"
"F9","05/19/2024","1789","N709FR","PDX","07:25","08:32","67","59","0","0","0","0"
"F9","05/19/2024","1816","N714FR","AUS","05:01","05:23","22","0","0","0","0","0"
"F9","05/19/2024","1819","N723FR","PHX","09:30","09:25","-5","0","0","0","0","0"
"F9","05/19/2024","1864","N329FR","OKC","09:58","10:07","9","0","0","0","0","0"
"F9","05/19/2024","1918","N638FR","CLE","06:02","05:57","-5","0","0","0","0","0"
"F9","05/19/2024","1993","N334FR","LAS","12:35","12:39","4","1","0","15","0","3"
"F9","05/19/2024","2015","N232FR","LAS","08:53","08:49","-4","0","0","0","0","0"
"F9","05/19/2024","2105","N235FR","PHX","15:55","16:10","15","0","0","0","0","0"
"F9","05/19/2024","2141","N634FR","PHX","13:32","13:45","13","0","0","0","0","0"
"F9","05/19/2024","2261","N717FR","ELP","12:36","13:52","76","0","0","2","0","76"
"F9","05/19/2024","2348","N230FR","IND","05:31","05:21","-10","0","0","0","0","0"
"F9","05/19/2024","2360","N717FR","MSY","18:33","20:06","93","0","0","0","0","86"
"F9","05/19/2024","2382","N350FR","ORF","12:20","12:15","-5","0","0","0","0","0"
"F9","05/19/2024","2429","N702FR","LAS","16:01","15:56","-5","0","0","0","0","0"
"F9","05/19/2024","2438","N373FR","RDU","15:24","16:29","65","5","0","11","0","60"
"F9","05/19/2024","2632","N334FR","DFW","19:03","19:10","7","0","0","51","0","7"
"F9","05/19/2024","2687","N350FR","PDX","22:09","22:01","-8","0","0","0","0","0"
"F9","05/19/2024","2746","N626FR","TPA","15:54","16:12","18","0","0","0","0","0"
"F9","05/19/2024","2817","N350FR","SAN","05:35","05:41","6","0","0","0","0","0"
"F9","05/19/2024","2946","N332FR","MDW","18:27","18:39","12","0","0","0","0","0"
"F9","05/19/2024","3138","N709FR","MIA","23:59","00:20","21","0","0","0","0","0"
"F9","05/19/2024","3155","","LAX","19:03","00:00","0","0","0","0","0","0"
"F9","05/19/2024","3162","N329FR","LGA","16:16","16:11","-5","0","0","0","0","0"
"F9","05/19/2024","3174","N370FR","ORD","17:37","18:04","27","17","0","0","0","0"
"F9","05/19/2024","3206","N370FR","IAH","10:00","09:54","-6","0","0","0","0","0"
"F9","05/19/2024","3228","N620FR","IAH","15:18","15:13","-5","0","0","0","0","0"
"F9","05/19/2024","3230","N717FR","IAH","05:11","06:48","97","67","0","0","0","0"
"F9","05/19/2024","3266","N308FR","PHL","08:40","08:43","3","0","0","0","0","0"
"F9","05/19/2024","3276","N389FR","BMI","11:11","11:04","-7","0","0","0","0","0"
"F9","05/19/2024","3286","N233FR","CVG","07:38","07:46","8","0","0","0","0","0"
"F9","05/19/2024","3294","N322FR","ATL","00:48","00:47","-1","0","0","0","0","0"
"F9","05/19/2024","3312","N613FR","MCO","10:16","10:17","1","0","0","0","0","0"
"F9","05/19/2024","3340","N615FR","PHL","23:56","23:47","-9","0","0","35","0","0"
"F9","05/19/2024","3376","N607FR","MCI","05:30","05:54","24","0","0","0","0","17"
"F9","05/19/2024","3405","N711FR","SEA","18:35","19:47","72","0","0","0","0","64"
"F9","05/19/2024","3439","N616FR","SFO","22:10","21:58","-12","0","0","0","0","0"
"F9","05/19/2024","3566","N709FR","DTW","15:00","16:28","88","0","0","0","0","79"
"F9","05/19/2024","3861","N329FR","SLC","05:06","05:14","8","0","0","0","0","0"
"F9","05/19/2024","3930","N701FR","PNS","11:39","12:15","36","0","0","0","0","28"
"F9","05/19/2024","3981","N310FR","SLC","09:30","09:24","-6","0","0","0","0","0"
"F9","05/19/2024","4070","N723FR","DFW","15:41","15:46","5","0","0","0","0","0"
"F9","05/19/2024","4344","N381FR","XNA","13:33","13:23","-10","0","0","0","0","0"
"F9","05/19/2024","4371","N366FR","SNA","17:14","17:33","19","0","0","3","0","19"
"F9","05/19/2024","4374","N629FR","PIT","14:49","14:39","-10","0","0","0","0","0"
"F9","05/19/2024","4386","N641FR","CID","13:01","15:10","129","129","0","23","0","0"
"F9","05/19/2024","4464","N609FR","DFW","07:11","07:02","-9","0","0","0","0","0"
"F9","05/19/2024","4478","N381FR","STL","19:22","19:15","-7","0","0","22","0","0"
"F9","05/19/2024","4576","N704FR","CMH","16:01","16:20","19","19","0","10","0","0"
"F9","05/19/2024","4611","N614FR","LAS","20:47","20:36","-11","0","0","0","0","0"
"F9","05/19/2024","4616","N609FR","MSP","13:42","13:36","-6","0","0","0","0","0"
"F9","05/19/2024","4626","N642FR","MEM","11:38","11:56","18","0","0","0","0","0"
"F9","05/19/2024","4721","N641FR","SLC","19:18","22:29","191","1","0","0","0","175"
"F9","05/19/2024","4753","N366FR","PHX","23:27","00:12","45","26","0","0","0","18"
"F9","05/19/2024","4776","N645FR","LIT","10:31","10:26","-5","0","0","0","0","0"
"F9","05/19/2024","4794","N303FR","FAR","09:55","10:11","16","16","0","2","0","0"
"F9","05/19/2024","4920","N714FR","MCO","18:26","06:01","695","673","0","0","0","0"
"F9","05/19/2024","4927","N332FR","SAN","11:45","11:49","4","0","0","0","0","0"
"F9","05/19/2024","4967","N642FR","LAS","19:09","19:26","17","1","0","0","0","14"
"F9","05/19/2024","4989","N348FR","SAN","19:55","19:51","-4","0","0","0","0","0"
"F9","05/20/2024","0686","N230FR","DCA","06:35","06:31","-4","0","0","0","0","0"
"F9","05/20/2024","0688","N334FR","DCA","12:40","12:44","4","0","0","0","0","0"
"F9","05/20/2024","0690","N373FR","DCA","16:25","18:35","130","0","60","16","0","70"
"F9","05/20/2024","1066","N720FR","GRB","17:04","20:50","226","0","72","5","0","154"
"F9","05/20/2024","1093","N317FR","SFO","06:35","06:33","-2","0","0","0","0","0"
"F9","05/20/2024","1114","N645FR","TPA","23:58","00:58","60","0","0","0","0","52"
"F9","05/20/2024","1150","N334FR","MSP","06:39","06:31","-8","0","0","0","0","0"
"F9","05/20/2024","1162","N311FR","HOU","10:00","09:49","-11","0","0","0","0","0"
"F9","05/20/2024","1175","N645FR","SEA","06:35","06:35","0","0","0","0","0","0"
"F9","05/20/2024","1228","N309FR","MDW","07:54","07:54","0","0","0","0","0","0"
"F9","05/20/2024","1248","N332FR","GRR","05:06","05:00","-6","0","0","0","0","0"
"F9","05/20/2024","1261","N636FR","ONT","06:41","06:51","10","10","0","7","0","0"
"F9","05/20/2024","1280","N711FR","MIA","18:29","21:02","153","0","4","0","0","122"
"F9","05/20/2024","1292","N710FR","MSP","18:58","19:51","53","0","35","13","0","18"
"F9","05/20/2024","1362","N645FR","CLT","14:46","14:41","-5","0","0","0","0","0"
"F9","05/20/2024","1375","N366FR","PHX","09:38","09:30","-8","0","0","0","0","0"
"F9","05/20/2024","1402","N626FR","BNA","05:01","04:56","-5","0","0","0","0","0"
"F9","05/20/2024","1450","N329FR","ATL","06:45","07:01","16","16","0","11","0","0"
"F9","05/20/2024","1499","N633FR","ONT","22:37","23:14","37","0","27","0","0","0"
"F9","05/20/2024","1560","N384FR","MSN","12:30","12:30","0","0","0","0","0","0"
"F9","05/20/2024","1608","N389FR","MKE","05:20","05:17","-3","0","0","0","0","0"
"F9","05/20/2024","1678","N645FR","DSM","17:56","18:03","7","0","0","0","0","0"
"F9","05/20/2024","1702","N616FR","SYR","15:29","15:25","-4","0","0","0","0","0"
"F9","05/20/2024","1734","N394FR","MCO","00:07","00:05","-2","0","0","0","0","0"
"F9","05/20/2024","1816","N710FR","AUS","05:01","05:06","5","0","0","0","0","0"
"F9","05/20/2024","1864","N711FR","OKC","12:38","13:25","47","0","0","0","0","43"
"F9","05/20/2024","1874","N389FR","OMA","18:12","20:03","111","0","63","61","0","48"
"F9","05/20/2024","1918","N350FR","CLE","06:05","06:04","-1","0","0","0","0","0"
"F9","05/20/2024","1993","N332FR","LAS","12:35","12:30","-5","0","0","0","0","0"
"F9","05/20/2024","2015","N702FR","LAS","09:03","09:10","7","0","0","11","0","7"
"F9","05/20/2024","2105","N620FR","PHX","17:00","17:31","31","0","31","125","0","0"
"F9","05/20/2024","2108","N324FR","FSD","09:58","11:29","91","0","0","0","0","74"
"F9","05/20/2024","2141","N350FR","PHX","14:36","14:32","-4","0","0","22","0","0"
"F9","05/20/2024","2148","N381FR","DFW","09:40","10:05","25","0","0","0","0","0"
"F9","05/20/2024","2261","N723FR","ELP","11:56","11:53","-3","0","0","0","0","0"
"F9","05/20/2024","2285","N369FR","LAS","10:33","11:37","64","13","0","13","0","51"
"F9","05/20/2024","2348","N704FR","IND","15:39","15:40","1","0","0","0","0","0"
"F9","05/20/2024","2356","N723FR","SAT","05:06","04:55","-11","0","0","0","0","0"
"F9","05/20/2024","2374","N626FR","TYS","12:47","12:56","9","0","0","0","0","0"
"F9","05/20/2024","2429","N716FR","LAS","16:01","15:47","-14","0","0","0","0","0"
"F9","05/20/2024","2438","N329FR","RDU","15:24","15:25","1","0","0","0","0","0"
"F9","05/20/2024","2632","N384FR","DFW","19:03","21:46","163","0","0","0","0","141"
"F9","05/20/2024","2687","N324FR","PDX","21:58","22:58","60","0","51","0","0","0"
"F9","05/20/2024","2706","N704FR","BWI","06:00","06:08","8","0","0","0","0","0"
"F9","05/20/2024","2746","N631FR","TPA","17:25","17:44","19","0","0","0","0","0"
"F9","05/20/2024","2752","N709FR","BUF","11:12","11:45","33","0","0","0","0","0"
"F9","05/20/2024","2817","N711FR","SAN","05:35","05:34","-1","0","0","27","0","0"
"F9","05/20/2024","3101","N389FR","MSO","12:15","12:07","-8","0","0","0","0","0"
"F9","05/20/2024","3138","N709FR","MIA","23:59","00:31","32","0","0","0","0","0"
"F9","05/20/2024","3155","N232FR","LAX","19:03","20:21","78","0","18","41","0","60"
"F9","05/20/2024","3162","N230FR","LGA","16:16","16:09","-7","0","0","0","0","0"
"F9","05/20/2024","3172","N353FR","ORD","21:16","22:28","72","0","9","0","0","61"
"F9","05/20/2024","3206","N644FR","IAH","09:29","09:24","-5","0","0","0","0","0"
"F9","05/20/2024","3228","N636FR","IAH","13:31","13:25","-6","0","0","0","0","0"
"F9","05/20/2024","3266","N717FR","PHL","06:31","06:25","-6","0","0","0","0","0"
"F9","05/20/2024","3294","N362FR","ATL","00:54","02:18","84","0","0","0","0","65"
"F9","05/20/2024","3302","N607FR","STL","06:26","06:24","-2","0","0","0","0","0"
"F9","05/20/2024","3312","N318FR","MCO","11:19","11:18","-1","0","0","0","0","0"
"F9","05/20/2024","3340","N317FR","PHL","23:56","01:25","89","0","0","1","0","89"
"F9","05/20/2024","3439","N615FR","SFO","22:10","23:45","95","0","0","0","0","92"
"F9","05/20/2024","3539","N716FR","LAS","23:59","01:02","63","0","26","0","0","30"
"F9","05/20/2024","3566","N616FR","DTW","07:00","06:54","-6","0","0","0","0","0"
"F9","05/20/2024","3665","N636FR","SMF","18:23","22:07","224","0","27","0","0","187"
"F9","05/20/2024","3726","N701FR","CVG","05:33","05:33","0","0","0","0","0","0"
"F9","05/20/2024","3843","N311FR","LAS","17:50","17:45","-5","0","0","16","0","0"
"F9","05/20/2024","3861","N381FR","SLC","05:01","04:53","-8","0","0","0","0","0"
"F9","05/20/2024","3930","N705FR","PNS","16:39","17:48","69","59","0","7","0","10"
"F9","05/20/2024","3949","N701FR","LAS","21:02","01:16","254","0","236","0","0","0"
"F9","05/20/2024","3981","N373FR","SLC","11:12","11:57","45","0","0","15","0","45"
"F9","05/20/2024","4070","N372FR","DFW","11:40","12:13","33","0","0","0","0","0"
"F9","05/20/2024","4251","N641FR","SLC","16:54","18:20","86","10","0","24","0","76"
"F9","05/20/2024","4386","N705FR","CID","10:31","10:24","-7","0","0","0","0","0"
"F9","05/20/2024","4464","N337FR","DFW","07:16","07:10","-6","0","0","0","0","0"
"F9","05/20/2024","4616","N331FR","MSP","14:40","14:37","-3","0","0","0","0","0"
"F9","05/20/2024","4647","N303FR","SEA","15:26","15:23","-3","0","0","0","0","0"
"F9","05/20/2024","4753","N366FR","PHX","23:20","00:10","50","0","0","0","0","47"
"F9","05/20/2024","4794","N620FR","FAR","10:12","10:49","37","17","0","0","0","0"
"F9","05/20/2024","4839","","SNA","18:16","00:00","0","0","0","0","0","0"
"F9","05/20/2024","4856","N367FR","IAH","17:30","17:39","9","0","0","72","0","9"
"F9","05/20/2024","4927","N710FR","SAN","11:39","11:34","-5","0","0","0","0","0"
"F9","05/20/2024","4989","N235FR","SAN","19:55","20:39","44","0","0","0","0","29"
"F9","05/21/2024","0686","N384FR","DCA","06:35","06:27","-8","0","0","0","0","0"
"F9","05/21/2024","0688","N379FR","DCA","12:40","12:35","-5","0","0","0","0","0"
"F9","05/21/2024","0690","N626FR","DCA","16:25","17:28","63","3","0","0","0","60"
"F9","05/21/2024","1093","N230FR","SFO","05:10","05:03","-7","0","0","0","0","0"
"F9","05/21/2024","1114","N723FR","TPA","23:59","23:50","-9","0","0","21","0","0"
"F9","05/21/2024","1128","N701FR","OMA","09:47","09:37","-10","0","0","0","0","0"
"F9","05/21/2024","1130","N230FR","HOU","18:15","20:23","128","10","0","0","0","87"
"F9","05/21/2024","1150","N705FR","MSP","05:45","05:37","-8","0","0","0","0","0"
"F9","05/21/2024","1175","N645FR","SEA","17:12","18:39","87","0","5","19","0","82"
"F9","05/21/2024","1228","N365FR","MDW","10:23","10:26","3","1","0","18","0","2"
"F9","05/21/2024","1261","N717FR","ONT","11:59","12:28","29","20","0","0","0","1"
"F9","05/21/2024","1324","N720FR","DFW","05:01","05:01","0","0","0","0","0","0"
"F9","05/21/2024","1362","N711FR","CLT","11:17","11:56","39","0","0","0","0","17"
"F9","05/21/2024","1375","N235FR","PHX","09:38","09:37","-1","0","0","0","0","0"
"F9","05/21/2024","1402","N370FR","BNA","10:50","11:29","39","0","0","0","0","31"
"F9","05/21/2024","1450","N615FR","ATL","06:45","07:12","27","9","0","19","0","18"
"F9","05/21/2024","1499","N641FR","ONT","22:37","22:36","-1","0","0","0","0","0"
"F9","05/21/2024","1520","N366FR","MIA","17:11","17:58","47","0","0","0","0","0"
"F9","05/21/2024","1734","N334FR","MCO","00:07","01:44","97","66","0","0","0","0"
"F9","05/21/2024","1765","N704FR","LAS","06:45","06:50","5","0","0","0","0","0"
"F9","05/21/2024","1789","N636FR","PDX","05:20","06:28","68","20","0","0","0","40"
"F9","05/21/2024","1816","N616FR","AUS","05:01","05:07","6","0","0","0","0","0"
"F9","05/21/2024","1819","N717FR","PHX","06:00","06:17","17","17","0","6","0","0"
"F9","05/21/2024","1864","N713FR","OKC","05:11","05:15","4","4","0","15","0","0"
"F9","05/21/2024","1918","N633FR","CLE","06:02","06:31","29","26","0","0","0","0"
"F9","05/21/2024","1993","N324FR","LAS","12:35","12:33","-2","0","0","32","0","0"
"F9","05/21/2024","2141","N310FR","PHX","14:51","14:58","7","0","0","0","0","0"
"F9","05/21/2024","2148","N644FR","DFW","09:30","09:28","-2","0","0","0","0","0"
"F9","05/21/2024","2261","N616FR","ELP","11:39","11:59","20","8","0","0","0","8"
"F9","05/21/2024","2285","N373FR","LAS","09:57","09:51","-6","0","0","0","0","0"
"F9","05/21/2024","2348","N620FR","IND","16:39","18:19","100","0","30","0","0","60"
"F9","05/21/2024","2349","N704FR","LAS","14:05","14:29","24","0","24","0","0","0"
"F9","05/21/2024","2360","N616FR","MSY","17:57","17:56","-1","0","0","0","0","0"
"F9","05/21/2024","2382","N720FR","ORF","11:44","12:02","18","0","0","0","0","0"
"F9","05/21/2024","2438","N384FR","RDU","15:54","16:40","46","38","0","0","0","0"
"F9","05/21/2024","2632","N705FR","DFW","19:12","19:52","40","0","0","13","0","40"
"F9","05/21/2024","2687","N379FR","PDX","21:58","23:34","96","14","0","0","0","73"
"F9","05/21/2024","2817","N324FR","SAN","05:45","05:58","13","0","0","0","0","0"
"F9","05/21/2024","2946","N309FR","MDW","13:46","13:46","0","0","0","36","0","0"
"F9","05/21/2024","3138","N644FR","MIA","23:59","01:23","84","0","0","0","0","60"
"F9","05/21/2024","3155","N311FR","LAX","19:03","21:01","118","0","0","0","0","116"
"F9","05/21/2024","3162","N332FR","LGA","16:16","16:11","-5","0","0","37","0","0"
"F9","05/21/2024","3174","N365FR","ORD","17:37","19:50","133","0","0","0","0","116"
"F9","05/21/2024","3206","N381FR","IAH","08:42","08:37","-5","0","0","0","0","0"
"F9","05/21/2024","3266","N620FR","PHL","06:31","06:29","-2","0","0","0","0","0"
"F9","05/21/2024","3276","N641FR","BMI","13:02","13:14","12","0","0","0","0","0"
"F9","05/21/2024","3286","N629FR","CVG","07:48","08:13","25","0","0","0","0","0"
"F9","05/21/2024","3294","N367FR","ATL","00:49","01:58","69","0","0","0","0","37"
"F9","05/21/2024","3302","N713FR","STL","10:00","10:30","30","0","0","11","0","30"
"F9","05/21/2024","3312","N613FR","MCO","10:16","10:16","0","0","0","0","0","0"
"F9","05/21/2024","3340","N301FR","PHL","23:56","00:06","10","0","0","0","0","0"
"F9","05/21/2024","3376","N723FR","MCI","05:30","05:45","15","0","0","0","0","0"
"F9","05/21/2024","3439","N713FR","SFO","22:10","22:45","35","24","0","0","0","0"
"F9","05/21/2024","3467","N354FR","PHX","21:07","21:07","0","0","0","0","0","0"
"F9","05/21/2024","3566","N331FR","DTW","16:03","16:09","6","6","0","15","0","0"
"F9","05/21/2024","3843","N619FR","LAS","17:45","19:14","89","0","0","0","0","84"
"F9","05/21/2024","3861","N365FR","SLC","05:30","05:44","14","0","0","0","0","0"
"F9","05/21/2024","3930","N636FR","PNS","12:54","13:36","42","0","0","0","0","21"
"F9","05/21/2024","3981","N329FR","SLC","11:17","11:41","24","10","0","5","0","14"
"F9","05/21/2024","4070","N701FR","DFW","15:11","16:08","57","0","0","0","0","36"
"F9","05/21/2024","4251","N329FR","SLC","17:17","12:23","1146","1146","0","13","0","0"
"F9","05/21/2024","4344","N230FR","XNA","12:25","12:15","-10","0","0","0","0","0"
"F9","05/21/2024","4371","N353FR","SNA","17:27","19:24","117","4","0","0","0","109"
"F9","05/21/2024","4374","N644FR","PIT","15:33","16:39","66","0","0","0","0","61"
"F9","05/21/2024","4576","N615FR","CMH","15:26","17:39","133","0","21","7","0","112"
"F9","05/21/2024","4613","N637FR","LAS","23:08","00:15","67","0","0","0","0","50"
"F9","05/21/2024","4616","N385FR","MSP","16:04","16:31","27","15","0","0","0","0"
"F9","05/21/2024","4626","N641FR","MEM","05:50","05:47","-3","0","0","0","0","0"
"F9","05/21/2024","4753","N330FR","PHX","23:27","01:13","106","92","0","2","0","14"
"F9","05/21/2024","4776","N645FR","LIT","10:31","10:45","14","0","0","11","0","14"
"F9","05/21/2024","4794","N626FR","FAR","10:35","11:04","29","0","0","0","0","0"
"F9","05/21/2024","4927","N705FR","SAN","12:08","12:08","0","0","0","0","0","0"
"F9","05/21/2024","4967","N717FR","LAS","19:15","19:14","-1","0","0","0","0","0"
"F9","05/21/2024","4989","N358FR","SAN","19:55","20:44","49","43","0","0","0","0"
"F9","05/22/2024","0686","N332FR","DCA","06:35","06:30","-5","0","0","0","0","0"
"F9","05/22/2024","0688","N719FR","DCA","12:40","12:53","13","0","0","0","0","0"
"F9","05/22/2024","0690","N347FR","DCA","16:25","16:28","3","0","0","0","0","0"
"F9","05/22/2024","1066","N720FR","GRB","05:06","06:58","112","96","0","0","0","0"
"F9","05/22/2024","1093","N379FR","SFO","06:31","06:30","-1","0","0","0","0","0"
"F9","05/22/2024","1114","N634FR","TPA","23:59","00:21","22","0","0","0","0","0"
"F9","05/22/2024","1128","N386FR","OMA","10:28","10:23","-5","0","0","0","0","0"
"F9","05/22/2024","1150","N329FR","MSP","06:39","06:30","-9","0","0","0","0","0"
"F9","05/22/2024","1162","N384FR","HOU","10:00","11:12","72","0","0","0","0","48"
"F9","05/22/2024","1175","N719FR","SEA","05:01","04:56","-5","0","0","0","0","0"
"F9","05/22/2024","1228","N309FR","MDW","07:44","07:41","-3","0","0","0","0","0"
"F9","05/22/2024","1248","N701FR","GRR","12:38","13:36","58","0","0","0","0","45"
"F9","05/22/2024","1261","N705FR","ONT","12:10","13:02","52","43","0","0","0","0"
"F9","05/22/2024","1280","N644FR","MIA","18:29","20:25","116","0","0","0","0","88"
"F9","05/22/2024","1292","N341FR","MSP","18:26","20:46","140","0","0","0","0","131"
"F9","05/22/2024","1362","N721FR","CLT","13:50","14:46","56","0","0","2","0","56"
"F9","05/22/2024","1402","N645FR","BNA","06:22","06:20","-2","0","0","0","0","0"
"F9","05/22/2024","1450","N353FR","ATL","06:45","06:44","-1","0","0","0","0","0"
"F9","05/22/2024","1499","N645FR","ONT","22:37","23:12","35","0","0","0","0","24"
"F9","05/22/2024","1608","N230FR","MKE","05:20","05:17","-3","0","0","0","0","0"
"F9","05/22/2024","1678","N720FR","DSM","12:29","13:36","67","0","0","0","0","54"
"F9","05/22/2024","1702","N642FR","SYR","15:19","16:10","51","0","0","0","0","31"
"F9","05/22/2024","1734","N371FR","MCO","00:07","00:25","18","18","0","9","0","0"
"F9","05/22/2024","1752","N352FR","CVG","20:52","21:49","57","0","0","0","0","41"
"F9","05/22/2024","1816","N353FR","AUS","15:26","15:34","8","0","0","0","0","0"
"F9","05/22/2024","1819","N305FR","PHX","08:54","09:39","45","29","0","0","0","15"
"F9","05/22/2024","1864","N616FR","OKC","12:31","12:26","-5","0","0","0","0","0"
"F9","05/22/2024","1918","N620FR","CLE","06:05","06:02","-3","0","0","0","0","0"
"F9","05/22/2024","1993","N395FR","LAS","12:35","13:12","37","36","0","0","0","0"
"F9","05/22/2024","2015","N636FR","LAS","08:53","09:40","47","47","0","9","0","0"
"F9","05/22/2024","2105","N723FR","PHX","17:16","17:27","11","0","0","0","0","0"
"F9","05/22/2024","2108","N235FR","FSD","11:12","11:09","-3","0","0","0","0","0"
"F9","05/22/2024","2141","N229FR","PHX","14:36","14:40","4","0","0","0","0","0"
"F9","05/22/2024","2148","N233FR","DFW","10:19","10:52","33","33","0","65","0","0"
"F9","05/22/2024","2261","N704FR","ELP","12:23","12:22","-1","0","0","0","0","0"
"F9","05/22/2024","2348","N616FR","IND","05:01","04:57","-4","0","0","0","0","0"
"F9","05/22/2024","2349","N645FR","LAS","14:05","14:24","19","0","0","0","0","0"
"F9","05/22/2024","2356","N705FR","SAT","05:06","04:59","-7","0","0","0","0","0"
"F9","05/22/2024","2374","N709FR","TYS","11:40","11:42","2","0","0","0","0","0"
"F9","05/22/2024","2429","N717FR","LAS","16:01","17:49","108","0","0","0","0","86"
"F9","05/22/2024","2632","N705FR","DFW","19:06","19:51","45","0","0","0","0","39"
"F9","05/22/2024","2687","N719FR","PDX","21:58","22:46","48","12","0","8","0","36"
"F9","05/22/2024","2706","N641FR","BWI","14:09","15:05","56","0","0","0","0","20"
"F9","05/22/2024","2746","N720FR","TPA","17:21","20:00","159","30","0","0","0","126"
"F9","05/22/2024","2752","N607FR","BUF","16:39","17:28","49","0","0","0","0","17"
"F9","05/22/2024","2817","N701FR","SAN","05:35","06:43","68","67","0","0","0","0"
"F9","05/22/2024","3101","N230FR","MSO","12:15","12:04","-11","0","0","0","0","0"
"F9","05/22/2024","3138","N721FR","MIA","23:49","00:43","54","1","0","0","0","37"
"F9","05/22/2024","3155","N395FR","LAX","19:03","19:06","3","0","0","0","0","0"
"F9","05/22/2024","3162","N235FR","LGA","16:16","17:08","52","0","0","72","0","0"
"F9","05/22/2024","3172","N615FR","ORD","21:41","00:24","163","163","0","8","0","0"
"F9","05/22/2024","3230","N641FR","IAH","06:45","06:40","-5","0","0","0","0","0"
"F9","05/22/2024","3266","N711FR","PHL","06:31","07:57","86","64","0","0","0","0"
"F9","05/22/2024","3294","N331FR","ATL","00:55","00:45","-10","0","0","0","0","0"
"F9","05/22/2024","3302","N615FR","STL","06:26","06:17","-9","0","0","0","0","0"
"F9","05/22/2024","3310","N386FR","RDU","15:30","15:36","6","0","0","0","0","0"
"F9","05/22/2024","3312","N626FR","MCO","10:16","10:44","28","0","0","0","0","0"
"F9","05/22/2024","3340","N301FR","PHL","23:57","00:23","26","19","0","2","0","7"
"F9","05/22/2024","3439","N620FR","SFO","22:10","22:17","7","0","0","0","0","0"
"F9","05/22/2024","3539","N717FR","LAS","23:59","00:15","16","0","0","0","0","0"
"F9","05/22/2024","3566","N721FR","DTW","06:31","07:05","34","0","0","0","0","0"
"F9","05/22/2024","3726","N713FR","CVG","05:33","06:18","45","3","0","0","0","22"
"F9","05/22/2024","3861","N386FR","SLC","05:35","05:26","-9","0","0","0","0","0"
"F9","05/22/2024","3930","N616FR","PNS","16:48","18:05","77","0","0","0","0","62"
"F9","05/22/2024","3949","N353FR","LAS","21:31","22:15","44","0","0","0","0","32"
"F9","05/22/2024","3981","N335FR","SLC","11:07","12:17","70","0","0","0","0","62"
"F9","05/22/2024","4070","N326FR","DFW","17:04","21:18","254","231","0","0","0","0"
"F9","05/22/2024","4371","N384FR","SNA","17:19","18:09","50","11","0","6","0","39"
"F9","05/22/2024","4386","N723FR","CID","10:31","10:36","5","0","0","0","0","0"
"F9","05/22/2024","4611","N701FR","LAS","20:00","22:13","133","16","0","0","0","112"
"F9","05/22/2024","4721","N704FR","SLC","18:16","22:50","274","15","0","0","0","248"
"F9","05/22/2024","4753","N387FR","PHX","23:20","00:53","93","0","0","0","0","85"
"F9","05/22/2024","4794","N642FR","FAR","10:12","10:10","-2","0","0","0","0","0"
"F9","05/22/2024","4856","N230FR","IAH","18:08","18:15","7","7","0","88","0","0"
"F9","05/22/2024","4927","N620FR","SAN","14:39","14:53","14","0","0","3","0","14"
"F9","05/22/2024","4989","N358FR","SAN","19:55","20:12","17","0","0","0","0","0"
"F9","05/23/2024","0686","N230FR","DCA","06:35","06:33","-2","0","0","0","0","0"
"F9","05/23/2024","0688","N380FR","DCA","12:40","13:37","57","0","0","0","0","49"
"F9","05/23/2024","0690","N348FR","DCA","16:25","17:46","81","0","0","0","0","63"
"F9","05/23/2024","1093","N235FR","SFO","06:00","06:10","10","0","0","0","0","0"
"F9","05/23/2024","1114","N381FR","TPA","23:59","00:27","28","0","0","0","0","0"
"F9","05/23/2024","1128","N348FR","OMA","11:17","12:11","54","0","0","19","0","54"
"F9","05/23/2024","1130","N341FR","HOU","17:00","16:53","-7","0","0","0","0","0"
"F9","05/23/2024","1150","N380FR","MSP","06:35","07:38","63","59","0","0","0","0"
"F9","05/23/2024","1175","N332FR","SEA","06:25","06:19","-6","0","0","0","0","0"
"F9","05/23/2024","1228","N376FR","MDW","07:44","08:07","23","0","0","0","0","0"
"F9","05/23/2024","1261","N303FR","ONT","11:00","12:13","73","0","66","0","0","0"
"F9","05/23/2024","1324","N607FR","DFW","05:01","04:57","-4","0","0","0","0","0"
"F9","05/23/2024","1362","N701FR","CLT","05:36","05:37","1","0","0","0","0","0"
"F9","05/23/2024","1375","","PHX","11:32","00:00","0","0","0","0","0","0"
"F9","05/23/2024","1402","N329FR","BNA","10:50","10:59","9","0","0","0","0","0"
"F9","05/23/2024","1450","N636FR","ATL","06:35","06:55","20","20","0","10","0","0"
"F9","05/23/2024","1499","N705FR","ONT","22:37","22:33","-4","0","0","0","0","0"
"F9","05/23/2024","1520","N350FR","MIA","17:11","17:14","3","0","0","0","0","0"
"F9","05/23/2024","1560","N642FR","MSN","17:39","17:46","7","0","0","0","0","0"
"F9","05/23/2024","1734","N379FR","MCO","00:07","02:11","124","24","0","0","0","76"
"F9","05/23/2024","1789","N645FR","PDX","05:01","05:33","32","0","0","0","0","23"
"F9","05/23/2024","1816","N616FR","AUS","05:01","04:56","-5","0","0","0","0","0"
"F9","05/23/2024","1819","N625FR","PHX","09:20","09:17","-3","0","0","0","0","0"
"F9","05/23/2024","1864","N347FR","OKC","09:58","09:51","-7","0","0","0","0","0"
"F9","05/23/2024","1918","N713FR","CLE","06:02","06:00","-2","0","0","0","0","0"
"F9","05/23/2024","1993","N308FR","LAS","11:24","11:20","-4","0","0","0","0","0"
"F9","05/23/2024","2015","N324FR","LAS","08:53","08:51","-2","0","0","0","0","0"
"F9","05/23/2024","2105","N702FR","PHX","15:43","16:28","45","0","0","0","0","34"
"F9","05/23/2024","2141","N384FR","PHX","13:32","13:42","10","0","0","0","0","0"
"F9","05/23/2024","2261","N329FR","ELP","05:20","05:22","2","0","0","0","0","0"
"F9","05/23/2024","2348","N384FR","IND","06:20","06:12","-8","0","0","0","0","0"
"F9","05/23/2024","2349","N305FR","LAS","12:58","13:31","33","0","0","0","0","21"
"F9","05/23/2024","2360","N718FR","MSY","17:15","17:03","-12","0","0","0","0","0"
"F9","05/23/2024","2382","N704FR","ORF","12:35","12:45","10","0","0","0","0","0"
"F9","05/23/2024","2429","N710FR","LAS","16:01","16:39","38","0","0","0","0","22"
"F9","05/23/2024","2438","N347FR","RDU","15:24","15:25","1","0","0","0","0","0"
"F9","05/23/2024","2632","N607FR","DFW","19:07","19:16","9","0","0","0","0","0"
"F9","05/23/2024","2687","N380FR","PDX","21:58","22:54","56","10","0","0","0","33"
"F9","05/23/2024","2746","N620FR","TPA","15:54","15:51","-3","0","0","0","0","0"
"F9","05/23/2024","2817","N719FR","SAN","05:35","06:14","39","0","0","0","0","30"
"F9","05/23/2024","2946","N370FR","MDW","18:00","18:13","13","0","0","0","0","0"
"F9","05/23/2024","3138","N625FR","MIA","23:59","01:40","101","78","0","0","0","0"
"F9","05/23/2024","3155","N235FR","LAX","19:03","19:19","16","0","0","0","0","0"
"F9","05/23/2024","3162","N230FR","LGA","16:16","16:10","-6","0","0","20","0","0"
"F9","05/23/2024","3174","N322FR","ORD","17:37","17:40","3","0","0","0","0","0"
"F9","05/23/2024","3206","N607FR","IAH","11:33","11:24","-9","0","0","0","0","0"
"F9","05/23/2024","3228","N332FR","IAH","14:15","15:06","51","41","0","0","0","0"
"F9","05/23/2024","3230","N704FR","IAH","05:10","05:10","0","0","0","0","0","0"
"F9","05/23/2024","3266","N642FR","PHL","07:30","07:25","-5","0","0","0","0","0"
"F9","05/23/2024","3276","N709FR","BMI","13:53","15:08","75","51","0","0","0","14"
"F9","05/23/2024","3286","N381FR","CVG","07:38","07:32","-6","0","0","0","0","0"
"F9","05/23/2024","3294","N331FR","ATL","00:49","01:22","33","0","0","0","0","0"
"F9","05/23/2024","3312","N708FR","MCO","09:09","09:29","20","0","0","0","0","0"
"F9","05/23/2024","3340","N711FR","PHL","23:46","07:15","449","449","0","11","0","0"
"F9","05/23/2024","3376","N705FR","MCI","05:30","05:27","-3","0","0","0","0","0"
"F9","05/23/2024","3405","N616FR","SEA","18:45","18:58","13","0","0","0","0","0"
"F9","05/23/2024","3439","N709FR","SFO","22:10","22:58","48","0","0","43","0","0"
"F9","05/23/2024","3566","N722FR","DTW","15:16","17:42","146","0","0","15","0","146"
"F9","05/23/2024","3861","N341FR","SLC","05:01","04:56","-5","0","0","0","0","0"
"F9","05/23/2024","3930","N644FR","PNS","11:07","11:06","-1","0","0","0","0","0"
"F9","05/23/2024","3949","N712FR","LAS","22:48","22:42","-6","0","0","0","0","0"
"F9","05/23/2024","3981","N368FR","SLC","09:30","09:22","-8","0","0","0","0","0"
"F9","05/23/2024","4070","N701FR","DFW","15:11","15:05","-6","0","0","0","0","0"
"F9","05/23/2024","4344","N235FR","XNA","13:17","13:12","-5","0","0","0","0","0"
"F9","05/23/2024","4371","N341FR","SNA","09:54","09:50","-4","0","0","0","0","0"
"F9","05/23/2024","4374","N706FR","PIT","14:51","15:01","10","0","0","0","0","0"
"F9","05/23/2024","4386","N719FR","CID","12:38","12:36","-2","0","0","0","0","0"
"F9","05/23/2024","4464","N641FR","DFW","07:11","08:55","104","103","0","0","0","0"
"F9","05/23/2024","4478","N719FR","STL","18:54","18:55","1","0","0","0","0","0"
"F9","05/23/2024","4576","N625FR","CMH","15:31","15:33","2","0","0","0","0","0"
"F9","05/23/2024","4611","N716FR","LAS","20:48","20:48","0","0","0","0","0","0"
"F9","05/23/2024","4616","N641FR","MSP","13:42","15:33","111","5","0","0","0","99"
"F9","05/23/2024","4626","N709FR","MEM","06:40","06:34","-6","0","0","0","0","0"
"F9","05/23/2024","4721","N645FR","SLC","18:40","18:37","-3","0","0","0","0","0"
"F9","05/23/2024","4753","N335FR","PHX","23:27","23:22","-5","0","0","23","0","0"
"F9","05/23/2024","4776","N718FR","LIT","10:31","10:26","-5","0","0","0","0","0"
"F9","05/23/2024","4794","N645FR","FAR","12:34","12:30","-4","0","0","0","0","0"
"F9","05/23/2024","4920","N708FR","MCO","19:28","19:34","6","0","0","0","0","0"
"F9","05/23/2024","4927","N616FR","SAN","11:39","11:32","-7","0","0","0","0","0"
"F9","05/23/2024","4963","N704FR","LAS","19:07","22:40","213","27","0","0","0","183"
"F9","05/23/2024","4989","N337FR","SAN","19:55","20:09","14","0","0","0","0","0"
"F9","05/24/2024","0686","N305FR","DCA","06:35","07:11","36","28","0","0","0","0"
"F9","05/24/2024","0688","N645FR","DCA","12:40","13:41","61","40","0","0","0","13"
"F9","05/24/2024","0690","N232FR","DCA","16:25","16:41","16","13","0","16","0","3"
"F9","05/24/2024","1066","N616FR","GRB","15:56","16:03","7","0","0","0","0","0"
"F9","05/24/2024","1093","N380FR","SFO","06:31","06:22","-9","0","0","0","0","0"
"F9","05/24/2024","1114","N706FR","TPA","23:59","23:59","0","0","0","0","0","0"
"F9","05/24/2024","1150","N645FR","MSP","06:39","06:50","11","0","0","0","0","0"
"F9","05/24/2024","1162","N370FR","HOU","05:06","05:04","-2","0","0","0","0","0"
"F9","05/24/2024","1175","N706FR","SEA","06:40","06:39","-1","0","0","0","0","0"
"F9","05/24/2024","1228","N376FR","MDW","07:44","07:36","-8","0","0","0","0","0"
"F9","05/24/2024","1248","N642FR","GRR","05:01","04:56","-5","0","0","0","0","0"
"F9","05/24/2024","1280","N721FR","MIA","18:29","21:21","172","0","0","0","0","153"
"F9","05/24/2024","1292","N605FR","MSP","18:58","18:57","-1","0","0","0","0","0"
"F9","05/24/2024","1362","N719FR","CLT","14:46","15:19","33","0","0","0","0","17"
"F9","05/24/2024","1402","N718FR","BNA","06:30","06:28","-2","0","0","19","0","0"
"F9","05/24/2024","1450","N704FR","ATL","06:45","07:56","71","26","0","14","0","45"
"F9","05/24/2024","1499","N644FR","ONT","22:37","22:37","0","0","0","0","0","0"
"F9","05/24/2024","1560","N373FR","MSN","12:30","12:21","-9","0","0","0","0","0"
"F9","05/24/2024","1608","N704FR","MKE","15:26","16:38","72","0","0","29","0","72"
"F9","05/24/2024","1678","N609FR","DSM","17:48","17:47","-1","0","0","0","0","0"
"F9","05/24/2024","1702","N702FR","SYR","09:40","10:43","63","0","0","0","0","55"
"F9","05/24/2024","1734","N341FR","MCO","00:07","00:15","8","0","0","0","0","0"
"F9","05/24/2024","1816","N701FR","AUS","05:01","06:56","115","97","0","0","0","0"
"F9","05/24/2024","1819","N368FR","PHX","08:54","08:47","-7","0","0","0","0","0"
"F9","05/24/2024","1864","N332FR","OKC","09:57","09:54","-3","0","0","0","0","0"
"F9","05/24/2024","1874","N382FR","OMA","18:02","17:59","-3","0","0","0","0","0"
"F9","05/24/2024","1918","N641FR","CLE","06:00","06:05","5","0","0","0","0","0"
"F9","05/24/2024","1993","N230FR","LAS","11:03","12:06","63","13","0","6","0","50"
"F9","05/24/2024","2015","N395FR","LAS","08:53","08:45","-8","0","0","0","0","0"
"F9","05/24/2024","2105","N364FR","PHX","16:55","16:59","4","0","0","0","0","0"
"F9","05/24/2024","2108","N232FR","FSD","11:12","11:53","41","29","0","0","0","0"
"F9","05/24/2024","2141","N316FR","PHX","14:36","17:32","176","0","0","5","0","176"
"F9","05/24/2024","2148","N307FR","DFW","09:40","09:40","0","0","0","0","0","0"
"F9","05/24/2024","2261","N624FR","ELP","11:39","11:37","-2","0","0","0","0","0"
"F9","05/24/2024","2348","N705FR","IND","15:40","15:33","-7","0","0","0","0","0"
"F9","05/24/2024","2349","N347FR","LAS","12:58","15:20","142","3","0","0","0","139"
"F9","05/24/2024","2356","N605FR","SAT","05:06","05:04","-2","0","0","0","0","0"
"F9","05/24/2024","2360","N718FR","MSY","17:39","19:41","122","0","0","0","0","114"
"F9","05/24/2024","2374","N706FR","TYS","14:51","14:47","-4","0","0","0","0","0"
"F9","05/24/2024","2429","N714FR","LAS","15:46","16:08","22","21","0","0","0","0"
"F9","05/24/2024","2438","N332FR","RDU","15:24","15:13","-11","0","0","0","0","0"
"F9","05/24/2024","2632","N373FR","DFW","19:04","20:53","109","108","0","0","0","0"
"F9","05/24/2024","2687","N645FR","PDX","21:58","23:34","96","0","0","0","0","85"
"F9","05/24/2024","2706","N705FR","BWI","06:00","05:58","-2","0","0","0","0","0"
"F9","05/24/2024","2746","N720FR","TPA","17:24","17:59","35","3","0","0","0","28"
"F9","05/24/2024","2752","N642FR","BUF","12:55","12:49","-6","0","0","0","0","0"
"F9","05/24/2024","2817","N609FR","SAN","05:41","05:30","-11","0","0","0","0","0"
"F9","05/24/2024","2907","N624FR","ONT","18:28","18:30","2","0","0","0","0","0"
"F9","05/24/2024","3101","N370FR","MSO","12:15","12:10","-5","0","0","0","0","0"
"F9","05/24/2024","3138","N616FR","MIA","23:59","23:58","-1","0","0","0","0","0"
"F9","05/24/2024","3155","N347FR","LAX","19:03","20:53","110","0","0","0","0","107"
"F9","05/24/2024","3162","N305FR","LGA","16:16","16:06","-10","0","0","0","0","0"
"F9","05/24/2024","3172","N607FR","ORD","21:41","22:35","54","48","0","0","0","0"
"F9","05/24/2024","3206","N348FR","IAH","09:57","09:48","-9","0","0","0","0","0"
"F9","05/24/2024","3266","N722FR","PHL","06:31","06:29","-2","0","0","24","0","0"
"F9","05/24/2024","3276","N230FR","BMI","05:06","04:55","-11","0","0","0","0","0"
"F9","05/24/2024","3286","N616FR","CVG","07:46","08:03","17","17","0","4","0","0"
"F9","05/24/2024","3294","N228FR","ATL","00:49","00:45","-4","0","0","0","0","0"
"F9","05/24/2024","3302","N620FR","STL","06:26","06:21","-5","0","0","63","0","0"
"F9","05/24/2024","3312","N701FR","MCO","11:09","13:20","131","0","0","0","0","98"
"F9","05/24/2024","3340","N711FR","PHL","23:56","10:19","623","603","0","0","0","0"
"F9","05/24/2024","3376","N607FR","MCI","05:30","05:27","-3","0","0","0","0","0"
"F9","05/24/2024","3405","N702FR","SEA","19:19","22:03","164","124","0","0","0","30"
"F9","05/24/2024","3439","N615FR","SFO","22:10","22:32","22","0","0","8","0","22"
"F9","05/24/2024","3539","N228FR","LAS","23:17","23:15","-2","0","0","0","0","0"
"F9","05/24/2024","3566","N719FR","DTW","06:31","06:32","1","1","0","31","0","0"
"F9","05/24/2024","3665","N644FR","SMF","14:10","15:59","109","98","0","0","0","0"
"F9","05/24/2024","3843","N324FR","LAS","17:32","17:34","2","0","0","0","0","0"
"F9","05/24/2024","3861","N332FR","SLC","05:01","05:00","-1","0","0","0","0","0"
"F9","05/24/2024","3930","N711FR","PNS","16:39","17:33","54","0","0","0","0","36"
"F9","05/24/2024","3949","N641FR","LAS","20:56","20:51","-5","0","0","0","0","0"
"F9","05/24/2024","3981","N625FR","SLC","10:58","11:58","60","0","0","0","0","56"
"F9","05/24/2024","4070","N382FR","DFW","11:40","11:32","-8","0","0","0","0","0"
"F9","05/24/2024","4251","N718FR","SLC","13:01","15:13","132","0","0","0","0","124"
"F9","05/24/2024","4386","N364FR","CID","10:31","10:21","-10","0","0","0","0","0"
"F9","05/24/2024","4464","N391FR","DFW","07:16","07:15","-1","0","0","0","0","0"
"F9","05/24/2024","4616","N641FR","MSP","14:34","14:33","-1","0","0","0","0","0"
"F9","05/24/2024","4753","N368FR","PHX","23:27","00:50","83","0","0","0","0","65"
"F9","05/24/2024","4794","N609FR","FAR","11:40","12:18","38","0","0","0","0","26"
"F9","05/24/2024","4839","N370FR","SNA","18:08","18:32","24","16","0","1","0","8"
"F9","05/24/2024","4856","N348FR","IAH","17:30","17:27","-3","0","0","15","0","0"
"F9","05/24/2024","4927","N605FR","SAN","11:56","12:05","9","0","0","0","0","0"
"F9","05/24/2024","4989","N343FR","SAN","19:55","19:46","-9","0","0","0","0","0"
"F9","05/25/2024","0686","N328FR","DCA","06:35","06:30","-5","0","0","0","0","0"
"F9","05/25/2024","0688","N644FR","DCA","12:40","13:27","47","0","0","0","0","32"
"F9","05/25/2024","0690","N328FR","DCA","16:25","16:20","-5","0","0","0","0","0"
"F9","05/25/2024","1093","N370FR","SFO","06:31","06:28","-3","0","0","0","0","0"
"F9","05/25/2024","1114","N612FR","TPA","23:59","00:08","9","0","0","0","0","0"
"F9","05/25/2024","1128","N719FR","OMA","12:33","12:19","-14","0","0","0","0","0"
"F9","05/25/2024","1150","N719FR","MSP","05:45","05:36","-9","0","0","0","0","0"
"F9","05/25/2024","1175","N634FR","SEA","07:20","07:20","0","0","0","0","0","0"
"F9","05/25/2024","1228","","MDW","07:48","00:00","0","0","0","0","0","0"
"F9","05/25/2024","1248","N642FR","GRR","16:23","16:22","-1","0","0","0","0","0"
"F9","05/25/2024","1261","N645FR","ONT","06:15","06:31","16","0","0","0","0","0"
"F9","05/25/2024","1292","N616FR","MSP","19:49","19:48","-1","0","0","0","0","0"
"F9","05/25/2024","1324","N364FR","DFW","05:01","05:30","29","20","0","0","0","0"
"F9","05/25/2024","1362","N612FR","CLT","14:51","14:49","-2","0","0","0","0","0"
"F9","05/25/2024","1375","N387FR","PHX","09:38","09:36","-2","0","0","0","0","0"
"F9","05/25/2024","1402","N615FR","BNA","14:43","15:33","50","0","0","0","0","21"
"F9","05/25/2024","1450","N615FR","ATL","06:00","06:19","19","11","0","53","0","8"
"F9","05/25/2024","1499","N626FR","ONT","22:37","22:58","21","0","0","0","0","0"
"F9","05/25/2024","1520","N719FR","MIA","17:26","17:52","26","0","0","19","0","26"
"F9","05/25/2024","1560","N704FR","MSN","11:39","11:31","-8","0","0","0","0","0"
"F9","05/25/2024","1608","N702FR","MKE","05:10","05:39","29","0","0","0","0","0"
"F9","05/25/2024","1678","N715FR","DSM","18:00","17:58","-2","0","0","29","0","0"
"F9","05/25/2024","1734","N318FR","MCO","00:07","00:23","16","0","0","0","0","0"
"F9","05/25/2024","1816","N704FR","AUS","05:01","04:57","-4","0","0","0","0","0"
"F9","05/25/2024","1864","N705FR","OKC","15:15","15:36","21","0","0","0","0","0"
"F9","05/25/2024","1993","N382FR","LAS","10:37","10:37","0","0","0","0","0","0"
"F9","05/25/2024","2105","N624FR","PHX","17:00","16:56","-4","0","0","0","0","0"
"F9","05/25/2024","2108","N305FR","FSD","09:58","09:46","-12","0","0","0","0","0"
"F9","05/25/2024","2141","N229FR","PHX","14:36","14:33","-3","0","0","0","0","0"
"F9","05/25/2024","2148","N385FR","DFW","09:21","09:18","-3","0","0","0","0","0"
"F9","05/25/2024","2261","N641FR","ELP","07:25","07:24","-1","0","0","0","0","0"
"F9","05/25/2024","2348","N605FR","IND","05:20","05:19","-1","0","0","0","0","0"
"F9","05/25/2024","2349","N645FR","LAS","12:48","12:59","11","0","0","0","0","0"
"F9","05/25/2024","2356","N388FR","SAT","05:06","04:57","-9","0","0","0","0","0"
"F9","05/25/2024","2374","N616FR","TYS","11:17","11:12","-5","0","0","0","0","0"
"F9","05/25/2024","2421","N373FR","SAN","16:32","17:35","63","0","0","0","0","0"
"F9","05/25/2024","2429","N708FR","LAS","15:46","15:52","6","0","0","0","0","0"
"F9","05/25/2024","2632","N375FR","DFW","19:18","19:08","-10","0","0","0","0","0"
"F9","05/25/2024","2687","N634FR","PDX","21:58","21:49","-9","0","0","0","0","0"
"F9","05/25/2024","2706","N702FR","BWI","12:28","12:32","4","0","0","0","0","0"
"F9","05/25/2024","2746","N720FR","TPA","17:24","17:34","10","10","0","8","0","0"
"F9","05/25/2024","2752","N605FR","BUF","12:50","13:01","11","0","0","0","0","0"
"F9","05/25/2024","2817","N644FR","SAN","05:45","07:04","79","64","0","0","0","0"
"F9","05/25/2024","2946","N332FR","MDW","17:41","17:34","-7","0","0","0","0","0"
"F9","05/25/2024","3101","N313FR","MSO","12:01","11:50","-11","0","0","0","0","0"
"F9","05/25/2024","3138","N646FR","MIA","23:59","01:05","66","19","0","0","0","26"
"F9","05/25/2024","3155","N228FR","LAX","18:56","18:52","-4","0","0","0","0","0"
"F9","05/25/2024","3162","N388FR","LGA","16:16","16:24","8","0","0","0","0","0"
"F9","05/25/2024","3172","N621FR","ORD","20:50","23:06","136","8","0","0","0","122"
"F9","05/25/2024","3206","N232FR","IAH","10:00","10:03","3","1","0","72","0","2"
"F9","05/25/2024","3230","N705FR","IAH","07:45","07:36","-9","0","0","51","0","0"
"F9","05/25/2024","3266","N624FR","PHL","06:31","07:03","32","0","0","0","0","0"
"F9","05/25/2024","3294","N348FR","ATL","00:49","01:39","50","0","0","0","0","16"
"F9","05/25/2024","3302","N609FR","STL","06:15","06:22","7","0","0","0","0","0"
"F9","05/25/2024","3310","N305FR","RDU","15:29","15:19","-10","0","0","0","0","0"
"F9","05/25/2024","3312","N364FR","MCO","11:24","11:48","24","0","0","0","0","0"
"F9","05/25/2024","3340","N605FR","PHL","23:56","00:17","21","21","0","11","0","0"
"F9","05/25/2024","3405","N704FR","SEA","19:03","18:58","-5","0","0","0","0","0"
"F9","05/25/2024","3439","N702FR","SFO","22:10","22:42","32","0","0","12","0","32"
"F9","05/25/2024","3539","N370FR","LAS","23:44","00:26","42","0","0","0","0","24"
"F9","05/25/2024","3566","N612FR","DTW","06:31","06:25","-6","0","0","0","0","0"
"F9","05/25/2024","3665","N641FR","SMF","13:20","13:31","11","0","0","0","0","0"
"F9","05/25/2024","3726","N718FR","CVG","05:33","05:29","-4","0","0","0","0","0"
"F9","05/25/2024","3843","N395FR","LAS","17:28","17:28","0","0","0","0","0","0"
"F9","05/25/2024","3861","N305FR","SLC","05:01","04:52","-9","0","0","0","0","0"
"F9","05/25/2024","3930","N631FR","PNS","16:38","16:41","3","0","0","0","0","0"
"F9","05/25/2024","3981","N388FR","SLC","11:15","11:06","-9","0","0","0","0","0"
"F9","05/25/2024","4070","N233FR","DFW","14:57","15:30","33","0","0","0","0","30"
"F9","05/25/2024","4344","N332FR","XNA","11:50","11:52","2","0","0","0","0","0"
"F9","05/25/2024","4371","","SNA","17:30","00:00","0","0","0","0","0","0"
"F9","05/25/2024","4386","N631FR","CID","10:31","10:24","-7","0","0","0","0","0"
"F9","05/25/2024","4611","N705FR","LAS","20:32","20:56","24","11","0","0","0","11"
"F9","05/25/2024","4638","N629FR","CLE","19:01","18:59","-2","0","0","0","0","0"
"F9","05/25/2024","4721","N229FR","SLC","21:06","22:14","68","68","0","9","0","0"
"F9","05/25/2024","4753","N387FR","PHX","23:27","23:40","13","0","0","0","0","0"
"F9","05/25/2024","4778","N634FR","LIT","15:24","15:26","2","0","0","0","0","0"
"F9","05/25/2024","4794","N642FR","FAR","10:15","09:57","-18","0","0","0","0","0"
"F9","05/25/2024","4856","N313FR","IAH","18:16","18:16","0","0","0","0","0","0"
"F9","05/25/2024","4927","N228FR","SAN","12:34","12:24","-10","0","0","0","0","0"
"F9","05/26/2024","0686","N303FR","DCA","06:35","06:24","-11","0","0","0","0","0"
"F9","05/26/2024","0688","N395FR","DCA","12:41","13:07","26","0","0","0","0","23"
"F9","05/26/2024","0690","N354FR","DCA","16:25","17:13","48","0","0","0","0","0"
"F9","05/26/2024","1093","N715FR","SFO","06:20","07:27","67","52","0","0","0","0"
"F9","05/26/2024","1114","N708FR","TPA","23:59","23:59","0","0","0","0","0","0"
"F9","05/26/2024","1128","N305FR","OMA","11:17","11:19","2","0","0","0","0","0"
"F9","05/26/2024","1130","N382FR","HOU","17:49","17:39","-10","0","0","0","0","0"
"F9","05/26/2024","1150","N375FR","MSP","05:01","04:56","-5","0","0","0","0","0"
"F9","05/26/2024","1175","N642FR","SEA","05:01","05:09","8","8","0","15","0","0"
"F9","05/26/2024","1228","N365FR","MDW","07:44","07:42","-2","0","0","0","0","0"
"F9","05/26/2024","1261","N624FR","ONT","11:39","11:51","12","0","0","0","0","0"
"F9","05/26/2024","1324","N616FR","DFW","05:06","04:57","-9","0","0","0","0","0"
"F9","05/26/2024","1362","N708FR","CLT","05:36","05:36","0","0","0","15","0","0"
"F9","05/26/2024","1375","N376FR","PHX","11:32","12:03","31","0","0","0","0","21"
"F9","05/26/2024","1402","N384FR","BNA","11:05","12:32","87","3","0","0","0","73"
"F9","05/26/2024","1450","N644FR","ATL","06:35","06:31","-4","0","0","0","0","0"
"F9","05/26/2024","1499","N634FR","ONT","22:37","22:30","-7","0","0","0","0","0"
"F9","05/26/2024","1520","N305FR","MIA","17:11","17:00","-11","0","0","0","0","0"
"F9","05/26/2024","1560","N612FR","MSN","17:12","17:06","-6","0","0","0","0","0"
"F9","05/26/2024","1734","N379FR","MCO","00:07","00:37","30","0","0","0","0","0"
"F9","05/26/2024","1765","N232FR","LAS","05:06","04:56","-10","0","0","0","0","0"
"F9","05/26/2024","1789","N704FR","PDX","07:25","07:25","0","0","0","0","0","0"
"F9","05/26/2024","1816","N624FR","AUS","05:01","05:01","0","0","0","0","0","0"
"F9","05/26/2024","1819","N631FR","PHX","09:30","09:20","-10","0","0","0","0","0"
"F9","05/26/2024","1864","N328FR","OKC","09:58","09:52","-6","0","0","0","0","0"
"F9","05/26/2024","1918","N626FR","CLE","06:02","06:01","-1","0","0","0","0","0"
"F9","05/26/2024","1993","N232FR","LAS","12:35","15:43","188","0","0","0","0","169"
"F9","05/26/2024","2015","","LAS","08:53","00:00","0","0","0","0","0","0"
"F9","05/26/2024","2105","N337FR","PHX","15:55","16:12","17","3","0","2","0","14"
"F9","05/26/2024","2141","N625FR","PHX","13:32","13:24","-8","0","0","0","0","0"
"F9","05/26/2024","2261","N715FR","ELP","12:36","14:44","128","0","0","0","0","120"
"F9","05/26/2024","2348","N395FR","IND","05:31","05:27","-4","0","0","0","0","0"
"F9","05/26/2024","2360","N715FR","MSY","18:33","20:11","98","0","0","0","0","68"
"F9","05/26/2024","2382","N702FR","ORF","12:38","12:52","14","0","0","0","0","0"
"F9","05/26/2024","2429","N631FR","LAS","16:01","16:19","18","0","0","0","0","0"
"F9","05/26/2024","2438","N328FR","RDU","15:24","15:22","-2","0","0","0","0","0"
"F9","05/26/2024","2632","N718FR","DFW","19:03","19:22","19","0","0","0","0","0"
"F9","05/26/2024","2687","","PDX","22:09","00:00","0","0","0","0","0","0"
"F9","05/26/2024","2746","N313FR","TPA","15:54","15:45","-9","0","0","0","0","0"
"F9","05/26/2024","2817","N702FR","SAN","05:35","06:20","45","0","0","13","0","45"
"F9","05/26/2024","2946","N389FR","MDW","18:27","18:19","-8","0","0","0","0","0"
"F9","05/26/2024","3138","N716FR","MIA","23:59","00:19","20","8","0","1","0","12"
"F9","05/26/2024","3155","N363FR","LAX","19:03","19:01","-2","0","0","0","0","0"
"F9","05/26/2024","3162","N303FR","LGA","16:16","16:14","-2","0","0","37","0","0"
"F9","05/26/2024","3174","N307FR","ORD","17:37","20:48","191","0","0","0","0","174"
"F9","05/26/2024","3206","N382FR","IAH","09:59","09:54","-5","0","0","0","0","0"
"F9","05/26/2024","3228","N644FR","IAH","15:18","15:09","-9","0","0","0","0","0"
"F9","05/26/2024","3230","N376FR","IAH","05:11","05:05","-6","0","0","0","0","0"
"F9","05/26/2024","3266","N718FR","PHL","08:40","08:41","1","1","0","24","0","0"
"F9","05/26/2024","3276","N375FR","BMI","11:11","11:01","-10","0","0","0","0","0"
"F9","05/26/2024","3286","N636FR","CVG","07:48","08:08","20","0","0","24","0","20"
"F9","05/26/2024","3294","N369FR","ATL","00:49","00:57","8","0","0","0","0","0"
"F9","05/26/2024","3312","N633FR","MCO","10:16","10:12","-4","0","0","0","0","0"
"F9","05/26/2024","3340","N392FR","PHL","23:59","00:57","58","0","0","0","0","50"
"F9","05/26/2024","3376","N634FR","MCI","05:30","05:28","-2","0","0","0","0","0"
"F9","05/26/2024","3405","N624FR","SEA","18:35","18:38","3","0","0","0","0","0"
"F9","05/26/2024","3439","N712FR","SFO","22:10","22:09","-1","0","0","40","0","0"
"F9","05/26/2024","3566","N704FR","DTW","15:00","15:03","3","0","0","0","0","0"
"F9","05/26/2024","3861","N388FR","SLC","05:06","04:53","-13","0","0","0","0","0"
"F9","05/26/2024","3930","N646FR","PNS","11:07","11:20","13","0","0","0","0","0"
"F9","05/26/2024","3981","N388FR","SLC","09:30","09:30","0","0","0","0","0","0"
"F9","05/26/2024","4070","N637FR","DFW","15:41","16:06","25","0","0","0","0","0"
"F9","05/26/2024","4344","N360FR","XNA","13:33","14:37","64","0","0","0","0","50"
"F9","05/26/2024","4371","N375FR","SNA","17:14","17:36","22","1","0","0","0","14"
"F9","05/26/2024","4374","N708FR","PIT","14:49","14:58","9","0","0","15","0","9"
"F9","05/26/2024","4386","N642FR","CID","13:01","12:53","-8","0","0","0","0","0"
"F9","05/26/2024","4464","N615FR","DFW","07:11","07:05","-6","0","0","0","0","0"
"F9","05/26/2024","4478","N360FR","STL","19:22","20:05","43","0","0","0","0","28"
"F9","05/26/2024","4576","N641FR","CMH","16:01","15:56","-5","0","0","0","0","0"
"F9","05/26/2024","4611","N646FR","LAS","20:47","20:41","-6","0","0","0","0","0"
"F9","05/26/2024","4616","N615FR","MSP","13:42","13:39","-3","0","0","0","0","0"
"F9","05/26/2024","4626","N616FR","MEM","11:38","11:33","-5","0","0","0","0","0"
"F9","05/26/2024","4721","N642FR","SLC","19:18","19:07","-11","0","0","0","0","0"
"F9","05/26/2024","4753","N343FR","PHX","23:27","23:22","-5","0","0","45","0","0"
"F9","05/26/2024","4776","N612FR","LIT","10:31","10:27","-4","0","0","0","0","0"
"F9","05/26/2024","4794","N232FR","FAR","09:55","10:24","29","0","0","1","0","29"
"F9","05/26/2024","4920","N609FR","MCO","19:35","19:28","-7","0","0","0","0","0"
"F9","05/26/2024","4927","N389FR","SAN","11:45","11:38","-7","0","0","0","0","0"
"F9","05/26/2024","4967","N616FR","LAS","19:09","19:04","-5","0","0","0","0","0"
"F9","05/26/2024","4989","N316FR","SAN","19:55","19:43","-12","0","0","0","0","0"
"F9","05/27/2024","0686","N312FR","DCA","06:35","08:10","95","24","0","0","0","51"
"F9","05/27/2024","0688","N395FR","DCA","12:40","12:36","-4","0","0","0","0","0"
"F9","05/27/2024","0690","N312FR","DCA","16:25","18:06","101","56","0","6","0","45"
"F9","05/27/2024","1066","N634FR","GRB","17:05","18:21","76","69","0","0","0","0"
"F9","05/27/2024","1093","N332FR","SFO","06:35","06:25","-10","0","0","0","0","0"
"F9","05/27/2024","1114","N616FR","TPA","23:58","23:45","-13","0","0","0","0","0"
"F9","05/27/2024","1150","N395FR","MSP","06:39","06:35","-4","0","0","0","0","0"
"F9","05/27/2024","1162","N382FR","HOU","10:00","09:52","-8","0","0","0","0","0"
"F9","05/27/2024","1175","N641FR","SEA","06:35","06:29","-6","0","0","0","0","0"
"F9","05/27/2024","1228","N313FR","MDW","07:54","07:51","-3","0","0","0","0","0"
"F9","05/27/2024","1248","N375FR","GRR","05:06","05:06","0","0","0","0","0","0"
"F9","05/27/2024","1261","N644FR","ONT","06:41","06:43","2","0","0","0","0","0"
"F9","05/27/2024","1280","N704FR","MIA","18:29","20:12","103","0","0","0","0","75"
"F9","05/27/2024","1292","N716FR","MSP","18:58","19:58","60","0","0","0","0","49"
"F9","05/27/2024","1362","N641FR","CLT","14:46","14:48","2","0","0","0","0","0"
"F9","05/27/2024","1375","N389FR","PHX","09:38","09:38","0","0","0","0","0","0"
"F9","05/27/2024","1402","N303FR","BNA","05:01","04:52","-9","0","0","0","0","0"
"F9","05/27/2024","1450","N612FR","ATL","06:45","06:43","-2","0","0","49","0","0"
"F9","05/27/2024","1499","N705FR","ONT","22:37","22:34","-3","0","0","0","0","0"
"F9","05/27/2024","1560","N375FR","MSN","12:30","12:21","-9","0","0","0","0","0"
"F9","05/27/2024","1608","N360FR","MKE","05:20","05:22","2","0","0","0","0","0"
"F9","05/27/2024","1678","N706FR","DSM","17:56","18:29","33","21","0","0","0","0"
"F9","05/27/2024","1702","N642FR","SYR","15:29","15:31","2","0","0","0","0","0"
"F9","05/27/2024","1734","N324FR","MCO","00:07","00:05","-2","0","0","0","0","0"
"F9","05/27/2024","1816","N704FR","AUS","05:01","04:54","-7","0","0","0","0","0"
"F9","05/27/2024","1864","N715FR","OKC","12:38","12:30","-8","0","0","0","0","0"
"F9","05/27/2024","1874","N303FR","OMA","18:12","21:17","185","0","0","0","0","177"
"F9","05/27/2024","1918","N639FR","CLE","06:05","06:01","-4","0","0","0","0","0"
"F9","05/27/2024","1993","N233FR","LAS","12:35","13:14","39","0","0","0","0","19"
"F9","05/27/2024","2015","N714FR","LAS","09:03","08:58","-5","0","0","0","0","0"
"F9","05/27/2024","2105","N712FR","PHX","17:00","17:52","52","0","0","0","0","42"
"F9","05/27/2024","2108","N230FR","FSD","09:58","09:49","-9","0","0","0","0","0"
"F9","05/27/2024","2141","N347FR","PHX","14:36","14:27","-9","0","0","0","0","0"
"F9","05/27/2024","2148","N311FR","DFW","09:40","09:38","-2","0","0","0","0","0"
"F9","05/27/2024","2261","N637FR","ELP","11:56","11:46","-10","0","0","0","0","0"
"F9","05/27/2024","2285","N323FR","LAS","10:33","10:50","17","0","0","3","0","17"
"F9","05/27/2024","2348","N616FR","IND","15:39","15:39","0","0","0","0","0","0"
"F9","05/27/2024","2356","N637FR","SAT","05:06","05:11","5","0","0","0","0","0"
"F9","05/27/2024","2374","N303FR","TYS","12:44","13:03","19","19","0","17","0","0"
"F9","05/27/2024","2429","N720FR","LAS","16:01","16:05","4","0","0","0","0","0"
"F9","05/27/2024","2438","N230FR","RDU","15:24","15:16","-8","0","0","0","0","0"
"F9","05/27/2024","2632","N393FR","DFW","19:03","19:23","20","0","0","191","0","20"
"F9","05/27/2024","2687","N639FR","PDX","21:51","21:50","-1","0","0","0","0","0"
"F9","05/27/2024","2706","N712FR","BWI","06:00","08:01","121","110","0","0","0","0"
"F9","05/27/2024","2746","N637FR","TPA","17:24","18:44","80","0","0","0","0","45"
"F9","05/27/2024","2752","N716FR","BUF","11:12","11:11","-1","0","0","0","0","0"
"F9","05/27/2024","2817","N715FR","SAN","05:35","05:30","-5","0","0","0","0","0"
"F9","05/27/2024","3101","N328FR","MSO","12:15","12:48","33","0","0","2","0","33"
"F9","05/27/2024","3138","N641FR","MIA","23:59","23:52","-7","0","0","0","0","0"
"F9","05/27/2024","3155","N375FR","LAX","19:03","19:02","-1","0","0","0","0","0"
"F9","05/27/2024","3162","N387FR","LGA","16:16","17:24","68","15","0","18","0","53"
"F9","05/27/2024","3172","N621FR","ORD","21:41","22:12","31","1","0","1","0","30"
"F9","05/27/2024","3206","","IAH","09:30","00:00","0","0","0","0","0","0"
"F9","05/27/2024","3228","N644FR","IAH","13:31","13:39","8","0","0","0","0","0"
"F9","05/27/2024","3266","N702FR","PHL","06:31","06:27","-4","0","0","0","0","0"
"F9","05/27/2024","3286","N383FR","CVG","07:35","07:33","-2","0","0","0","0","0"
"F9","05/27/2024","3294","N331FR","ATL","00:54","00:41","-13","0","0","15","0","0"
"F9","05/27/2024","3302","N615FR","STL","06:26","06:18","-8","0","0","0","0","0"
"F9","05/27/2024","3312","N317FR","MCO","11:06","11:51","45","0","0","0","0","0"
"F9","05/27/2024","3340","N711FR","PHL","23:56","00:02","6","0","0","0","0","0"
"F9","05/27/2024","3439","N644FR","SFO","22:10","21:58","-12","0","0","0","0","0"
"F9","05/27/2024","3539","N642FR","LAS","23:59","00:40","41","0","0","0","0","29"
"F9","05/27/2024","3566","N642FR","DTW","07:00","06:53","-7","0","0","0","0","0"
"F9","05/27/2024","3665","N715FR","SMF","18:23","19:05","42","0","0","0","0","23"
"F9","05/27/2024","3726","N624FR","CVG","05:33","05:26","-7","0","0","0","0","0"
"F9","05/27/2024","3843","N382FR","LAS","17:50","17:53","3","0","0","0","0","0"
"F9","05/27/2024","3861","N389FR","SLC","05:01","04:56","-5","0","0","0","0","0"
"F9","05/27/2024","3930","N702FR","PNS","16:39","17:22","43","0","0","0","0","21"
"F9","05/27/2024","3949","N395FR","LAS","20:59","21:51","52","0","0","5","0","52"
"F9","05/27/2024","3981","N387FR","SLC","11:25","12:13","48","0","0","0","0","37"
"F9","05/27/2024","4070","N360FR","DFW","11:40","12:15","35","13","0","0","0","16"
"F9","05/27/2024","4251","N606FR","SLC","16:54","17:12","18","0","0","0","0","0"
"F9","05/27/2024","4386","N606FR","CID","10:31","10:25","-6","0","0","0","0","0"
"F9","05/27/2024","4464","N238FR","DFW","07:16","07:40","24","0","0","0","0","0"
"F9","05/27/2024","4616","N639FR","MSP","14:40","14:34","-6","0","0","0","0","0"
"F9","05/27/2024","4647","N612FR","SEA","15:26","16:01","35","0","0","0","0","0"
"F9","05/27/2024","4753","N389FR","PHX","23:20","23:38","18","0","0","6","0","18"
"F9","05/27/2024","4794","N616FR","FAR","10:12","10:05","-7","0","0","0","0","0"
"F9","05/27/2024","4839","N323FR","SNA","18:16","18:29","13","0","0","0","0","0"
"F9","05/27/2024","4856","N721FR","IAH","17:30","18:38","68","0","0","0","0","36"
"F9","05/27/2024","4927","N704FR","SAN","11:39","11:28","-11","0","0","0","0","0"
"F9","05/27/2024","4989","N376FR","SAN","19:55","20:14","19","0","0","0","0","0"
"F9","05/28/2024","0686","N323FR","DCA","06:35","06:30","-5","0","0","0","0","0"
"F9","05/28/2024","0688","N353FR","DCA","12:40","12:37","-3","0","0","0","0","0"
"F9","05/28/2024","0690","N384FR","DCA","16:25","16:28","3","0","0","0","0","0"
"F9","05/28/2024","1093","N395FR","SFO","05:10","05:58","48","45","0","0","0","0"
"F9","05/28/2024","1114","N639FR","TPA","23:59","00:02","3","0","0","0","0","0"
"F9","05/28/2024","1128","N616FR","OMA","09:47","09:59","12","0","0","0","0","0"
"F9","05/28/2024","1130","N395FR","HOU","18:15","20:24","129","60","0","0","0","59"
"F9","05/28/2024","1150","N721FR","MSP","05:45","05:39","-6","0","0","0","0","0"
"F9","05/28/2024","1175","N715FR","SEA","17:12","17:53","41","37","0","12","0","4"
"F9","05/28/2024","1228","N317FR","MDW","10:23","10:15","-8","0","0","0","0","0"
"F9","05/28/2024","1261","N716FR","ONT","11:59","11:55","-4","0","0","0","0","0"
"F9","05/28/2024","1324","N387FR","DFW","05:01","10:52","351","0","0","393","0","0"
"F9","05/28/2024","1362","N641FR","CLT","11:17","11:31","14","0","0","0","0","0"
"F9","05/28/2024","1375","N347FR","PHX","09:38","09:35","-3","0","0","0","0","0"
"F9","05/28/2024","1402","N354FR","BNA","10:50","10:43","-7","0","0","0","0","0"
"F9","05/28/2024","1450","N642FR","ATL","06:45","06:35","-10","0","0","0","0","0"
"F9","05/28/2024","1499","N642FR","ONT","22:37","23:14","37","0","0","0","0","35"
"F9","05/28/2024","1520","N335FR","MIA","17:11","17:51","40","24","0","4","0","16"
"F9","05/28/2024","1734","N377FR","MCO","00:07","23:57","-10","0","0","0","0","0"
"F9","05/28/2024","1765","N624FR","LAS","06:45","07:10","25","0","0","0","0","0"
"F9","05/28/2024","1789","N639FR","PDX","05:20","05:20","0","0","0","0","0","0"
"F9","05/28/2024","1816","N631FR","AUS","05:01","05:00","-1","0","0","0","0","0"
"F9","05/28/2024","1819","N716FR","PHX","06:00","05:55","-5","0","0","0","0","0"
"F9","05/28/2024","1864","N354FR","OKC","05:11","05:04","-7","0","0","0","0","0"
"F9","05/28/2024","1918","N705FR","CLE","06:02","06:01","-1","0","0","0","0","0"
"F9","05/28/2024","1993","N365FR","LAS","12:35","12:28","-7","0","0","0","0","0"
"F9","05/28/2024","2141","N311FR","PHX","14:51","14:48","-3","0","0","0","0","0"
"F9","05/28/2024","2148","","DFW","09:30","00:00","0","0","0","0","0","0"
"F9","05/28/2024","2261","N631FR","ELP","11:39","11:39","0","0","0","0","0","0"
"F9","05/28/2024","2285","N312FR","LAS","09:57","10:06","9","0","0","0","0","0"
"F9","05/28/2024","2348","N636FR","IND","16:39","17:10","31","0","0","0","0","0"
"F9","05/28/2024","2349","N624FR","LAS","14:05","13:54","-11","0","0","0","0","0"
"F9","05/28/2024","2360","N631FR","MSY","17:57","18:03","6","0","0","0","0","0"
"F9","05/28/2024","2382","N304FR","ORF","11:44","11:39","-5","0","0","0","0","0"
"F9","05/28/2024","2438","N323FR","RDU","15:54","15:48","-6","0","0","0","0","0"
"F9","05/28/2024","2632","N721FR","DFW","19:12","19:32","20","6","0","16","0","14"
"F9","05/28/2024","2687","N304FR","PDX","21:58","21:47","-11","0","0","0","0","0"
"F9","05/28/2024","2817","N644FR","SAN","05:45","05:45","0","0","0","0","0","0"
"F9","05/28/2024","2946","N326FR","MDW","13:46","14:10","24","0","0","0","0","0"
"F9","05/28/2024","3138","N607FR","MIA","23:59","23:59","0","0","0","19","0","0"
"F9","05/28/2024","3155","N365FR","LAX","19:03","18:53","-10","0","0","0","0","0"
"F9","05/28/2024","3162","N312FR","LGA","16:16","16:11","-5","0","0","0","0","0"
"F9","05/28/2024","3174","N372FR","ORD","17:37","17:48","11","11","0","7","0","0"
"F9","05/28/2024","3206","N322FR","IAH","08:42","08:40","-2","0","0","0","0","0"
"F9","05/28/2024","3266","N636FR","PHL","06:31","07:26","55","31","0","0","0","0"
"F9","05/28/2024","3276","N634FR","BMI","13:02","13:00","-2","0","0","0","0","0"
"F9","05/28/2024","3286","N606FR","CVG","07:48","07:40","-8","0","0","0","0","0"
"F9","05/28/2024","3294","N611FR","ATL","00:49","00:41","-8","0","0","0","0","0"
"F9","05/28/2024","3302","N702FR","STL","10:00","10:27","27","0","0","0","0","0"
"F9","05/28/2024","3312","N332FR","MCO","10:06","09:57","-9","0","0","0","0","0"
"F9","05/28/2024","3340","N394FR","PHL","23:56","01:29","93","0","0","0","0","80"
"F9","05/28/2024","3376","N712FR","MCI","05:30","05:25","-5","0","0","0","0","0"
"F9","05/28/2024","3439","N624FR","SFO","22:10","22:18","8","0","0","0","0","0"
"F9","05/28/2024","3467","N229FR","PHX","21:07","20:58","-9","0","0","0","0","0"
"F9","05/28/2024","3566","N393FR","DTW","16:03","16:03","0","0","0","0","0","0"
"F9","05/28/2024","3843","N720FR","LAS","17:45","18:14","29","0","0","0","0","18"
"F9","05/28/2024","3861","N332FR","SLC","05:30","05:27","-3","0","0","0","0","0"
"F9","05/28/2024","3930","N639FR","PNS","12:54","12:48","-6","0","0","0","0","0"
"F9","05/28/2024","3981","N644FR","SLC","11:17","12:11","54","0","0","0","0","38"
"F9","05/28/2024","4070","","DFW","15:11","00:00","0","0","0","0","0","0"
"F9","05/28/2024","4251","N317FR","SLC","17:17","17:30","13","0","0","0","0","0"
"F9","05/28/2024","4344","N395FR","XNA","12:25","12:55","30","0","0","0","0","15"
"F9","05/28/2024","4371","N387FR","SNA","17:27","19:02","95","0","0","0","0","86"
"F9","05/28/2024","4374","N644FR","PIT","15:33","17:49","136","27","0","5","0","109"
"F9","05/28/2024","4576","N642FR","CMH","15:26","15:22","-4","0","0","0","0","0"
"F9","05/28/2024","4613","N634FR","LAS","23:08","22:59","-9","0","0","0","0","0"
"F9","05/28/2024","4616","N230FR","MSP","16:04","16:01","-3","0","0","0","0","0"
"F9","05/28/2024","4626","N634FR","MEM","05:50","05:45","-5","0","0","0","0","0"
"F9","05/28/2024","4753","N347FR","PHX","23:27","00:07","40","12","0","0","0","20"
"F9","05/28/2024","4776","N715FR","LIT","10:31","10:37","6","0","0","0","0","0"
"F9","05/28/2024","4794","N384FR","FAR","10:35","10:58","23","0","0","0","0","0"
"F9","05/28/2024","4927","N721FR","SAN","12:08","12:00","-8","0","0","0","0","0"
"F9","05/28/2024","4967","N716FR","LAS","19:15","19:09","-6","0","0","0","0","0"
"F9","05/28/2024","4989","N388FR","SAN","19:55","19:51","-4","0","0","0","0","0"
"F9","05/29/2024","0686","N346FR","DCA","06:35","06:27","-8","0","0","0","0","0"
"F9","05/29/2024","0688","N645FR","DCA","12:40","12:38","-2","0","0","0","0","0"
"F9","05/29/2024","0690","N343FR","DCA","16:25","16:54","29","0","0","0","0","20"
"F9","05/29/2024","1066","N715FR","GRB","05:06","04:56","-10","0","0","0","0","0"
"F9","05/29/2024","1093","N395FR","SFO","06:31","06:23","-8","0","0","0","0","0"
"F9","05/29/2024","1114","N721FR","TPA","23:59","23:53","-6","0","0","0","0","0"
"F9","05/29/2024","1128","N645FR","OMA","10:28","13:10","162","0","0","0","0","0"
"F9","05/29/2024","1150","N312FR","MSP","06:39","06:29","-10","0","0","0","0","0"
"F9","05/29/2024","1162","N384FR","HOU","10:00","09:55","-5","0","0","0","0","0"
"F9","05/29/2024","1175","N716FR","SEA","05:31","05:40","9","0","0","0","0","0"
"F9","05/29/2024","1228","N308FR","MDW","07:44","07:55","11","0","0","0","0","0"
"F9","05/29/2024","1248","N715FR","GRR","12:38","13:39","61","61","0","33","0","0"
"F9","05/29/2024","1261","N712FR","ONT","12:10","12:00","-10","0","0","0","0","0"
"F9","05/29/2024","1280","N607FR","MIA","18:29","19:55","86","0","0","0","0","67"
"F9","05/29/2024","1292","N624FR","MSP","18:26","20:44","138","6","0","35","0","132"
"F9","05/29/2024","1362","N716FR","CLT","13:31","13:28","-3","0","0","30","0","0"
"F9","05/29/2024","1402","N387FR","BNA","05:01","04:56","-5","0","0","0","0","0"
"F9","05/29/2024","1450","N642FR","ATL","06:45","06:45","0","0","0","0","0","0"
"F9","05/29/2024","1499","N715FR","ONT","22:37","22:59","22","17","0","0","0","0"
"F9","05/29/2024","1608","N353FR","MKE","05:20","05:17","-3","0","0","0","0","0"
"F9","05/29/2024","1678","N624FR","DSM","12:29","12:32","3","3","0","128","0","0"
"F9","05/29/2024","1702","N639FR","SYR","15:19","17:12","113","0","0","13","0","113"
"F9","05/29/2024","1734","N356FR","MCO","00:07","01:06","59","32","0","0","0","2"
"F9","05/29/2024","1752","N392FR","CVG","20:52","20:52","0","0","0","0","0","0"
"F9","05/29/2024","1816","N642FR","AUS","15:26","16:05","39","0","0","0","0","38"
"F9","05/29/2024","1819","N388FR","PHX","08:54","08:56","2","0","0","0","0","0"
"F9","05/29/2024","1864","N631FR","OKC","12:31","13:24","53","53","0","44","0","0"
"F9","05/29/2024","1918","N638FR","CLE","06:05","06:28","23","0","0","0","0","0"
"F9","05/29/2024","1993","N363FR","LAS","12:35","12:39","4","1","0","101","0","3"
"F9","05/29/2024","2015","N235FR","LAS","08:53","09:06","13","0","0","0","0","0"
"F9","05/29/2024","2105","N717FR","PHX","17:16","17:49","33","0","0","0","0","31"
"F9","05/29/2024","2108","N343FR","FSD","11:12","11:00","-12","0","0","0","0","0"
"F9","05/29/2024","2141","N347FR","PHX","14:36","15:31","55","0","10","19","0","45"
"F9","05/29/2024","2148","N304FR","DFW","10:19","12:23","124","24","0","60","0","100"
"F9","05/29/2024","2261","N353FR","ELP","12:23","13:04","41","11","0","69","0","30"
"F9","05/29/2024","2348","N631FR","IND","05:01","04:58","-3","0","0","0","0","0"
"F9","05/29/2024","2349","N635FR","LAS","14:05","14:33","28","8","0","37","0","20"
"F9","05/29/2024","2356","N712FR","SAT","05:06","05:02","-4","0","0","0","0","0"
"F9","05/29/2024","2374","N704FR","TYS","11:40","11:38","-2","0","0","0","0","0"
"F9","05/29/2024","2429","N620FR","LAS","16:01","16:11","10","0","0","0","0","0"
"F9","05/29/2024","2632","N712FR","DFW","19:06","20:07","61","0","0","0","0","31"
"F9","05/29/2024","2687","N362FR","PDX","21:58","21:50","-8","0","0","0","0","0"
"F9","05/29/2024","2706","N645FR","BWI","14:09","14:11","2","0","2","54","0","0"
"F9","05/29/2024","2746","N708FR","TPA","17:21","17:40","19","0","0","0","0","0"
"F9","05/29/2024","2752","N636FR","BUF","16:39","16:54","15","0","0","1","0","15"
"F9","05/29/2024","2817","N624FR","SAN","05:35","05:42","7","0","0","0","0","0"
"F9","05/29/2024","3101","N362FR","MSO","12:15","12:35","20","20","0","111","0","0"
"F9","05/29/2024","3138","N616FR","MIA","23:49","23:58","9","9","0","13","0","0"
"F9","05/29/2024","3155","N313FR","LAX","19:03","19:39","36","0","0","0","0","33"
"F9","05/29/2024","3162","N312FR","LGA","16:16","17:18","62","62","0","11","0","0"
"F9","05/29/2024","3172","N626FR","ORD","21:41","22:17","36","0","0","36","0","36"
"F9","05/29/2024","3230","N645FR","IAH","06:45","06:44","-1","0","0","0","0","0"
"F9","05/29/2024","3266","N614FR","PHL","06:31","06:27","-4","0","0","0","0","0"
"F9","05/29/2024","3294","N339FR","ATL","00:55","02:50","115","90","0","0","0","0"
"F9","05/29/2024","3302","N644FR","STL","06:26","06:27","1","0","0","0","0","0"
"F9","05/29/2024","3310","N346FR","RDU","15:30","17:09","99","0","0","0","0","81"
"F9","05/29/2024","3312","N393FR","MCO","12:24","15:19","175","175","0","7","0","0"
"F9","05/29/2024","3340","N395FR","PHL","23:57","01:10","73","0","0","0","0","64"
"F9","05/29/2024","3439","N638FR","SFO","22:10","22:23","13","0","0","0","0","0"
"F9","05/29/2024","3539","N328FR","LAS","23:59","23:58","-1","0","0","0","0","0"
"F9","05/29/2024","3566","N641FR","DTW","06:31","06:27","-4","0","0","18","0","0"
"F9","05/29/2024","3726","N721FR","CVG","05:33","05:29","-4","0","0","0","0","0"
"F9","05/29/2024","3861","N304FR","SLC","05:35","06:14","39","39","0","1","0","0"
"F9","05/29/2024","3930","N641FR","PNS","16:48","16:43","-5","0","0","0","0","0"
"F9","05/29/2024","3949","N359FR","LAS","21:31","21:33","2","0","0","0","0","0"
"F9","05/29/2024","3981","N323FR","SLC","11:07","11:49","42","13","0","0","0","25"
"F9","05/29/2024","4371","N384FR","SNA","17:19","17:59","40","0","0","0","0","35"
"F9","05/29/2024","4386","N639FR","CID","10:31","10:20","-11","0","0","0","0","0"
"F9","05/29/2024","4464","N326FR","DFW","07:16","08:10","54","44","0","4","0","10"
"F9","05/29/2024","4611","N704FR","LAS","20:00","20:58","58","0","0","0","0","44"
"F9","05/29/2024","4721","N631FR","SLC","18:16","20:30","134","0","0","0","0","133"
"F9","05/29/2024","4753","N378FR","PHX","23:20","23:36","16","0","0","0","0","16"
"F9","05/29/2024","4794","N636FR","FAR","10:12","10:04","-8","0","0","0","0","0"
"F9","05/29/2024","4856","N238FR","IAH","18:08","18:25","17","17","0","1","0","0"
"F9","05/29/2024","4927","N645FR","SAN","14:39","15:16","37","0","0","0","0","0"
"F9","05/29/2024","4989","","SAN","19:55","00:00","0","0","0","0","0","0"
"F9","05/30/2024","0686","N238FR","DCA","06:35","06:33","-2","0","0","0","0","0"
"F9","05/30/2024","0688","N305FR","DCA","12:40","12:48","8","0","0","0","0","0"
"F9","05/30/2024","0690","N388FR","DCA","16:25","16:38","13","2","0","5","0","11"
"F9","05/30/2024","1093","N622FR","SFO","06:00","06:11","11","0","0","0","0","0"
"F9","05/30/2024","1114","N642FR","TPA","23:59","00:56","57","0","0","0","0","52"
"F9","05/30/2024","1128","N343FR","OMA","11:17","14:06","169","92","0","216","0","77"
"F9","05/30/2024","1130","N346FR","HOU","17:00","16:51","-9","0","0","0","0","0"
"F9","05/30/2024","1150","N305FR","MSP","06:35","06:44","9","0","0","0","0","0"
"F9","05/30/2024","1175","N642FR","SEA","06:25","06:25","0","0","0","0","0","0"
"F9","05/30/2024","1228","N309FR","MDW","07:44","07:38","-6","0","0","0","0","0"
"F9","05/30/2024","1261","N312FR","ONT","11:00","11:00","0","0","0","0","0","0"
"F9","05/30/2024","1324","N634FR","DFW","05:01","04:54","-7","0","0","0","0","0"
"F9","05/30/2024","1362","N639FR","CLT","05:36","05:30","-6","0","0","0","0","0"
"F9","05/30/2024","1375","N230FR","PHX","11:32","12:39","67","3","0","1","0","64"
"F9","05/30/2024","1402","N326FR","BNA","10:50","12:08","78","0","0","0","0","67"
"F9","05/30/2024","1450","N645FR","ATL","06:35","06:47","12","0","0","0","0","0"
"F9","05/30/2024","1499","N715FR","ONT","22:37","00:30","113","0","105","0","0","0"
"F9","05/30/2024","1520","N369FR","MIA","17:11","17:12","1","0","0","0","0","0"
"F9","05/30/2024","1560","N713FR","MSN","17:39","18:15","36","0","0","21","0","36"
"F9","05/30/2024","1734","N383FR","MCO","00:07","23:59","-8","0","0","0","0","0"
"F9","05/30/2024","1789","N624FR","PDX","05:01","05:00","-1","0","0","0","0","0"
"F9","05/30/2024","1816","N631FR","AUS","05:01","04:54","-7","0","0","0","0","0"
"F9","05/30/2024","1819","N612FR","PHX","09:20","09:17","-3","0","0","0","0","0"
"F9","05/30/2024","1864","N346FR","OKC","09:58","11:32","94","0","0","0","0","91"
"F9","05/30/2024","1918","N638FR","CLE","06:02","06:02","0","0","0","0","0","0"
"F9","05/30/2024","1993","N359FR","LAS","11:24","11:21","-3","0","0","0","0","0"
"F9","05/30/2024","2015","N328FR","LAS","08:53","08:51","-2","0","0","0","0","0"
"F9","05/30/2024","2105","N720FR","PHX","15:43","15:59","16","0","0","1","0","16"
"F9","05/30/2024","2141","N229FR","PHX","13:32","13:24","-8","0","0","0","0","0"
"F9","05/30/2024","2261","N312FR","ELP","05:20","05:30","10","0","0","0","0","0"
"F9","05/30/2024","2348","N384FR","IND","06:20","06:18","-2","0","0","0","0","0"
"F9","05/30/2024","2349","N351FR","LAS","12:58","14:35","97","0","0","0","0","84"
"F9","05/30/2024","2360","N721FR","MSY","17:15","17:10","-5","0","0","0","0","0"
"F9","05/30/2024","2382","N624FR","ORF","12:35","12:54","19","0","0","0","0","0"
"F9","05/30/2024","2429","N646FR","LAS","16:01","16:11","10","0","0","0","0","0"
"F9","05/30/2024","2438","N238FR","RDU","15:24","15:54","30","5","0","0","0","12"
"F9","05/30/2024","2632","N637FR","DFW","19:07","19:16","9","9","0","10","0","0"
"F9","05/30/2024","2687","N305FR","PDX","21:58","23:38","100","0","94","0","0","0"
"F9","05/30/2024","2746","N636FR","TPA","15:54","16:33","39","0","0","0","0","0"
"F9","05/30/2024","2817","N716FR","SAN","05:35","05:40","5","5","0","26","0","0"
"F9","05/30/2024","2946","N347FR","MDW","18:00","20:04","124","0","0","0","0","123"
"F9","05/30/2024","3138","","MIA","23:59","00:00","0","0","0","0","0","0"
"F9","05/30/2024","3155","N645FR","LAX","19:03","20:08","65","0","0","0","0","0"
"F9","05/30/2024","3162","N709FR","LGA","16:16","17:30","74","3","0","0","0","63"
"F9","05/30/2024","3174","N312FR","ORD","17:37","17:56","19","19","0","23","0","0"
"F9","05/30/2024","3206","N634FR","IAH","11:33","11:53","20","0","0","32","0","20"
"F9","05/30/2024","3228","N384FR","IAH","14:15","17:55","220","220","0","82","0","0"
"F9","05/30/2024","3230","N641FR","IAH","05:10","05:01","-9","0","0","0","0","0"
"F9","05/30/2024","3266","N714FR","PHL","07:30","07:45","15","0","0","0","0","0"
"F9","05/30/2024","3276","N712FR","BMI","13:53","13:49","-4","0","0","0","0","0"
"F9","05/30/2024","3286","N367FR","CVG","07:38","07:27","-11","0","0","0","0","0"
"F9","05/30/2024","3294","N358FR","ATL","00:49","00:58","9","0","0","0","0","0"
"F9","05/30/2024","3312","N308FR","MCO","08:59","08:56","-3","0","0","0","0","0"
"F9","05/30/2024","3340","N642FR","PHL","23:46","10:58","672","672","0","12","0","0"
"F9","05/30/2024","3376","N715FR","MCI","05:30","06:22","52","44","0","0","0","0"
"F9","05/30/2024","3405","N641FR","SEA","18:45","18:41","-4","0","0","20","0","0"
"F9","05/30/2024","3439","N343FR","SFO","22:10","00:10","120","0","110","0","0","0"
"F9","05/30/2024","3566","N645FR","DTW","15:16","15:12","-4","0","0","0","0","0"
"F9","05/30/2024","3861","N362FR","SLC","05:01","05:25","24","17","0","0","0","0"
"F9","05/30/2024","3930","N631FR","PNS","11:07","11:26","19","0","0","0","0","18"
"F9","05/30/2024","3949","N612FR","LAS","22:48","01:09","141","0","15","0","0","112"
"F9","05/30/2024","3981","N362FR","SLC","09:30","09:49","19","0","0","0","0","0"
"F9","05/30/2024","4070","","DFW","15:11","00:00","0","0","0","0","0","0"
"F9","05/30/2024","4344","N622FR","XNA","13:17","13:13","-4","0","0","0","0","0"
"F9","05/30/2024","4371","N388FR","SNA","09:54","09:49","-5","0","0","0","0","0"
"F9","05/30/2024","4374","N642FR","PIT","14:51","14:47","-4","0","0","0","0","0"
"F9","05/30/2024","4386","N716FR","CID","12:38","12:54","16","0","0","0","0","0"
"F9","05/30/2024","4464","N713FR","DFW","07:11","08:46","95","95","0","111","0","0"
"F9","05/30/2024","4478","N716FR","STL","18:54","18:46","-8","0","0","0","0","0"
"F9","05/30/2024","4576","N612FR","CMH","15:31","15:27","-4","0","0","0","0","0"
"F9","05/30/2024","4611","N712FR","LAS","20:48","20:42","-6","0","0","0","0","0"
"F9","05/30/2024","4616","N639FR","MSP","13:42","14:46","64","0","0","0","0","54"
"F9","05/30/2024","4626","N721FR","MEM","06:40","08:55","135","0","0","0","0","114"
"F9","05/30/2024","4721","N625FR","SLC","18:40","21:08","148","2","0","14","0","146"
"F9","05/30/2024","4753","","PHX","23:27","00:00","0","0","0","0","0","0"
"F9","05/30/2024","4776","N709FR","LIT","10:31","10:30","-1","0","0","0","0","0"
"F9","05/30/2024","4794","N641FR","FAR","12:34","12:55","21","0","0","0","0","0"
"F9","05/30/2024","4920","N356FR","MCO","18:16","19:36","80","7","0","0","0","60"
"F9","05/30/2024","4927","N616FR","SAN","11:39","11:39","0","0","0","0","0","0"
"F9","05/30/2024","4963","N622FR","LAS","19:07","19:16","9","0","0","0","0","0"
"F9","05/30/2024","4989","N634FR","SAN","19:55","20:13","18","0","0","0","0","0"
"F9","05/31/2024","0686","N387FR","DCA","06:35","06:34","-1","0","0","0","0","0"
"F9","05/31/2024","0688","N316FR","DCA","12:40","13:12","32","27","0","0","0","2"
"F9","05/31/2024","0690","N387FR","DCA","16:25","16:38","13","0","0","0","0","0"
"F9","05/31/2024","1066","N612FR","GRB","15:56","16:03","7","0","0","0","0","0"
"F9","05/31/2024","1093","N305FR","SFO","06:31","06:46","15","0","0","0","0","0"
"F9","05/31/2024","1114","N631FR","TPA","23:59","00:13","14","0","0","0","0","0"
"F9","05/31/2024","1150","N364FR","MSP","06:39","06:31","-8","0","0","0","0","0"
"F9","05/31/2024","1162","N346FR","HOU","05:06","04:54","-12","0","0","0","0","0"
"F9","05/31/2024","1175","N715FR","SEA","06:40","06:57","17","0","0","0","0","0"
"F9","05/31/2024","1228","N309FR","MDW","07:44","07:55","11","0","0","0","0","0"
"F9","05/31/2024","1248","N636FR","GRR","05:01","04:57","-4","0","0","0","0","0"
"F9","05/31/2024","1280","N615FR","MIA","18:29","19:14","45","20","0","0","0","18"
"F9","05/31/2024","1292","N616FR","MSP","18:58","19:13","15","0","0","0","0","0"
"F9","05/31/2024","1362","N645FR","CLT","14:46","14:49","3","0","0","0","0","0"
"F9","05/31/2024","1402","N633FR","BNA","06:30","06:26","-4","0","0","0","0","0"
"F9","05/31/2024","1450","N631FR","ATL","06:45","06:46","1","0","0","0","0","0"
"F9","05/31/2024","1499","N622FR","ONT","22:37","22:34","-3","0","0","0","0","0"
"F9","05/31/2024","1560","N364FR","MSN","12:30","13:41","71","71","0","14","0","0"
"F9","05/31/2024","1608","N631FR","MKE","15:26","15:43","17","17","0","7","0","0"
"F9","05/31/2024","1678","N634FR","DSM","17:48","17:53","5","0","0","0","0","0"
"F9","05/31/2024","1702","N715FR","SYR","15:25","16:24","59","46","0","0","0","0"
"F9","05/31/2024","1734","N335FR","MCO","00:07","15:19","912","894","0","0","0","0"
"F9","05/31/2024","1816","N710FR","AUS","05:01","04:56","-5","0","0","83","0","0"
"F9","05/31/2024","1819","N313FR","PHX","08:54","10:01","67","67","0","5","0","0"
"F9","05/31/2024","1864","N374FR","OKC","09:57","10:26","29","0","0","0","0","19"
"F9","05/31/2024","1874","N322FR","OMA","18:02","18:17","15","0","0","1","0","15"
"F9","05/31/2024","1918","N622FR","CLE","06:00","05:59","-1","0","0","0","0","0"
"F9","05/31/2024","1993","N352FR","LAS","11:08","11:26","18","0","0","0","0","0"
"F9","05/31/2024","2015","N343FR","LAS","08:53","08:49","-4","0","0","0","0","0"
"F9","05/31/2024","2105","N604FR","PHX","16:55","18:00","65","17","0","0","0","41"
"F9","05/31/2024","2108","N238FR","FSD","11:12","11:09","-3","0","0","0","0","0"
"F9","05/31/2024","2141","N311FR","PHX","14:36","15:41","65","1","0","7","0","64"
"F9","05/31/2024","2148","N365FR","DFW","09:40","09:52","12","0","0","0","0","0"
"F9","05/31/2024","2261","N710FR","ELP","11:39","13:05","86","0","0","0","0","86"
"F9","05/31/2024","2348","N639FR","IND","15:40","17:18","98","96","0","0","0","0"
"F9","05/31/2024","2349","N346FR","LAS","12:58","13:08","10","0","0","0","0","0"
"F9","05/31/2024","2356","N641FR","SAT","05:06","05:17","11","0","0","0","0","0"
"F9","05/31/2024","2360","N238FR","MSY","17:39","18:01","22","20","0","0","0","0"
"F9","05/31/2024","2374","N616FR","TYS","10:10","10:10","0","0","0","0","0","0"
"F9","05/31/2024","2429","N605FR","LAS","15:46","15:46","0","0","0","0","0","0"
"F9","05/31/2024","2438","N374FR","RDU","15:24","17:08","104","34","0","0","0","67"
"F9","05/31/2024","2632","","DFW","19:04","00:00","0","0","0","0","0","0"
"F9","05/31/2024","2687","N316FR","PDX","21:58","22:39","41","2","0","0","0","26"
"F9","05/31/2024","2706","N712FR","BWI","06:00","06:03","3","0","0","0","0","0"
"F9","05/31/2024","2746","N710FR","TPA","17:24","19:15","111","0","0","0","0","108"
"F9","05/31/2024","2752","N636FR","BUF","12:55","13:02","7","0","0","0","0","0"
"F9","05/31/2024","2817","N645FR","SAN","05:41","07:00","79","66","0","0","0","0"
"F9","05/31/2024","2907","N621FR","ONT","18:28","21:27","179","2","0","0","0","158"
"F9","05/31/2024","3101","N322FR","MSO","12:15","12:07","-8","0","0","0","0","0"
"F9","05/31/2024","3138","N612FR","MIA","23:59","00:11","12","0","0","0","0","0"
"F9","05/31/2024","3155","N346FR","LAX","19:03","19:13","10","0","0","0","0","0"
"F9","05/31/2024","3162","N384FR","LGA","16:16","16:42","26","0","0","0","0","23"
"F9","05/31/2024","3172","N633FR","ORD","21:41","22:54","73","58","0","0","0","0"
"F9","05/31/2024","3206","N388FR","IAH","09:57","10:07","10","0","10","11","0","0"
"F9","05/31/2024","3266","N713FR","PHL","06:31","06:37","6","6","0","11","0","0"
"F9","05/31/2024","3276","N322FR","BMI","05:06","04:57","-9","0","0","0","0","0"
"F9","05/31/2024","3286","N721FR","CVG","07:46","07:42","-4","0","0","0","0","0"
"F9","05/31/2024","3294","N312FR","ATL","00:49","02:30","101","0","95","0","0","0"
"F9","05/31/2024","3302","N637FR","STL","06:26","06:26","0","0","0","0","0","0"
"F9","05/31/2024","3312","","MCO","11:09","00:00","0","0","0","0","0","0"
"F9","05/31/2024","3340","N332FR","PHL","23:56","00:29","33","33","0","9","0","0"
"F9","05/31/2024","3376","N716FR","MCI","05:30","05:24","-6","0","0","0","0","0"
"F9","05/31/2024","3405","N641FR","SEA","19:19","20:22","63","55","0","0","0","0"
"F9","05/31/2024","3439","N636FR","SFO","22:10","22:02","-8","0","0","0","0","0"
"F9","05/31/2024","3539","N352FR","LAS","23:17","00:59","102","62","0","0","0","20"
"F9","05/31/2024","3566","N625FR","DTW","06:31","06:31","0","0","0","0","0","0"
"F9","05/31/2024","3665","N633FR","SMF","14:10","14:02","-8","0","0","0","0","0"
"F9","05/31/2024","3843","N352FR","LAS","17:20","18:11","51","0","0","0","0","36"
"F9","05/31/2024","3861","N374FR","SLC","05:01","05:10","9","9","0","33","0","0"
"F9","05/31/2024","3930","N713FR","PNS","16:39","17:16","37","0","0","0","0","31"
"F9","05/31/2024","3949","N702FR","LAS","20:56","21:36","40","25","0","0","0","0"
"F9","05/31/2024","3981","N709FR","SLC","10:58","11:52","54","38","0","0","0","2"
"F9","05/31/2024","4070","N353FR","DFW","11:40","11:41","1","0","0","0","0","0"
"F9","05/31/2024","4251","N712FR","SLC","13:01","15:56","175","32","0","0","0","131"
"F9","05/31/2024","4386","N378FR","CID","10:31","10:26","-5","0","0","0","0","0"
"F9","05/31/2024","4464","N639FR","DFW","07:16","07:44","28","0","0","6","0","28"
"F9","05/31/2024","4616","N622FR","MSP","14:34","15:16","42","35","0","0","0","0"
"F9","05/31/2024","4753","N353FR","PHX","23:27","00:41","74","4","0","0","0","67"
"F9","05/31/2024","4794","N634FR","FAR","11:40","11:36","-4","0","0","0","0","0"
"F9","05/31/2024","4839","N353FR","SNA","18:08","18:10","2","0","0","0","0","0"
"F9","05/31/2024","4856","N388FR","IAH","17:30","17:59","29","0","0","0","0","0"
"F9","05/31/2024","4927","","SAN","11:56","00:00","0","0","0","0","0","0"
"F9","05/31/2024","4989","N362FR","SAN","19:55","20:16","21","19","0","16","0","2"
"F9","06/01/2024","0686","N384FR","DCA","06:35","06:31","-4","0","0","0","0","0"
"F9","06/01/2024","0688","N230FR","DCA","12:40","12:34","-6","0","0","0","0","0"
"F9","06/01/2024","0690","N339FR","DCA","16:25","16:17","-8","0","0","0","0","0"
"F9","06/01/2024","1093","N316FR","SFO","06:31","07:10","39","28","0","0","0","0"
"F9","06/01/2024","1114","N621FR","TPA","23:59","23:50","-9","0","0","0","0","0"
"F9","06/01/2024","1128","N604FR","OMA","12:33","12:28","-5","0","0","0","0","0"
"F9","06/01/2024","1150","N604FR","MSP","05:45","05:35","-10","0","0","0","0","0"
"F9","06/01/2024","1175","N712FR","SEA","07:20","07:16","-4","0","0","0","0","0"
"F9","06/01/2024","1228","N336FR","MDW","07:48","07:45","-3","0","0","0","0","0"
"F9","06/01/2024","1248","N611FR","GRR","16:23","17:06","43","0","0","0","0","27"
"F9","06/01/2024","1261","N238FR","ONT","06:15","06:20","5","0","0","0","0","0"
"F9","06/01/2024","1292","N713FR","MSP","19:49","19:41","-8","0","0","0","0","0"
"F9","06/01/2024","1324","N645FR","DFW","05:01","05:11","10","0","0","0","0","0"
"F9","06/01/2024","1362","N639FR","CLT","14:51","14:51","0","0","0","0","0","0"
"F9","06/01/2024","1375","N312FR","PHX","09:38","09:46","8","8","0","10","0","0"
"F9","06/01/2024","1402","N641FR","BNA","14:43","14:55","12","0","0","0","0","0"
"F9","06/01/2024","1450","N641FR","ATL","06:00","06:20","20","0","0","0","0","0"
"F9","06/01/2024","1499","N638FR","ONT","22:37","22:47","10","0","0","0","0","0"
"F9","06/01/2024","1520","N636FR","MIA","17:31","18:34","63","39","0","0","0","0"
"F9","06/01/2024","1560","N616FR","MSN","11:39","11:28","-11","0","0","0","0","0"
"F9","06/01/2024","1608","N715FR","MKE","05:10","05:05","-5","0","0","0","0","0"
"F9","06/01/2024","1678","N711FR","DSM","18:00","19:08","68","22","0","0","0","33"
"F9","06/01/2024","1734","N305FR","MCO","00:07","02:06","119","0","0","0","0","100"
"F9","06/01/2024","1816","N616FR","AUS","05:01","05:01","0","0","0","0","0","0"
"F9","06/01/2024","1864","N621FR","OKC","14:50","15:21","31","0","0","5","0","31"
"F9","06/01/2024","1993","N352FR","LAS","10:41","11:25","44","16","0","0","0","24"
"F9","06/01/2024","2105","N718FR","PHX","17:00","17:34","34","0","0","24","0","34"
"F9","06/01/2024","2108","N387FR","FSD","09:58","09:50","-8","0","0","0","0","0"
"F9","06/01/2024","2141","N709FR","PHX","14:36","14:55","19","0","0","48","0","19"
"F9","06/01/2024","2148","N634FR","DFW","09:21","09:46","25","25","0","66","0","0"
"F9","06/01/2024","2261","N716FR","ELP","07:25","07:21","-4","0","0","0","0","0"
"F9","06/01/2024","2348","N607FR","IND","05:20","05:35","15","0","0","0","0","0"
"F9","06/01/2024","2349","N326FR","LAS","12:48","12:43","-5","0","0","0","0","0"
"F9","06/01/2024","2356","","SAT","05:06","00:00","0","0","0","0","0","0"
"F9","06/01/2024","2374","N713FR","TYS","11:17","11:16","-1","0","0","0","0","0"
"F9","06/01/2024","2421","N351FR","SAN","16:32","17:47","75","33","0","0","0","29"
"F9","06/01/2024","2429","N712FR","LAS","15:46","16:28","42","42","0","6","0","0"
"F9","06/01/2024","2632","N346FR","DFW","19:18","19:53","35","0","0","30","0","35"
"F9","06/01/2024","2687","N230FR","PDX","21:58","21:55","-3","0","0","0","0","0"
"F9","06/01/2024","2706","N715FR","BWI","12:28","12:34","6","0","0","0","0","0"
"F9","06/01/2024","2746","N640FR","TPA","17:30","18:06","36","23","0","0","0","0"
"F9","06/01/2024","2752","N607FR","BUF","12:50","12:55","5","0","0","0","0","0"
"F9","06/01/2024","2817","N326FR","SAN","05:45","05:37","-8","0","0","0","0","0"
"F9","06/01/2024","2946","N238FR","MDW","17:41","18:49","68","0","0","0","0","52"
"F9","06/01/2024","3101","N238FR","MSO","11:48","12:38","50","0","0","0","0","46"
"F9","06/01/2024","3138","N607FR","MIA","23:59","00:09","10","0","0","0","0","0"
"F9","06/01/2024","3155","N326FR","LAX","18:56","19:24","28","6","0","5","0","22"
"F9","06/01/2024","3162","N384FR","LGA","16:16","16:11","-5","0","0","0","0","0"
"F9","06/01/2024","3172","N714FR","ORD","20:50","22:13","83","0","0","0","0","68"
"F9","06/01/2024","3206","N328FR","IAH","09:57","09:53","-4","0","0","0","0","0"
"F9","06/01/2024","3230","N621FR","IAH","07:25","07:25","0","0","0","36","0","0"
"F9","06/01/2024","3266","N636FR","PHL","06:31","06:36","5","5","0","13","0","0"
"F9","06/01/2024","3294","N388FR","ATL","00:49","00:43","-6","0","0","0","0","0"
"F9","06/01/2024","3302","N622FR","STL","06:15","06:13","-2","0","0","0","0","0"
"F9","06/01/2024","3310","N387FR","RDU","15:29","16:28","59","38","0","0","0","0"
"F9","06/01/2024","3312","N701FR","MCO","10:49","11:04","15","0","0","0","0","0"
"F9","06/01/2024","3340","N309FR","PHL","23:56","01:04","68","0","0","2","0","68"
"F9","06/01/2024","3405","N616FR","SEA","19:03","19:15","12","0","0","0","0","0"
"F9","06/01/2024","3439","N715FR","SFO","22:10","22:51","41","38","0","0","0","0"
"F9","06/01/2024","3539","N328FR","LAS","23:44","23:57","13","0","0","0","0","0"
"F9","06/01/2024","3566","N639FR","DTW","06:31","06:25","-6","0","0","0","0","0"
"F9","06/01/2024","3665","N716FR","SMF","13:20","13:15","-5","0","0","0","0","0"
"F9","06/01/2024","3726","N635FR","CVG","05:33","06:08","35","18","0","0","0","0"
"F9","06/01/2024","3843","N376FR","LAS","17:28","17:21","-7","0","0","0","0","0"
"F9","06/01/2024","3930","N631FR","PNS","16:38","16:57","19","0","0","0","0","0"
"F9","06/01/2024","3981","N339FR","SLC","11:15","11:06","-9","0","0","0","0","0"
"F9","06/01/2024","4070","N364FR","DFW","14:57","16:22","85","65","0","0","0","0"
"F9","06/01/2024","4344","N645FR","XNA","11:50","11:40","-10","0","0","0","0","0"
"F9","06/01/2024","4371","N323FR","SNA","17:19","18:41","82","14","0","0","0","49"
"F9","06/01/2024","4386","N718FR","CID","10:31","10:24","-7","0","0","0","0","0"
"F9","06/01/2024","4638","N614FR","CLE","19:01","21:05","124","0","0","0","0","117"
"F9","06/01/2024","4721","N353FR","SLC","21:06","20:58","-8","0","0","49","0","0"
"F9","06/01/2024","4753","N311FR","PHX","23:27","23:20","-7","0","0","0","0","0"
"F9","06/01/2024","4778","N612FR","LIT","15:24","15:15","-9","0","0","0","0","0"
"F9","06/01/2024","4794","N631FR","FAR","10:15","10:09","-6","0","0","0","0","0"
"F9","06/01/2024","4856","N645FR","IAH","18:15","18:48","33","33","0","19","0","0"
"F9","06/01/2024","4927","N346FR","SAN","12:34","12:49","15","0","0","0","0","0"
"F9","06/02/2024","0686","","DCA","06:35","00:00","0","0","0","0","0","0"
"F9","06/02/2024","0688","N384FR","DCA","12:41","13:07","26","0","0","0","0","0"
"F9","06/02/2024","0690","N387FR","DCA","16:25","16:32","7","0","0","0","0","0"
"F9","06/02/2024","1093","N230FR","SFO","06:20","06:12","-8","0","0","0","0","0"
"F9","06/02/2024","1114","N716FR","TPA","23:59","23:54","-5","0","0","0","0","0"
"F9","06/02/2024","1128","N387FR","OMA","11:17","11:33","16","0","0","0","0","0"
"F9","06/02/2024","1130","N238FR","HOU","17:49","18:39","50","0","0","9","0","50"
"F9","06/02/2024","1150","N346FR","MSP","05:01","04:51","-10","0","0","0","0","0"
"F9","06/02/2024","1175","N635FR","SEA","05:01","05:22","21","0","0","0","0","0"
"F9","06/02/2024","1228","N364FR","MDW","07:44","07:35","-9","0","0","0","0","0"
"F9","06/02/2024","1261","N645FR","ONT","11:39","11:51","12","0","0","0","0","0"
"F9","06/02/2024","1324","","DFW","05:06","00:00","0","0","0","0","0","0"
"F9","06/02/2024","1362","N716FR","CLT","05:36","06:06","30","30","0","11","0","0"
"F9","06/02/2024","1375","N316FR","PHX","11:32","11:59","27","18","0","0","0","0"
"F9","06/02/2024","1402","N359FR","BNA","10:23","12:03","100","0","0","0","0","98"
"F9","06/02/2024","1450","N715FR","ATL","06:35","06:36","1","0","0","0","0","0"
"F9","06/02/2024","1499","N715FR","ONT","22:37","00:08","91","0","0","0","0","81"
"F9","06/02/2024","1520","N636FR","MIA","17:37","17:29","-8","0","0","0","0","0"
"F9","06/02/2024","1560","N710FR","MSN","17:12","17:20","8","0","0","0","0","0"
"F9","06/02/2024","1734","N323FR","MCO","00:07","00:56","49","15","0","0","0","7"
"F9","06/02/2024","1765","N238FR","LAS","05:06","05:45","39","19","0","0","0","0"
"F9","06/02/2024","1789","N612FR","PDX","07:25","07:28","3","0","0","0","0","0"
"F9","06/02/2024","1816","N645FR","AUS","05:01","04:54","-7","0","0","0","0","0"
"F9","06/02/2024","1819","N613FR","PHX","09:30","09:39","9","0","0","0","0","0"
"F9","06/02/2024","1864","N339FR","OKC","09:58","10:17","19","0","0","0","0","16"
"F9","06/02/2024","1918","N639FR","CLE","06:00","06:04","4","0","0","0","0","0"
"F9","06/02/2024","1993","N343FR","LAS","12:35","12:26","-9","0","0","0","0","0"
"F9","06/02/2024","2015","N328FR","LAS","08:53","09:15","22","0","0","0","0","0"
"F9","06/02/2024","2105","N346FR","PHX","15:56","17:53","117","5","0","2","0","112"
"F9","06/02/2024","2141","N718FR","PHX","13:34","13:30","-4","0","0","0","0","0"
"F9","06/02/2024","2261","N711FR","ELP","12:36","12:36","0","0","0","0","0","0"
"F9","06/02/2024","2348","N384FR","IND","05:31","05:24","-7","0","0","0","0","0"
"F9","06/02/2024","2360","N711FR","MSY","18:33","18:31","-2","0","0","0","0","0"
"F9","06/02/2024","2382","N616FR","ORF","12:38","12:34","-4","0","0","0","0","0"
"F9","06/02/2024","2429","N719FR","LAS","16:01","16:12","11","0","0","0","0","0"
"F9","06/02/2024","2438","N339FR","RDU","15:24","15:18","-6","0","0","0","0","0"
"F9","06/02/2024","2632","N721FR","DFW","19:03","19:35","32","32","0","35","0","0"
"F9","06/02/2024","2687","N384FR","PDX","22:09","22:09","0","0","0","0","0","0"
"F9","06/02/2024","2746","N641FR","TPA","15:54","17:01","67","47","0","0","0","0"
"F9","06/02/2024","2817","","SAN","05:35","00:00","0","0","0","0","0","0"
"F9","06/02/2024","2946","N390FR","MDW","18:27","18:29","2","2","0","15","0","0"
"F9","06/02/2024","3138","N646FR","MIA","23:59","23:49","-10","0","0","0","0","0"
"F9","06/02/2024","3155","N382FR","LAX","19:03","19:49","46","0","0","0","0","37"
"F9","06/02/2024","3162","N604FR","LGA","16:16","16:38","22","11","0","2","0","11"
"F9","06/02/2024","3174","N371FR","ORD","19:05","18:59","-6","0","0","0","0","0"
"F9","06/02/2024","3206","N376FR","IAH","09:59","10:29","30","0","0","0","0","15"
"F9","06/02/2024","3228","N715FR","IAH","15:18","15:19","1","0","0","30","0","1"
"F9","06/02/2024","3230","N711FR","IAH","05:11","05:03","-8","0","0","0","0","0"
"F9","06/02/2024","3266","N721FR","PHL","08:50","09:01","11","0","0","0","0","0"
"F9","06/02/2024","3276","N346FR","BMI","11:11","11:09","-2","0","0","0","0","0"
"F9","06/02/2024","3286","N704FR","CVG","07:48","08:15","27","19","0","0","0","0"
"F9","06/02/2024","3294","N350FR","ATL","00:49","00:39","-10","0","0","0","0","0"
"F9","06/02/2024","3312","N637FR","MCO","09:49","09:59","10","0","0","0","0","0"
"F9","06/02/2024","3340","N612FR","PHL","23:56","23:51","-5","0","0","0","0","0"
"F9","06/02/2024","3376","N713FR","MCI","05:30","05:28","-2","0","0","0","0","0"
"F9","06/02/2024","3405","N645FR","SEA","18:35","18:28","-7","0","0","0","0","0"
"F9","06/02/2024","3439","N605FR","SFO","22:10","23:33","83","0","0","77","0","0"
"F9","06/02/2024","3566","N612FR","DTW","15:00","14:56","-4","0","0","0","0","0"
"F9","06/02/2024","3861","N376FR","SLC","05:06","04:58","-8","0","0","0","0","0"
"F9","06/02/2024","3930","N607FR","PNS","11:18","14:33","195","0","0","0","0","179"
"F9","06/02/2024","3981","N229FR","SLC","09:40","09:37","-3","0","0","0","0","0"
"F9","06/02/2024","4070","N613FR","DFW","15:41","15:56","15","15","0","15","0","0"
"F9","06/02/2024","4344","N230FR","XNA","13:33","13:25","-8","0","0","0","0","0"
"F9","06/02/2024","4371","N376FR","SNA","17:14","17:29","15","0","0","0","0","0"
"F9","06/02/2024","4374","N716FR","PIT","14:49","15:06","17","0","0","0","0","0"
"F9","06/02/2024","4386","N635FR","CID","13:08","13:14","6","0","0","0","0","0"
"F9","06/02/2024","4464","N638FR","DFW","07:11","07:08","-3","0","0","0","0","0"
"F9","06/02/2024","4478","N230FR","STL","19:22","19:14","-8","0","0","0","0","0"
"F9","06/02/2024","4576","N631FR","CMH","16:01","16:08","7","0","0","0","0","0"
"F9","06/02/2024","4611","N720FR","LAS","20:47","20:46","-1","0","0","0","0","0"
"F9","06/02/2024","4616","N638FR","MSP","13:42","14:36","54","6","0","5","0","48"
"F9","06/02/2024","4626","N609FR","MEM","11:38","11:37","-1","0","0","0","0","0"
"F9","06/02/2024","4721","N635FR","SLC","19:23","19:34","11","0","0","15","0","11"
"F9","06/02/2024","4753","N312FR","PHX","23:34","03:24","230","0","0","0","0","228"
"F9","06/02/2024","4776","N710FR","LIT","10:31","10:43","12","0","0","0","0","0"
"F9","06/02/2024","4794","N631FR","FAR","09:55","09:46","-9","0","0","0","0","0"
"F9","06/02/2024","4920","N351FR","MCO","18:08","18:12","4","0","0","0","0","0"
"F9","06/02/2024","4927","N238FR","SAN","11:45","12:07","22","0","0","0","0","0"
"F9","06/02/2024","4967","N609FR","LAS","19:09","19:14","5","0","0","0","0","0"
"F9","06/02/2024","4989","N398FR","SAN","19:55","20:27","32","0","0","0","0","0"
"F9","06/03/2024","0686","N230FR","DCA","06:35","06:36","1","0","0","0","0","0"
"F9","06/03/2024","0688","N338FR","DCA","12:40","12:36","-4","0","0","0","0","0"
"F9","06/03/2024","0690","N230FR","DCA","16:25","16:20","-5","0","0","0","0","0"
"F9","06/03/2024","1066","N616FR","GRB","16:54","18:07","73","0","0","3","0","73"
"F9","06/03/2024","1093","N390FR","SFO","06:35","06:26","-9","0","0","0","0","0"
"F9","06/03/2024","1114","N631FR","TPA","23:58","00:01","3","0","0","0","0","0"
"F9","06/03/2024","1150","N338FR","MSP","06:39","06:39","0","0","0","0","0","0"
"F9","06/03/2024","1162","N343FR","HOU","10:00","09:57","-3","0","0","0","0","0"
"F9","06/03/2024","1175","N709FR","SEA","06:35","06:48","13","0","0","0","0","0"
"F9","06/03/2024","1228","N366FR","MDW","07:44","07:45","1","0","0","0","0","0"
"F9","06/03/2024","1248","N326FR","GRR","05:06","05:01","-5","0","0","0","0","0"
"F9","06/03/2024","1261","N638FR","ONT","14:21","14:21","0","0","0","0","0","0"
"F9","06/03/2024","1280","N635FR","MIA","18:29","20:07","98","81","0","0","0","9"
"F9","06/03/2024","1292","N711FR","MSP","18:58","18:52","-6","0","0","0","0","0"
"F9","06/03/2024","1362","N709FR","CLT","14:46","14:39","-7","0","0","0","0","0"
"F9","06/03/2024","1375","N316FR","PHX","09:38","10:02","24","16","0","0","0","0"
"F9","06/03/2024","1402","N638FR","BNA","06:41","07:09","28","15","0","0","0","0"
"F9","06/03/2024","1450","N721FR","ATL","06:45","06:58","13","0","0","0","0","0"
"F9","06/03/2024","1499","N619FR","ONT","22:37","23:01","24","0","0","0","0","0"
"F9","06/03/2024","1560","N326FR","MSN","12:30","13:09","39","39","0","26","0","0"
"F9","06/03/2024","1608","N384FR","MKE","05:20","05:28","8","0","0","0","0","0"
"F9","06/03/2024","1678","N631FR","DSM","17:56","18:12","16","7","0","5","0","9"
"F9","06/03/2024","1702","N605FR","SYR","07:00","07:38","38","32","0","0","0","0"
"F9","06/03/2024","1734","N376FR","MCO","00:07","00:28","21","0","0","0","0","0"
"F9","06/03/2024","1816","N711FR","AUS","05:01","05:11","10","0","0","0","0","0"
"F9","06/03/2024","1864","N635FR","OKC","12:38","12:52","14","0","0","0","0","0"
"F9","06/03/2024","1874","N384FR","OMA","18:12","19:08","56","50","0","0","0","0"
"F9","06/03/2024","1918","N607FR","CLE","06:05","06:09","4","0","0","0","0","0"
"F9","06/03/2024","1993","N235FR","LAS","12:35","12:28","-7","0","0","0","0","0"
"F9","06/03/2024","2015","N714FR","LAS","09:03","09:23","20","0","0","0","0","0"
"F9","06/03/2024","2105","N613FR","PHX","17:00","17:01","1","0","0","0","0","0"
"F9","06/03/2024","2108","N238FR","FSD","09:58","09:55","-3","0","0","0","0","0"
"F9","06/03/2024","2141","N317FR","PHX","14:36","14:52","16","0","0","0","0","0"
"F9","06/03/2024","2148","N387FR","DFW","09:40","09:34","-6","0","0","0","0","0"
"F9","06/03/2024","2261","N631FR","ELP","11:56","11:50","-6","0","0","0","0","0"
"F9","06/03/2024","2285","N308FR","LAS","10:33","11:46","73","0","0","0","0","63"
"F9","06/03/2024","2348","N605FR","IND","16:38","16:33","-5","0","0","0","0","0"
"F9","06/03/2024","2356","N631FR","SAT","05:06","04:58","-8","0","0","0","0","0"
"F9","06/03/2024","2374","N641FR","TYS","05:10","05:03","-7","0","0","0","0","0"
"F9","06/03/2024","2429","N710FR","LAS","16:01","15:58","-3","0","0","0","0","0"
"F9","06/03/2024","2438","N238FR","RDU","15:19","15:14","-5","0","0","0","0","0"
"F9","06/03/2024","2632","N326FR","DFW","19:03","20:22","79","32","0","20","0","47"
"F9","06/03/2024","2687","N607FR","PDX","21:50","21:46","-4","0","0","0","0","0"
"F9","06/03/2024","2706","N645FR","BWI","06:00","06:00","0","0","0","0","0","0"
"F9","06/03/2024","2746","N640FR","TPA","17:26","18:12","46","46","0","10","0","0"
"F9","06/03/2024","2752","N646FR","BUF","11:12","11:45","33","29","0","0","0","0"
"F9","06/03/2024","2817","N635FR","SAN","05:35","05:53","18","0","0","0","0","0"
"F9","06/03/2024","3101","N384FR","MSO","12:15","12:07","-8","0","0","0","0","0"
"F9","06/03/2024","3138","N709FR","MIA","23:59","00:06","7","0","0","0","0","0"
"F9","06/03/2024","3155","N374FR","LAX","19:03","19:21","18","7","0","0","0","8"
"F9","06/03/2024","3162","N339FR","LGA","16:16","16:17","1","0","0","0","0","0"
"F9","06/03/2024","3172","N646FR","ORD","21:41","21:56","15","15","0","2","0","0"
"F9","06/03/2024","3206","N616FR","IAH","09:15","09:09","-6","0","0","0","0","0"
"F9","06/03/2024","3228","N641FR","IAH","13:30","13:21","-9","0","0","0","0","0"
"F9","06/03/2024","3266","N715FR","PHL","06:31","07:05","34","20","0","0","0","4"
"F9","06/03/2024","3294","N377FR","ATL","00:54","01:18","24","0","0","0","0","22"
"F9","06/03/2024","3302","N604FR","STL","06:26","08:22","116","116","0","5","0","0"
"F9","06/03/2024","3312","N336FR","MCO","11:19","11:27","8","0","0","0","0","0"
"F9","06/03/2024","3340","N316FR","PHL","23:56","02:03","127","43","0","9","0","84"
"F9","06/03/2024","3439","N638FR","SFO","22:10","22:19","9","0","0","0","0","0"
"F9","06/03/2024","3539","N616FR","LAS","23:59","01:24","85","0","0","0","0","59"
"F9","06/03/2024","3566","N645FR","DTW","15:39","15:31","-8","0","0","0","0","0"
"F9","06/03/2024","3665","N636FR","SMF","18:23","20:10","107","0","0","0","0","86"
"F9","06/03/2024","3726","N634FR","CVG","06:03","06:03","0","0","0","0","0","0"
"F9","06/03/2024","3843","N308FR","LAS","17:50","17:57","7","0","0","0","0","0"
"F9","06/03/2024","3861","N238FR","SLC","05:01","04:53","-8","0","0","0","0","0"
"F9","06/03/2024","3930","N715FR","PNS","16:39","16:59","20","0","0","0","0","0"
"F9","06/03/2024","3949","N641FR","LAS","21:00","20:56","-4","0","0","20","0","0"
"F9","06/03/2024","3981","N339FR","SLC","11:25","11:15","-10","0","0","0","0","0"
"F9","06/03/2024","4070","N365FR","DFW","11:40","11:37","-3","0","0","0","0","0"
"F9","06/03/2024","4251","N716FR","SLC","16:54","17:04","10","10","0","6","0","0"
"F9","06/03/2024","4386","N716FR","CID","10:31","10:25","-6","0","0","0","0","0"
"F9","06/03/2024","4464","N391FR","DFW","07:16","07:19","3","0","0","0","0","0"
"F9","06/03/2024","4616","N607FR","MSP","14:40","15:17","37","0","0","0","0","28"
"F9","06/03/2024","4647","N721FR","SEA","15:26","15:53","27","11","0","6","0","16"
"F9","06/03/2024","4753","N390FR","PHX","23:20","01:48","148","11","0","0","0","125"
"F9","06/03/2024","4794","N613FR","FAR","10:12","10:26","14","0","0","0","0","0"
"F9","06/03/2024","4839","N335FR","SNA","18:16","19:07","51","0","0","43","0","51"
"F9","06/03/2024","4856","N343FR","IAH","17:30","17:27","-3","0","0","0","0","0"
"F9","06/03/2024","4927","N711FR","SAN","11:39","11:37","-2","0","0","0","0","0"
"F9","06/03/2024","4989","N317FR","SAN","19:55","20:42","47","6","0","32","0","41"
"F9","06/04/2024","0686","N228FR","DCA","06:35","06:25","-10","0","0","0","0","0"
"F9","06/04/2024","0688","N339FR","DCA","12:40","12:40","0","0","0","0","0","0"
"F9","06/04/2024","0690","N230FR","DCA","16:25","18:20","115","3","0","0","0","101"
"F9","06/04/2024","1093","N375FR","SFO","05:10","05:03","-7","0","0","0","0","0"
"F9","06/04/2024","1114","N610FR","TPA","23:56","23:54","-2","0","0","0","0","0"
"F9","06/04/2024","1128","N636FR","OMA","09:47","09:38","-9","0","0","0","0","0"
"F9","06/04/2024","1134","N375FR","HOU","18:15","19:06","51","0","0","0","0","22"
"F9","06/04/2024","1175","N605FR","SEA","17:12","18:07","55","47","0","0","0","0"
"F9","06/04/2024","1228","N323FR","MDW","10:23","10:13","-10","0","0","18","0","0"
"F9","06/04/2024","1261","N720FR","ONT","11:59","14:02","123","0","0","0","0","111"
"F9","06/04/2024","1324","N641FR","DFW","05:01","05:02","1","0","0","0","0","0"
"F9","06/04/2024","1362","N709FR","CLT","11:17","11:35","18","0","0","0","0","0"
"F9","06/04/2024","1375","N365FR","PHX","09:38","09:25","-13","0","0","0","0","0"
"F9","06/04/2024","1402","N359FR","BNA","10:50","10:52","2","2","0","19","0","0"
"F9","06/04/2024","1450","N638FR","ATL","06:45","06:36","-9","0","0","29","0","0"
"F9","06/04/2024","1499","N629FR","ONT","22:37","22:38","1","0","0","0","0","0"
"F9","06/04/2024","1520","N350FR","MIA","17:11","17:49","38","38","0","7","0","0"
"F9","06/04/2024","1734","N372FR","MCO","00:07","01:03","56","0","0","0","0","48"
"F9","06/04/2024","1765","N710FR","LAS","06:45","06:54","9","0","0","0","0","0"
"F9","06/04/2024","1789","N645FR","PDX","05:20","05:12","-8","0","0","0","0","0"
"F9","06/04/2024","1816","N716FR","AUS","05:01","04:57","-4","0","0","0","0","0"
"F9","06/04/2024","1819","N720FR","PHX","06:00","05:50","-10","0","0","0","0","0"
"F9","06/04/2024","1918","N619FR","CLE","06:02","06:01","-1","0","0","0","0","0"
"F9","06/04/2024","1993","N347FR","LAS","12:35","12:29","-6","0","0","0","0","0"
"F9","06/04/2024","2141","N390FR","PHX","14:51","15:08","17","0","0","0","0","0"
"F9","06/04/2024","2148","N236FR","DFW","09:30","09:28","-2","0","0","0","0","0"
"F9","06/04/2024","2261","N716FR","ELP","11:39","11:51","12","0","0","0","0","0"
"F9","06/04/2024","2285","N335FR","LAS","09:57","09:53","-4","0","0","0","0","0"
"F9","06/04/2024","2348","N721FR","IND","16:39","16:42","3","0","0","0","0","0"
"F9","06/04/2024","2349","N645FR","LAS","14:05","13:57","-8","0","0","0","0","0"
"F9","06/04/2024","2360","N716FR","MSY","17:57","17:55","-2","0","0","0","0","0"
"F9","06/04/2024","2382","N641FR","ORF","11:44","11:44","0","0","0","0","0","0"
"F9","06/04/2024","2438","N228FR","RDU","15:54","15:49","-5","0","0","0","0","0"
"F9","06/04/2024","2632","N711FR","DFW","19:12","19:06","-6","0","0","0","0","0"
"F9","06/04/2024","2687","N715FR","PDX","22:04","22:14","10","0","0","0","0","0"
"F9","06/04/2024","2817","N339FR","SAN","05:45","05:36","-9","0","0","0","0","0"
"F9","06/04/2024","2946","N366FR","MDW","13:46","13:40","-6","0","0","0","0","0"
"F9","06/04/2024","3138","N722FR","MIA","23:59","24:00","1","0","0","0","0","0"
"F9","06/04/2024","3155","N347FR","LAX","19:03","19:09","6","0","0","0","0","0"
"F9","06/04/2024","3162","N236FR","LGA","16:16","16:10","-6","0","0","0","0","0"
"F9","06/04/2024","3174","N371FR","ORD","17:12","18:12","60","24","0","0","0","28"
"F9","06/04/2024","3206","N382FR","IAH","08:42","08:44","2","0","0","0","0","0"
"F9","06/04/2024","3266","N721FR","PHL","06:20","06:18","-2","0","0","0","0","0"
"F9","06/04/2024","3276","N613FR","BMI","12:46","12:40","-6","0","0","0","0","0"
"F9","06/04/2024","3286","N338FR","CVG","07:48","07:49","1","0","0","0","0","0"
"F9","06/04/2024","3294","N343FR","ATL","00:49","01:07","18","0","0","0","0","0"
"F9","06/04/2024","3302","N717FR","STL","10:00","09:55","-5","0","0","23","0","0"
"F9","06/04/2024","3312","N701FR","MCO","10:16","10:20","4","0","0","0","0","0"
"F9","06/04/2024","3340","N721FR","PHL","23:57","23:57","0","0","0","0","0","0"
"F9","06/04/2024","3376","N715FR","MCI","05:30","05:24","-6","0","0","0","0","0"
"F9","06/04/2024","3439","N717FR","SFO","22:10","22:11","1","0","0","0","0","0"
"F9","06/04/2024","3467","N229FR","PHX","21:07","20:59","-8","0","0","0","0","0"
"F9","06/04/2024","3566","N233FR","DTW","16:03","16:25","22","0","0","0","0","0"
"F9","06/04/2024","3843","N235FR","LAS","17:45","17:47","2","0","0","0","0","0"
"F9","06/04/2024","3861","N711FR","SLC","06:55","06:47","-8","0","0","0","0","0"
"F9","06/04/2024","3930","N702FR","PNS","12:54","14:16","82","10","0","1","0","72"
"F9","06/04/2024","3981","N238FR","SLC","11:17","11:17","0","0","0","19","0","0"
"F9","06/04/2024","4070","N636FR","DFW","15:11","16:14","63","38","0","0","0","0"
"F9","06/04/2024","4251","N311FR","SLC","17:17","18:38","81","81","0","31","0","0"
"F9","06/04/2024","4344","N375FR","XNA","12:25","12:19","-6","0","0","0","0","0"
"F9","06/04/2024","4371","N323FR","SNA","17:27","17:43","16","0","0","0","0","0"
"F9","06/04/2024","4374","N714FR","PIT","15:33","15:42","9","0","0","0","0","0"
"F9","06/04/2024","4576","N634FR","CMH","15:26","16:16","50","39","0","0","0","0"
"F9","06/04/2024","4611","N616FR","LAS","23:00","23:55","55","0","0","0","0","29"
"F9","06/04/2024","4616","N238FR","MSP","16:04","16:46","42","29","0","11","0","13"
"F9","06/04/2024","4626","N613FR","MEM","05:39","05:54","15","0","0","0","0","0"
"F9","06/04/2024","4753","N641FR","PHX","23:27","23:59","32","32","0","2","0","0"
"F9","06/04/2024","4776","N620FR","LIT","10:31","10:26","-5","0","0","0","0","0"
"F9","06/04/2024","4794","N230FR","FAR","10:35","10:27","-8","0","0","0","0","0"
"F9","06/04/2024","4927","N711FR","SAN","12:08","12:03","-5","0","0","0","0","0"
"F9","06/04/2024","4967","N720FR","LAS","19:15","20:42","87","0","0","0","0","69"
"F9","06/04/2024","4989","","SAN","19:55","00:00","0","0","0","0","0","0"
"F9","06/05/2024","0686","N309FR","DCA","06:35","06:36","1","0","0","0","0","0"
"F9","06/05/2024","0688","N381FR","DCA","12:40","12:57","17","0","0","0","0","0"
"F9","06/05/2024","0690","","DCA","16:25","00:00","0","0","0","0","0","0"
"F9","06/05/2024","1066","N709FR","GRB","09:25","09:18","-7","0","0","0","0","0"
"F9","06/05/2024","1093","N369FR","SFO","06:31","09:33","182","9","0","0","0","171"
"F9","06/05/2024","1114","N702FR","TPA","23:59","00:07","8","0","0","0","0","0"
"F9","06/05/2024","1128","N228FR","OMA","11:15","11:41","26","25","0","0","0","0"
"F9","06/05/2024","1130","N308FR","HOU","18:07","18:18","11","0","0","0","0","0"
"F9","06/05/2024","1175","N381FR","SEA","05:01","04:55","-6","0","0","0","0","0"
"F9","06/05/2024","1248","N704FR","GRR","12:51","15:34","163","152","0","0","0","0"
"F9","06/05/2024","1261","N702FR","ONT","05:40","05:36","-4","0","0","0","0","0"
"F9","06/05/2024","1280","N720FR","MIA","18:59","19:55","56","15","0","0","0","21"
"F9","06/05/2024","1292","N605FR","MSP","18:59","21:14","135","0","0","0","0","125"
"F9","06/05/2024","1402","N351FR","BNA","08:13","08:04","-9","0","0","0","0","0"
"F9","06/05/2024","1450","N613FR","ATL","06:36","06:27","-9","0","0","0","0","0"
"F9","06/05/2024","1465","N330FR","LAS","15:53","15:59","6","6","0","18","0","0"
"F9","06/05/2024","1499","N381FR","ONT","22:29","23:27","58","2","0","0","0","42"
"F9","06/05/2024","1560","N328FR","MSN","12:14","13:07","53","41","0","0","0","0"
"F9","06/05/2024","1608","N233FR","MKE","05:20","06:34","74","69","0","0","0","0"
"F9","06/05/2024","1678","N720FR","DSM","05:36","05:27","-9","0","0","0","0","0"
"F9","06/05/2024","1702","N398FR","SYR","15:06","15:04","-2","0","0","0","0","0"
"F9","06/05/2024","1734","N645FR","MCO","00:49","01:29","40","2","0","9","0","38"
"F9","06/05/2024","1789","N348FR","PDX","05:06","05:47","41","41","0","15","0","0"
"F9","06/05/2024","1816","N715FR","AUS","06:05","06:00","-5","0","0","0","0","0"
"F9","06/05/2024","1819","N358FR","PHX","09:17","09:23","6","0","0","0","0","0"
"F9","06/05/2024","1864","N711FR","OKC","12:26","14:59","153","0","0","0","0","141"
"F9","06/05/2024","1918","N620FR","CLE","11:05","11:03","-2","0","0","0","0","0"
"F9","06/05/2024","2015","N605FR","LAS","06:00","05:53","-7","0","0","0","0","0"
"F9","06/05/2024","2108","N230FR","FSD","09:57","09:47","-10","0","0","0","0","0"
"F9","06/05/2024","2141","N362FR","PHX","14:33","14:51","18","0","0","0","0","0"
"F9","06/05/2024","2148","N236FR","DFW","09:40","10:04","24","24","0","11","0","0"
"F9","06/05/2024","2210","N323FR","MDW","08:38","08:28","-10","0","0","0","0","0"
"F9","06/05/2024","2348","N716FR","IND","06:31","06:38","7","0","0","0","0","0"
"F9","06/05/2024","2349","N719FR","LAS","13:53","14:05","12","0","0","0","0","0"
"F9","06/05/2024","2374","N638FR","TYS","14:00","14:26","26","0","0","0","0","0"
"F9","06/05/2024","2421","N718FR","SAN","16:44","17:03","19","0","0","0","0","0"
"F9","06/05/2024","2438","N309FR","RDU","15:52","15:47","-5","0","0","0","0","0"
"F9","06/05/2024","2577","N351FR","SNA","15:33","15:36","3","0","0","0","0","0"
"F9","06/05/2024","2632","N717FR","DFW","18:33","18:28","-5","0","0","0","0","0"
"F9","06/05/2024","2687","N715FR","PDX","22:03","22:13","10","0","0","0","0","0"
"F9","06/05/2024","2746","N722FR","TPA","17:55","18:43","48","0","0","0","0","42"
"F9","06/05/2024","2752","N715FR","BUF","12:42","12:41","-1","0","0","0","0","0"
"F9","06/05/2024","2817","N717FR","SAN","05:35","05:50","15","0","0","0","0","0"
"F9","06/05/2024","3004","N634FR","CLT","05:01","04:58","-3","0","0","0","0","0"
"F9","06/05/2024","3101","N348FR","MSO","12:19","14:18","119","12","0","0","0","104"
"F9","06/05/2024","3138","N636FR","MIA","23:46","00:14","28","16","0","0","0","0"
"F9","06/05/2024","3162","N610FR","LGA","16:18","17:29","71","0","0","50","0","40"
"F9","06/05/2024","3165","N711FR","LAX","19:03","21:37","154","61","0","0","0","68"
"F9","06/05/2024","3174","N359FR","ORD","17:10","18:03","53","44","0","0","0","0"
"F9","06/05/2024","3228","N720FR","IAH","11:29","11:28","-1","0","0","25","0","0"
"F9","06/05/2024","3230","N711FR","IAH","05:01","05:02","1","0","0","0","0","0"
"F9","06/05/2024","3266","N714FR","PHL","06:31","07:06","35","35","0","3","0","0"
"F9","06/05/2024","3286","N636FR","CVG","05:33","05:25","-8","0","0","0","0","0"
"F9","06/05/2024","3294","N349FR","ATL","00:59","01:06","7","0","0","0","0","0"
"F9","06/05/2024","3302","N629FR","STL","06:20","06:16","-4","0","0","0","0","0"
"F9","06/05/2024","3312","N607FR","MCO","10:55","11:34","39","0","0","0","0","22"
"F9","06/05/2024","3340","N712FR","PHL","23:56","01:18","82","10","0","0","0","52"
"F9","06/05/2024","3376","N709FR","MCI","16:36","16:44","8","0","0","0","0","0"
"F9","06/05/2024","3405","N328FR","SEA","18:47","19:42","55","5","0","0","0","44"
"F9","06/05/2024","3421","N717FR","ELP","12:34","12:26","-8","0","0","0","0","0"
"F9","06/05/2024","3437","N369FR","SFO","22:22","23:44","82","62","0","0","0","0"
"F9","06/05/2024","3566","N605FR","DTW","12:12","12:41","29","0","0","0","0","0"
"F9","06/05/2024","3665","N716FR","SMF","19:36","21:10","94","17","0","0","0","59"
"F9","06/05/2024","3708","N621FR","SAT","18:15","18:26","11","0","0","0","0","0"
"F9","06/05/2024","3861","N718FR","SLC","05:30","05:30","0","0","0","0","0","0"
"F9","06/05/2024","3930","N714FR","PNS","16:34","16:51","17","1","0","0","0","14"
"F9","06/05/2024","3949","N613FR","LAS","22:48","22:42","-6","0","0","0","0","0"
"F9","06/05/2024","3981","N339FR","SLC","11:12","12:13","61","47","0","0","0","0"
"F9","06/05/2024","4070","N613FR","DFW","15:14","15:22","8","0","0","0","0","0"
"F9","06/05/2024","4235","N619FR","SLC","22:38","23:32","54","38","0","10","0","16"
"F9","06/05/2024","4386","N718FR","CID","10:35","10:30","-5","0","0","0","0","0"
"F9","06/05/2024","4464","N375FR","DFW","07:15","07:28","13","13","0","88","0","0"
"F9","06/05/2024","4751","N351FR","PHX","21:55","22:39","44","26","0","0","0","4"
"F9","06/05/2024","4794","N610FR","FAR","10:11","10:05","-6","0","0","0","0","0"
"F9","06/05/2024","4927","N716FR","SAN","12:32","14:02","90","0","0","0","0","66"
"F9","06/05/2024","4967","N370FR","LAS","20:48","20:44","-4","0","0","0","0","0"
"F9","06/06/2024","0686","N233FR","DCA","06:39","07:01","22","0","0","0","0","0"
"F9","06/06/2024","0688","N228FR","DCA","12:35","12:49","14","0","0","0","0","0"
"F9","06/06/2024","0690","N309FR","DCA","16:25","16:36","11","0","0","0","0","0"
"F9","06/06/2024","1093","N328FR","SFO","05:01","04:53","-8","0","0","0","0","0"
"F9","06/06/2024","1114","N718FR","TPA","23:59","01:05","66","0","0","0","0","42"
"F9","06/06/2024","1128","N626FR","OMA","12:34","12:32","-2","0","0","0","0","0"
"F9","06/06/2024","1150","N716FR","MSP","05:01","04:57","-4","0","0","0","0","0"
"F9","06/06/2024","1162","N228FR","HOU","05:11","05:31","20","0","0","0","0","0"
"F9","06/06/2024","1175","N610FR","SEA","08:23","08:31","8","0","0","0","0","0"
"F9","06/06/2024","1228","","MDW","18:19","00:00","0","0","0","0","0","0"
"F9","06/06/2024","1261","N606FR","ONT","09:35","09:45","10","0","0","0","0","0"
"F9","06/06/2024","1280","N720FR","MIA","18:59","19:00","1","0","0","0","0","0"
"F9","06/06/2024","1375","N359FR","PHX","05:11","05:05","-6","0","0","0","0","0"
"F9","06/06/2024","1402","N371FR","BNA","08:42","08:29","-13","0","0","0","0","0"
"F9","06/06/2024","1450","N326FR","ATL","10:37","10:27","-10","0","0","0","0","0"
"F9","06/06/2024","1499","N716FR","ONT","22:24","22:32","8","0","0","0","0","0"
"F9","06/06/2024","1678","N359FR","DSM","10:48","10:44","-4","0","0","0","0","0"
"F9","06/06/2024","1734","N625FR","MCO","00:48","01:02","14","0","0","0","0","0"
"F9","06/06/2024","1789","N715FR","PDX","06:05","05:55","-10","0","0","0","0","0"
"F9","06/06/2024","1816","N310FR","AUS","17:08","17:27","19","0","0","3","0","19"
"F9","06/06/2024","1819","N358FR","PHX","08:51","08:52","1","0","0","0","0","0"
"F9","06/06/2024","1864","N369FR","OKC","09:56","09:47","-9","0","0","0","0","0"
"F9","06/06/2024","1918","N613FR","CLE","06:00","05:55","-5","0","0","0","0","0"
"F9","06/06/2024","1993","N645FR","LAS","10:42","11:30","48","0","0","0","0","34"
"F9","06/06/2024","2015","N620FR","LAS","06:31","06:30","-1","0","0","0","0","0"
"F9","06/06/2024","2098","N233FR","SAT","15:51","15:43","-8","0","0","0","0","0"
"F9","06/06/2024","2108","N230FR","FSD","13:08","13:21","13","0","0","0","0","0"
"F9","06/06/2024","2141","N369FR","PHX","14:41","14:46","5","0","0","0","0","0"
"F9","06/06/2024","2210","N343FR","MDW","07:44","07:38","-6","0","0","0","0","0"
"F9","06/06/2024","2261","N326FR","ELP","05:01","04:55","-6","0","0","0","0","0"
"F9","06/06/2024","2348","N621FR","IND","05:06","05:00","-6","0","0","0","0","0"
"F9","06/06/2024","2349","N381FR","LAS","13:51","13:59","8","0","0","0","0","0"
"F9","06/06/2024","2360","N626FR","MSY","18:00","18:17","17","0","0","0","0","0"
"F9","06/06/2024","2382","N348FR","ORF","06:00","05:58","-2","0","0","0","0","0"
"F9","06/06/2024","2429","N719FR","LAS","16:24","16:41","17","0","0","0","0","0"
"F9","06/06/2024","2438","N390FR","RDU","15:16","15:08","-8","0","0","0","0","0"
"F9","06/06/2024","2632","N398FR","DFW","19:08","20:04","56","0","0","0","0","0"
"F9","06/06/2024","2687","N605FR","PDX","22:10","23:44","94","0","0","0","0","82"
"F9","06/06/2024","2706","N709FR","BWI","07:12","07:09","-3","0","0","0","0","0"
"F9","06/06/2024","2746","N716FR","TPA","11:34","11:37","3","0","0","0","0","0"
"F9","06/06/2024","2817","N626FR","SAN","05:35","05:26","-9","0","0","0","0","0"
"F9","06/06/2024","3004","N718FR","CLT","05:11","05:23","12","12","0","13","0","0"
"F9","06/06/2024","3138","N714FR","MIA","23:59","01:49","110","96","0","0","0","0"
"F9","06/06/2024","3155","N322FR","LAX","19:05","19:03","-2","0","0","0","0","0"
"F9","06/06/2024","3162","N620FR","LGA","16:18","17:26","68","68","0","3","0","0"
"F9","06/06/2024","3172","N371FR","ORD","21:10","21:12","2","0","0","0","0","0"
"F9","06/06/2024","3230","N717FR","IAH","05:40","05:39","-1","0","0","0","0","0"
"F9","06/06/2024","3266","N642FR","PHL","11:07","11:08","1","0","0","0","0","0"
"F9","06/06/2024","3276","N715FR","BMI","13:39","13:29","-10","0","0","0","0","0"
"F9","06/06/2024","3286","N368FR","CVG","07:28","07:25","-3","0","0","0","0","0"
"F9","06/06/2024","3294","","ATL","00:59","00:00","0","0","0","0","0","0"
"F9","06/06/2024","3302","N636FR","STL","11:24","11:20","-4","0","0","0","0","0"
"F9","06/06/2024","3312","N607FR","MCO","09:04","09:11","7","0","0","0","0","0"
"F9","06/06/2024","3340","N642FR","PHL","23:59","02:07","128","115","0","0","0","0"
"F9","06/06/2024","3376","N605FR","MCI","05:35","05:29","-6","0","0","0","0","0"
"F9","06/06/2024","3421","N621FR","ELP","19:34","20:35","61","0","0","0","0","53"
"F9","06/06/2024","3439","N228FR","SFO","22:12","22:14","2","0","0","0","0","0"
"F9","06/06/2024","3467","N339FR","PHX","20:59","20:55","-4","0","0","19","0","0"
"F9","06/06/2024","3566","N710FR","DTW","12:46","12:54","8","0","0","0","0","0"
"F9","06/06/2024","3930","N610FR","PNS","16:32","16:39","7","0","0","0","0","0"
"F9","06/06/2024","3949","N638FR","LAS","22:46","23:45","59","56","0","0","0","0"
"F9","06/06/2024","3981","N309FR","SLC","11:17","11:21","4","0","0","0","0","0"
"F9","06/06/2024","4062","N702FR","MSN","16:51","17:20","29","0","0","0","0","0"
"F9","06/06/2024","4070","N348FR","DFW","15:40","15:54","14","0","0","0","0","0"
"F9","06/06/2024","4235","N233FR","SLC","22:50","22:44","-6","0","0","0","0","0"
"F9","06/06/2024","4251","N709FR","SLC","17:24","17:20","-4","0","0","0","0","0"
"F9","06/06/2024","4344","N230FR","XNA","07:21","07:11","-10","0","0","0","0","0"
"F9","06/06/2024","4371","N359FR","SNA","16:22","16:15","-7","0","0","0","0","0"
"F9","06/06/2024","4374","N606FR","PIT","16:29","16:27","-2","0","0","0","0","0"
"F9","06/06/2024","4386","N717FR","CID","12:52","13:58","66","0","0","0","0","66"
"F9","06/06/2024","4464","N714FR","DFW","07:11","07:03","-8","0","0","0","0","0"
"F9","06/06/2024","4576","N328FR","CMH","12:16","12:09","-7","0","0","0","0","0"
"F9","06/06/2024","4616","N714FR","MSP","13:42","14:09","27","0","0","50","0","0"
"F9","06/06/2024","4626","N638FR","MEM","14:57","14:49","-8","0","0","0","0","0"
"F9","06/06/2024","4647","N305FR","SEA","16:47","17:07","20","0","0","0","0","0"
"F9","06/06/2024","4753","N359FR","PHX","23:30","00:29","59","55","0","0","0","0"
"F9","06/06/2024","4776","N702FR","LIT","10:31","10:26","-5","0","0","0","0","0"
"F9","06/06/2024","4794","N638FR","FAR","08:40","08:32","-8","0","0","0","0","0"
"F9","06/06/2024","4856","N636FR","IAH","18:09","18:25","16","0","0","0","0","0"
"F9","06/06/2024","4927","N621FR","SAN","12:31","12:57","26","0","10","41","0","16"
"F9","06/06/2024","4967","N326FR","LAS","19:04","19:01","-3","0","0","0","0","0"
"F9","06/06/2024","4989","","SAN","19:54","00:00","0","0","0","0","0","0"
"F9","06/07/2024","0686","N230FR","DCA","06:43","07:11","28","0","0","0","0","0"
"F9","06/07/2024","0688","N235FR","DCA","12:44","12:46","2","0","0","0","0","0"
"F9","06/07/2024","0690","N313FR","DCA","16:25","16:34","9","0","0","0","0","0"
"F9","06/07/2024","1066","N612FR","GRB","14:14","14:16","2","0","0","31","0","2"
"F9","06/07/2024","1093","N316FR","SFO","06:31","06:27","-4","0","0","0","0","0"
"F9","06/07/2024","1114","N705FR","TPA","23:59","00:52","53","0","0","0","0","29"
"F9","06/07/2024","1128","N313FR","OMA","11:08","11:18","10","0","0","0","0","0"
"F9","06/07/2024","1162","N233FR","HOU","08:13","08:06","-7","0","0","0","0","0"
"F9","06/07/2024","1175","N228FR","SEA","05:06","11:29","383","369","0","0","0","0"
"F9","06/07/2024","1248","N606FR","GRR","13:03","13:03","0","0","0","0","0","0"
"F9","06/07/2024","1261","N313FR","ONT","05:01","05:19","18","0","0","0","0","0"
"F9","06/07/2024","1280","N720FR","MIA","18:59","19:57","58","21","0","0","0","26"
"F9","06/07/2024","1292","N702FR","MSP","18:59","19:25","26","0","0","0","0","0"
"F9","06/07/2024","1324","N716FR","DFW","05:11","05:52","41","35","0","0","0","0"
"F9","06/07/2024","1402","N612FR","BNA","06:36","06:27","-9","0","0","0","0","0"
"F9","06/07/2024","1450","N621FR","ATL","06:45","06:50","5","0","0","0","0","0"
"F9","06/07/2024","1499","N612FR","ONT","22:20","22:10","-10","0","0","0","0","0"
"F9","06/07/2024","1608","N235FR","MKE","05:06","06:18","72","52","0","0","0","0"
"F9","06/07/2024","1678","N716FR","DSM","11:41","11:32","-9","0","0","0","0","0"
"F9","06/07/2024","1702","N708FR","SYR","12:38","13:23","45","1","0","0","0","23"
"F9","06/07/2024","1734","N370FR","MCO","00:48","01:04","16","0","0","0","0","0"
"F9","06/07/2024","1752","N328FR","CVG","20:24","21:56","92","35","0","0","0","52"
"F9","06/07/2024","1789","N328FR","PDX","05:01","05:21","20","0","0","0","0","0"
"F9","06/07/2024","1816","N717FR","AUS","05:06","04:59","-7","0","0","0","0","0"
"F9","06/07/2024","1819","N339FR","PHX","08:51","08:43","-8","0","0","0","0","0"
"F9","06/07/2024","1864","N710FR","OKC","10:55","12:25","90","82","0","0","0","0"
"F9","06/07/2024","1918","N638FR","CLE","14:16","14:34","18","13","0","10","0","5"
"F9","06/07/2024","1993","N713FR","LAS","10:12","11:15","63","51","0","0","0","0"
"F9","06/07/2024","2015","N620FR","LAS","06:00","06:02","2","0","0","0","0","0"
"F9","06/07/2024","2108","N309FR","FSD","09:57","09:47","-10","0","0","0","0","0"
"F9","06/07/2024","2141","N353FR","PHX","14:37","16:50","133","2","0","0","0","122"
"F9","06/07/2024","2210","N362FR","MDW","08:38","08:38","0","0","0","0","0","0"
"F9","06/07/2024","2261","N610FR","ELP","17:43","18:16","33","0","0","0","0","0"
"F9","06/07/2024","2348","N610FR","IND","10:02","10:00","-2","0","0","0","0","0"
"F9","06/07/2024","2349","N373FR","LAS","13:53","14:42","49","0","0","15","0","35"
"F9","06/07/2024","2356","N639FR","SAT","05:11","05:08","-3","0","0","0","0","0"
"F9","06/07/2024","2360","N639FR","MSY","18:10","18:25","15","0","0","1","0","15"
"F9","06/07/2024","2374","N721FR","TYS","16:39","17:08","29","0","0","0","0","19"
"F9","06/07/2024","2421","","SAN","15:37","00:00","0","0","0","0","0","0"
"F9","06/07/2024","2429","N383FR","LAS","15:53","17:06","73","0","0","54","0","0"
"F9","06/07/2024","2438","N309FR","RDU","15:22","15:20","-2","0","0","0","0","0"
"F9","06/07/2024","2632","N398FR","DFW","18:42","20:49","127","0","0","0","0","0"
"F9","06/07/2024","2687","N644FR","PDX","22:00","21:49","-11","0","0","0","0","0"
"F9","06/07/2024","2746","N631FR","TPA","17:33","17:59","26","0","0","0","0","0"
"F9","06/07/2024","2752","N328FR","BUF","12:15","12:41","26","0","0","0","0","0"
"F9","06/07/2024","2817","N606FR","SAN","05:35","05:34","-1","0","0","17","0","0"
"F9","06/07/2024","2907","N620FR","ONT","20:00","20:50","50","7","0","0","0","38"
"F9","06/07/2024","3004","N715FR","CLT","05:11","06:14","63","55","0","0","0","0"
"F9","06/07/2024","3101","N390FR","MSO","12:00","12:34","34","26","0","0","0","0"
"F9","06/07/2024","3138","N610FR","MIA","23:59","00:03","4","0","0","0","0","0"
"F9","06/07/2024","3162","N331FR","LGA","16:18","16:23","5","0","0","0","0","0"
"F9","06/07/2024","3165","N352FR","LAX","19:05","20:08","63","0","0","0","0","59"
"F9","06/07/2024","3174","N382FR","ORD","17:13","17:14","1","0","0","0","0","0"
"F9","06/07/2024","3219","N621FR","SLC","22:26","23:01","35","0","0","0","0","30"
"F9","06/07/2024","3230","N702FR","IAH","11:24","11:22","-2","0","0","0","0","0"
"F9","06/07/2024","3266","N605FR","PHL","06:36","06:54","18","0","0","0","0","0"
"F9","06/07/2024","3276","N636FR","BMI","11:44","12:01","17","0","0","0","0","0"
"F9","06/07/2024","3294","N326FR","ATL","00:59","02:20","81","0","0","0","0","43"
"F9","06/07/2024","3302","N709FR","STL","06:31","06:29","-2","0","0","0","0","0"
"F9","06/07/2024","3312","N714FR","MCO","10:49","12:28","99","0","0","0","0","82"
"F9","06/07/2024","3340","N605FR","PHL","23:59","23:56","-3","0","0","0","0","0"
"F9","06/07/2024","3376","N644FR","MCI","05:35","05:36","1","0","0","0","0","0"
"F9","06/07/2024","3437","N235FR","SFO","22:22","23:03","41","0","0","0","0","37"
"F9","06/07/2024","3467","N311FR","PHX","20:03","22:06","123","0","0","70","0","45"
"F9","06/07/2024","3566","N638FR","DTW","06:00","06:29","29","0","0","0","0","0"
"F9","06/07/2024","3667","N626FR","SMF","18:31","19:53","82","0","0","0","0","63"
"F9","06/07/2024","3843","N716FR","LAS","17:54","18:19","25","0","0","14","0","5"
"F9","06/07/2024","3861","N636FR","SLC","06:31","06:36","5","0","0","0","0","0"
"F9","06/07/2024","3930","N718FR","PNS","16:48","18:02","74","46","0","0","0","10"
"F9","06/07/2024","3949","N708FR","LAS","22:46","22:44","-2","0","0","0","0","0"
"F9","06/07/2024","3981","N330FR","SLC","14:35","14:44","9","0","0","0","0","0"
"F9","06/07/2024","4062","N390FR","MSN","16:51","19:27","156","0","0","0","0","141"
"F9","06/07/2024","4070","N621FR","DFW","15:26","15:32","6","0","0","11","0","6"
"F9","06/07/2024","4344","N639FR","XNA","11:56","12:39","43","0","0","0","0","28"
"F9","06/07/2024","4371","N228FR","SNA","17:48","18:53","65","0","0","0","0","52"
"F9","06/07/2024","4386","N718FR","CID","10:31","10:22","-9","0","0","0","0","0"
"F9","06/07/2024","4464","N386FR","DFW","07:15","07:14","-1","0","0","0","0","0"
"F9","06/07/2024","4616","N702FR","MSP","05:01","05:05","4","0","0","0","0","0"
"F9","06/07/2024","4647","N620FR","SEA","12:32","12:51","19","0","0","0","0","0"
"F9","06/07/2024","4753","N351FR","PHX","23:30","00:03","33","0","0","0","0","30"
"F9","06/07/2024","4794","N609FR","FAR","11:43","20:36","533","1","0","0","0","532"
"F9","06/07/2024","4856","N305FR","IAH","18:00","18:15","15","0","0","0","0","0"
"F9","06/07/2024","4927","N626FR","SAN","11:28","12:08","40","0","0","59","0","0"
"F9","06/07/2024","4989","","SAN","19:54","00:00","0","0","0","0","0","0"
"F9","06/08/2024","0686","N324FR","DCA","06:39","06:35","-4","0","0","0","0","0"
"F9","06/08/2024","0688","N353FR","DCA","12:44","13:38","54","0","23","3","0","31"
"F9","06/08/2024","0690","N337FR","DCA","16:25","18:16","111","7","0","0","0","103"
"F9","06/08/2024","1093","N389FR","SFO","06:31","06:35","4","0","0","0","0","0"
"F9","06/08/2024","1114","N624FR","TPA","23:59","23:57","-2","0","0","0","0","0"
"F9","06/08/2024","1128","N620FR","OMA","12:31","12:25","-6","0","0","0","0","0"
"F9","06/08/2024","1150","N230FR","MSP","05:06","05:40","34","23","0","0","0","0"
"F9","06/08/2024","1162","N305FR","HOU","05:01","05:00","-1","0","0","0","0","0"
"F9","06/08/2024","1175","N621FR","SEA","08:23","08:15","-8","0","0","0","0","0"
"F9","06/08/2024","1228","N230FR","MDW","18:04","21:21","197","16","0","4","0","181"
"F9","06/08/2024","1248","N636FR","GRR","10:31","10:49","18","0","0","0","0","0"
"F9","06/08/2024","1261","N310FR","ONT","12:15","13:13","58","0","9","0","0","32"
"F9","06/08/2024","1280","N309FR","MIA","18:07","19:45","98","44","0","30","0","54"
"F9","06/08/2024","1325","N235FR","LAS","13:53","15:14","81","10","0","16","0","71"
"F9","06/08/2024","1402","N715FR","BNA","14:17","14:57","40","0","17","21","0","23"
"F9","06/08/2024","1450","N230FR","ATL","11:14","11:48","34","19","0","0","0","7"
"F9","06/08/2024","1465","N626FR","LAS","15:53","17:17","84","0","17","0","0","66"
"F9","06/08/2024","1608","N316FR","MKE","05:15","05:36","21","0","0","0","0","0"
"F9","06/08/2024","1678","N638FR","DSM","17:35","19:14","99","5","0","19","0","94"
"F9","06/08/2024","1702","N609FR","SYR","12:54","12:55","1","0","0","0","0","0"
"F9","06/08/2024","1734","N626FR","MCO","00:48","02:30","102","0","0","0","0","94"
"F9","06/08/2024","1789","N353FR","PDX","05:55","05:58","3","0","0","0","0","0"
"F9","06/08/2024","1816","N639FR","AUS","05:01","04:59","-2","0","0","0","0","0"
"F9","06/08/2024","1864","N313FR","OKC","09:57","11:07","70","0","0","0","0","55"
"F9","06/08/2024","1993","N604FR","LAS","10:07","10:02","-5","0","0","0","0","0"
"F9","06/08/2024","2015","N715FR","LAS","05:30","05:18","-12","0","0","0","0","0"
"F9","06/08/2024","2098","N701FR","SAT","10:44","10:55","11","0","0","0","0","0"
"F9","06/08/2024","2105","N702FR","PHX","16:53","19:28","155","107","0","0","0","33"
"F9","06/08/2024","2108","N324FR","FSD","14:39","16:01","82","0","39","1","0","43"
"F9","06/08/2024","2141","N645FR","PHX","14:23","15:31","68","36","0","0","0","27"
"F9","06/08/2024","2148","N639FR","DFW","11:39","11:33","-6","0","0","26","0","0"
"F9","06/08/2024","2210","N343FR","MDW","08:25","10:24","119","0","0","0","0","111"
"F9","06/08/2024","2261","N609FR","ELP","07:00","07:00","0","0","0","0","0","0"
"F9","06/08/2024","2348","N704FR","IND","05:21","05:23","2","0","0","0","0","0"
"F9","06/08/2024","2356","N228FR","SAT","06:30","06:21","-9","0","0","0","0","0"
"F9","06/08/2024","2374","N316FR","TYS","12:10","12:45","35","23","0","0","0","3"
"F9","06/08/2024","2421","N721FR","SAN","15:27","15:35","8","0","0","0","0","0"
"F9","06/08/2024","2438","N367FR","RDU","15:20","15:57","37","0","0","0","0","0"
"F9","06/08/2024","2577","N367FR","SNA","08:00","08:00","0","0","0","0","0","0"
"F9","06/08/2024","2632","N711FR","DFW","18:40","20:11","91","10","0","48","0","81"
"F9","06/08/2024","2687","N715FR","PDX","22:10","23:48","98","0","0","0","0","94"
"F9","06/08/2024","2706","N720FR","BWI","11:05","11:08","3","0","0","0","0","0"
"F9","06/08/2024","2746","N722FR","TPA","17:33","17:45","12","12","0","11","0","0"
"F9","06/08/2024","2752","N621FR","BUF","16:37","16:53","16","0","2","5","0","14"
"F9","06/08/2024","2817","N620FR","SAN","05:36","05:27","-9","0","0","0","0","0"
"F9","06/08/2024","3004","N644FR","CLT","05:31","05:29","-2","0","0","0","0","0"
"F9","06/08/2024","3101","N305FR","MSO","12:17","12:08","-9","0","0","0","0","0"
"F9","06/08/2024","3138","N718FR","MIA","23:59","00:16","17","17","0","6","0","0"
"F9","06/08/2024","3162","N313FR","LGA","16:18","16:32","14","0","0","0","0","0"
"F9","06/08/2024","3165","N376FR","LAX","19:05","19:40","35","0","0","0","0","22"
"F9","06/08/2024","3174","N305FR","ORD","17:31","18:14","43","0","0","3","0","43"
"F9","06/08/2024","3219","N720FR","SLC","22:28","00:26","118","118","0","28","0","0"
"F9","06/08/2024","3230","","IAH","05:06","00:00","0","0","0","0","0","0"
"F9","06/08/2024","3266","N702FR","PHL","06:45","07:21","36","0","0","0","0","0"
"F9","06/08/2024","3286","N718FR","CVG","05:38","05:44","6","0","0","0","0","0"
"F9","06/08/2024","3294","N390FR","ATL","00:59","02:09","70","0","0","0","0","47"
"F9","06/08/2024","3302","N612FR","STL","06:20","06:14","-6","0","0","0","0","0"
"F9","06/08/2024","3312","N705FR","MCO","10:46","10:48","2","0","0","0","0","0"
"F9","06/08/2024","3340","N642FR","PHL","23:59","01:21","82","40","0","0","0","35"
"F9","06/08/2024","3376","N708FR","MCI","05:01","05:41","40","25","0","0","0","4"
"F9","06/08/2024","3405","N717FR","SEA","19:34","19:47","13","0","13","27","0","0"
"F9","06/08/2024","3439","N353FR","SFO","22:12","23:53","101","6","0","0","0","77"
"F9","06/08/2024","3566","N613FR","DTW","12:41","12:51","10","0","7","44","0","3"
"F9","06/08/2024","3665","N324FR","SMF","19:45","21:29","104","24","0","0","0","73"
"F9","06/08/2024","3825","N609FR","ONT","22:37","23:10","33","25","0","2","0","8"
"F9","06/08/2024","3930","N708FR","PNS","13:24","13:41","17","0","17","1","0","0"
"F9","06/08/2024","3951","N708FR","LAS","23:02","23:20","18","0","0","0","0","0"
"F9","06/08/2024","3981","N309FR","SLC","11:13","12:34","81","0","0","25","0","81"
"F9","06/08/2024","4053","N236FR","SAN","10:47","11:23","36","0","0","0","0","30"
"F9","06/08/2024","4062","N639FR","MSN","18:21","19:08","47","0","0","7","0","47"
"F9","06/08/2024","4344","N717FR","XNA","12:31","12:49","18","0","0","0","0","0"
"F9","06/08/2024","4386","N620FR","CID","17:54","18:40","46","10","0","11","0","36"
"F9","06/08/2024","4638","N704FR","CLE","18:54","20:38","104","0","0","0","0","74"
"F9","06/08/2024","4721","N316FR","SLC","20:08","22:08","120","19","0","0","0","95"
"F9","06/08/2024","4753","N330FR","PHX","23:30","00:15","45","40","0","0","0","0"
"F9","06/08/2024","4794","N721FR","FAR","09:25","09:23","-2","0","0","0","0","0"
"F9","06/08/2024","4856","N636FR","IAH","18:12","19:12","60","0","15","3","0","45"
"F9","06/08/2024","4927","N704FR","SAN","12:51","12:56","5","0","0","0","0","0"
"F9","06/08/2024","4967","N352FR","LAS","21:00","21:17","17","0","0","0","0","17"
"F9","06/09/2024","0686","N230FR","DCA","06:41","06:59","18","0","0","0","0","0"
"F9","06/09/2024","0688","N383FR","DCA","12:42","12:58","16","0","0","0","0","0"
"F9","06/09/2024","0690","N335FR","DCA","16:25","16:53","28","0","22","0","0","0"
"F9","06/09/2024","1093","N324FR","SFO","05:11","05:09","-2","0","0","0","0","0"
"F9","06/09/2024","1114","N715FR","TPA","23:59","00:28","29","0","0","0","0","0"
"F9","06/09/2024","1128","N720FR","OMA","08:18","08:43","25","0","0","0","0","21"
"F9","06/09/2024","1150","N702FR","MSP","05:06","05:40","34","34","0","8","0","0"
"F9","06/09/2024","1162","N383FR","HOU","05:22","06:06","44","18","0","0","0","0"
"F9","06/09/2024","1175","N701FR","SEA","07:10","07:28","18","0","0","0","0","0"
"F9","06/09/2024","1261","N228FR","ONT","09:15","09:03","-12","0","0","0","0","0"
"F9","06/09/2024","1280","N705FR","MIA","18:59","19:04","5","0","0","0","0","0"
"F9","06/09/2024","1375","N335FR","PHX","05:11","05:15","4","0","0","0","0","0"
"F9","06/09/2024","1402","","BNA","08:42","00:00","0","0","0","0","0","0"
"F9","06/09/2024","1450","N313FR","ATL","10:37","10:30","-7","0","0","0","0","0"
"F9","06/09/2024","1499","N645FR","ONT","22:37","22:38","1","0","0","0","0","0"
"F9","06/09/2024","1560","N639FR","MSN","15:37","15:30","-7","0","0","0","0","0"
"F9","06/09/2024","1678","N335FR","DSM","10:48","10:41","-7","0","0","0","0","0"
"F9","06/09/2024","1734","","MCO","00:48","00:00","0","0","0","0","0","0"
"F9","06/09/2024","1789","N721FR","PDX","07:00","07:44","44","44","0","9","0","0"
"F9","06/09/2024","1816","N380FR","AUS","17:06","17:53","47","0","0","24","0","47"
"F9","06/09/2024","1819","N393FR","PHX","08:55","09:03","8","0","0","0","0","0"
"F9","06/09/2024","1864","N337FR","OKC","09:57","09:47","-10","0","0","0","0","0"
"F9","06/09/2024","1918","N609FR","CLE","06:00","05:54","-6","0","0","0","0","0"
"F9","06/09/2024","1993","N722FR","LAS","10:42","10:46","4","0","0","0","0","0"
"F9","06/09/2024","2015","N644FR","LAS","06:31","08:36","125","110","0","0","0","0"
"F9","06/09/2024","2108","N644FR","FSD","12:51","14:50","119","0","0","0","0","112"
"F9","06/09/2024","2141","N233FR","PHX","14:43","18:04","201","10","0","10","0","191"
"F9","06/09/2024","2210","N389FR","MDW","07:48","07:38","-10","0","0","0","0","0"
"F9","06/09/2024","2261","N313FR","ELP","05:01","04:50","-11","0","0","0","0","0"
"F9","06/09/2024","2348","N621FR","IND","05:25","05:23","-2","0","0","0","0","0"
"F9","06/09/2024","2349","N310FR","LAS","13:53","13:53","0","0","0","0","0","0"
"F9","06/09/2024","2360","N324FR","MSY","18:17","18:21","4","0","0","0","0","0"
"F9","06/09/2024","2382","N639FR","ORF","05:40","05:35","-5","0","0","0","0","0"
"F9","06/09/2024","2429","N708FR","LAS","15:59","17:47","108","0","0","0","0","91"
"F9","06/09/2024","2438","N337FR","RDU","15:22","15:10","-12","0","0","0","0","0"
"F9","06/09/2024","2577","N230FR","SNA","15:58","16:39","41","33","0","0","0","0"
"F9","06/09/2024","2632","N702FR","DFW","18:38","18:58","20","0","0","0","0","0"
"F9","06/09/2024","2687","N383FR","PDX","22:10","22:07","-3","0","0","0","0","0"
"F9","06/09/2024","2706","N717FR","BWI","12:34","12:30","-4","0","0","0","0","0"
"F9","06/09/2024","2746","N721FR","TPA","14:27","15:13","46","0","0","0","0","32"
"F9","06/09/2024","2817","N717FR","SAN","05:35","05:37","2","0","0","0","0","0"
"F9","06/09/2024","2946","N367FR","MDW","15:46","16:49","63","0","30","0","0","26"
"F9","06/09/2024","3004","N638FR","CLT","05:01","04:58","-3","0","0","0","0","0"
"F9","06/09/2024","3138","N638FR","MIA","23:59","00:08","9","0","0","0","0","0"
"F9","06/09/2024","3155","N378FR","LAX","19:05","21:20","135","0","0","77","0","135"
"F9","06/09/2024","3162","N228FR","LGA","16:18","17:08","50","0","41","0","0","0"
"F9","06/09/2024","3172","N382FR","ORD","21:10","23:12","122","6","0","11","0","116"
"F9","06/09/2024","3230","N711FR","IAH","05:01","05:05","4","0","0","0","0","0"
"F9","06/09/2024","3266","","PHL","11:07","00:00","0","0","0","0","0","0"
"F9","06/09/2024","3276","N326FR","BMI","14:06","13:53","-13","0","0","0","0","0"
"F9","06/09/2024","3286","N351FR","CVG","07:28","08:21","53","43","0","0","0","0"
"F9","06/09/2024","3294","N305FR","ATL","00:59","01:09","10","0","0","0","0","0"
"F9","06/09/2024","3302","N702FR","STL","11:29","11:58","29","0","0","0","0","18"
"F9","06/09/2024","3312","N718FR","MCO","09:04","13:08","244","12","0","0","0","209"
"F9","06/09/2024","3340","N716FR","PHL","23:59","00:06","7","0","0","0","0","0"
"F9","06/09/2024","3376","N645FR","MCI","05:35","05:33","-2","0","0","0","0","0"
"F9","06/09/2024","3421","N711FR","ELP","19:25","21:02","97","0","0","0","0","94"
"F9","06/09/2024","3439","N639FR","SFO","22:12","22:15","3","0","0","0","0","0"
"F9","06/09/2024","3467","N311FR","PHX","20:59","21:41","42","9","0","19","0","33"
"F9","06/09/2024","3566","N640FR","DTW","12:42","12:46","4","0","0","0","0","0"
"F9","06/09/2024","3708","N644FR","SAT","18:39","20:37","118","0","0","2","0","118"
"F9","06/09/2024","3930","N720FR","PNS","13:37","13:28","-9","0","0","0","0","0"
"F9","06/09/2024","3949","N720FR","LAS","22:46","22:38","-8","0","0","0","0","0"
"F9","06/09/2024","3981","N367FR","SLC","11:17","11:33","16","0","0","0","0","0"
"F9","06/09/2024","4070","N701FR","DFW","15:14","15:07","-7","0","0","0","0","0"
"F9","06/09/2024","4235","N330FR","SLC","22:37","22:43","6","0","0","0","0","0"
"F9","06/09/2024","4251","N604FR","SLC","17:12","18:00","48","0","7","0","0","36"
"F9","06/09/2024","4344","N705FR","XNA","12:32","12:19","-13","0","0","0","0","0"
"F9","06/09/2024","4374","N715FR","PIT","14:42","14:43","1","0","0","0","0","0"
"F9","06/09/2024","4386","N324FR","CID","12:21","12:44","23","0","0","0","0","0"
"F9","06/09/2024","4464","N326FR","DFW","07:20","08:01","41","34","0","0","0","0"
"F9","06/09/2024","4576","N620FR","CMH","16:05","17:02","57","0","32","0","0","17"
"F9","06/09/2024","4616","N621FR","MSP","13:01","13:10","9","0","0","0","0","0"
"F9","06/09/2024","4626","N715FR","MEM","07:05","07:42","37","3","0","0","0","16"
"F9","06/09/2024","4647","N364FR","SEA","17:10","17:30","20","0","0","7","0","20"
"F9","06/09/2024","4753","N358FR","PHX","23:30","00:41","71","0","0","0","0","59"
"F9","06/09/2024","4776","N604FR","LIT","10:31","10:26","-5","0","0","0","0","0"
"F9","06/09/2024","4794","N705FR","FAR","06:31","06:50","19","0","0","0","0","0"
"F9","06/09/2024","4856","N635FR","IAH","18:28","19:14","46","1","0","0","0","30"
"F9","06/09/2024","4927","N711FR","SAN","12:21","12:19","-2","0","0","0","0","0"
"F9","06/09/2024","4967","N313FR","LAS","19:04","19:28","24","0","0","0","0","0"
"F9","06/09/2024","4989","N326FR","SAN","19:54","21:49","115","46","0","0","0","56"
"F9","06/10/2024","0686","N383FR","DCA","06:39","06:31","-8","0","0","0","0","0"
"F9","06/10/2024","0688","N230FR","DCA","12:42","13:34","52","5","0","21","0","47"
"F9","06/10/2024","0690","N347FR","DCA","16:25","16:20","-5","0","0","0","0","0"
"F9","06/10/2024","1066","N701FR","GRB","11:40","11:39","-1","0","0","0","0","0"
"F9","06/10/2024","1093","N324FR","SFO","06:31","06:21","-10","0","0","0","0","0"
"F9","06/10/2024","1114","N638FR","TPA","23:59","23:58","-1","0","0","0","0","0"
"F9","06/10/2024","1128","N722FR","OMA","12:20","12:10","-10","0","0","0","0","0"
"F9","06/10/2024","1162","N330FR","HOU","08:13","08:06","-7","0","0","0","0","0"
"F9","06/10/2024","1175","N230FR","SEA","05:06","05:02","-4","0","0","42","0","0"
"F9","06/10/2024","1248","N603FR","GRR","13:07","14:15","68","0","0","0","0","60"
"F9","06/10/2024","1261","N228FR","ONT","05:01","04:56","-5","0","0","0","0","0"
"F9","06/10/2024","1280","N717FR","MIA","18:59","21:18","139","19","0","0","0","112"
"F9","06/10/2024","1292","N701FR","MSP","18:59","19:19","20","0","0","0","0","15"
"F9","06/10/2024","1324","N639FR","DFW","05:11","05:56","45","10","0","25","0","35"
"F9","06/10/2024","1402","N644FR","BNA","08:05","07:59","-6","0","0","0","0","0"
"F9","06/10/2024","1450","N621FR","ATL","06:45","06:48","3","0","0","0","0","0"
"F9","06/10/2024","1499","N639FR","ONT","22:39","22:31","-8","0","0","0","0","0"
"F9","06/10/2024","1608","N702FR","MKE","07:00","07:38","38","21","0","0","0","0"
"F9","06/10/2024","1678","N637FR","DSM","17:30","18:21","51","0","0","0","0","51"
"F9","06/10/2024","1702","N720FR","SYR","12:38","12:45","7","0","0","0","0","0"
"F9","06/10/2024","1734","N714FR","MCO","00:48","00:57","9","0","0","0","0","0"
"F9","06/10/2024","1789","N364FR","PDX","05:01","05:19","18","0","0","0","0","0"
"F9","06/10/2024","1816","N711FR","AUS","05:01","05:14","13","13","0","8","0","0"
"F9","06/10/2024","1819","N236FR","PHX","08:51","08:46","-5","0","0","0","0","0"
"F9","06/10/2024","1864","N638FR","OKC","11:07","11:02","-5","0","0","0","0","0"
"F9","06/10/2024","1918","N644FR","CLE","15:51","15:39","-12","0","0","0","0","0"
"F9","06/10/2024","1993","N633FR","LAS","10:12","10:11","-1","0","0","0","0","0"
"F9","06/10/2024","2015","N645FR","LAS","06:00","06:00","0","0","0","0","0","0"
"F9","06/10/2024","2108","N367FR","FSD","11:14","13:11","117","10","0","0","0","107"
"F9","06/10/2024","2141","N326FR","PHX","14:31","18:25","234","0","0","0","0","229"
"F9","06/10/2024","2210","","MDW","08:38","00:00","0","0","0","0","0","0"
"F9","06/10/2024","2348","N636FR","IND","10:00","09:51","-9","0","0","0","0","0"
"F9","06/10/2024","2349","N330FR","LAS","13:53","15:11","78","0","0","0","0","55"
"F9","06/10/2024","2356","N604FR","SAT","05:06","05:04","-2","0","0","0","0","0"
"F9","06/10/2024","2374","N719FR","TYS","16:48","17:10","22","16","0","0","0","0"
"F9","06/10/2024","2421","N638FR","SAN","15:37","16:37","60","0","0","10","0","60"
"F9","06/10/2024","2429","N235FR","LAS","15:57","23:32","455","0","0","0","0","436"
"F9","06/10/2024","2438","N335FR","RDU","15:20","15:18","-2","0","0","0","0","0"
"F9","06/10/2024","2632","N711FR","DFW","18:35","19:36","61","0","0","0","0","54"
"F9","06/10/2024","2687","N230FR","PDX","22:10","23:18","68","0","0","0","0","53"
"F9","06/10/2024","2746","N604FR","TPA","17:33","18:54","81","71","0","0","0","0"
"F9","06/10/2024","2752","N639FR","BUF","11:39","12:44","65","0","0","0","0","59"
"F9","06/10/2024","2817","N720FR","SAN","05:35","05:36","1","0","0","0","0","0"
"F9","06/10/2024","2907","N620FR","ONT","19:10","19:56","46","0","0","0","0","35"
"F9","06/10/2024","3004","N721FR","CLT","05:31","05:25","-6","0","0","0","0","0"
"F9","06/10/2024","3101","N364FR","MSO","12:14","12:17","3","0","0","0","0","0"
"F9","06/10/2024","3138","N635FR","MIA","23:59","23:58","-1","0","0","24","0","0"
"F9","06/10/2024","3162","N383FR","LGA","16:18","16:13","-5","0","0","0","0","0"
"F9","06/10/2024","3165","N339FR","LAX","19:05","19:20","15","0","0","0","0","0"
"F9","06/10/2024","3174","N344FR","ORD","17:13","17:19","6","0","0","0","0","0"
"F9","06/10/2024","3228","N702FR","IAH","14:25","14:18","-7","0","0","15","0","0"
"F9","06/10/2024","3230","N620FR","IAH","05:11","05:07","-4","0","0","0","0","0"
"F9","06/10/2024","3266","N717FR","PHL","06:31","07:00","29","18","0","0","0","0"
"F9","06/10/2024","3286","N635FR","CVG","05:33","05:57","24","0","0","0","0","0"
"F9","06/10/2024","3294","N368FR","ATL","00:59","00:53","-6","0","0","0","0","0"
"F9","06/10/2024","3302","N629FR","STL","06:20","06:16","-4","0","0","0","0","0"
"F9","06/10/2024","3312","N624FR","MCO","10:46","11:01","15","0","0","0","0","0"
"F9","06/10/2024","3340","N642FR","PHL","23:59","00:01","2","0","0","0","0","0"
"F9","06/10/2024","3376","N335FR","MCI","09:56","09:54","-2","0","0","0","0","0"
"F9","06/10/2024","3421","N228FR","ELP","18:27","18:20","-7","0","0","0","0","0"
"F9","06/10/2024","3439","N621FR","SFO","22:12","22:45","33","33","0","11","0","0"
"F9","06/10/2024","3467","N233FR","PHX","20:03","20:09","6","0","0","0","0","0"
"F9","06/10/2024","3566","N367FR","DTW","05:10","05:11","1","0","0","0","0","0"
"F9","06/10/2024","3665","N610FR","SMF","18:17","19:24","67","0","0","0","0","56"
"F9","06/10/2024","3843","N636FR","LAS","18:00","17:55","-5","0","0","0","0","0"
"F9","06/10/2024","3861","N701FR","SLC","06:31","06:42","11","0","0","0","0","0"
"F9","06/10/2024","3930","N722FR","PNS","16:39","17:55","76","3","0","0","0","73"
"F9","06/10/2024","3949","N702FR","LAS","22:46","23:07","21","21","0","0","0","0"
"F9","06/10/2024","3981","N391FR","SLC","14:35","18:10","215","0","0","0","0","199"
"F9","06/10/2024","4062","N380FR","MSN","16:55","21:35","280","0","0","2","0","280"
"F9","06/10/2024","4070","N621FR","DFW","15:26","15:31","5","0","0","0","0","0"
"F9","06/10/2024","4235","N606FR","SLC","22:58","22:56","-2","0","0","0","0","0"
"F9","06/10/2024","4371","N228FR","SNA","11:29","11:26","-3","0","0","0","0","0"
"F9","06/10/2024","4386","N719FR","CID","10:31","10:25","-6","0","0","0","0","0"
"F9","06/10/2024","4464","N389FR","DFW","07:15","07:05","-10","0","0","17","0","0"
"F9","06/10/2024","4616","N620FR","MSP","12:43","12:48","5","0","0","0","0","0"
"F9","06/10/2024","4647","N380FR","SEA","13:16","14:05","49","20","0","20","0","29"
"F9","06/10/2024","4753","N369FR","PHX","23:30","00:20","50","44","0","0","0","0"
"F9","06/10/2024","4794","N604FR","FAR","11:56","11:48","-8","0","0","0","0","0"
"F9","06/10/2024","4856","N364FR","IAH","18:16","18:10","-6","0","0","0","0","0"
"F9","06/10/2024","4927","N711FR","SAN","11:33","12:59","86","0","0","0","0","67"
"F9","06/10/2024","4989","N367FR","SAN","19:57","20:24","27","26","0","0","0","0"
"F9","06/11/2024","0686","N364FR","DCA","06:39","06:28","-11","0","0","0","0","0"
"F9","06/11/2024","0688","N308FR","DCA","12:42","12:59","17","0","0","0","0","0"
"F9","06/11/2024","0690","N335FR","DCA","16:25","16:25","0","0","0","0","0","0"
"F9","06/11/2024","1093","N308FR","SFO","05:25","05:23","-2","0","0","0","0","0"
"F9","06/11/2024","1114","N720FR","TPA","23:59","23:59","0","0","0","0","0","0"
"F9","06/11/2024","1128","N614FR","OMA","13:00","13:14","14","14","0","5","0","0"
"F9","06/11/2024","1150","N610FR","MSP","05:01","04:55","-6","0","0","0","0","0"
"F9","06/11/2024","1162","N318FR","HOU","11:11","11:07","-4","0","0","0","0","0"
"F9","06/11/2024","1175","N701FR","SEA","06:36","06:33","-3","0","0","0","0","0"
"F9","06/11/2024","1261","N614FR","ONT","06:05","06:07","2","0","0","0","0","0"
"F9","06/11/2024","1280","N717FR","MIA","18:59","20:14","75","32","0","0","0","23"
"F9","06/11/2024","1375","N644FR","PHX","05:01","04:56","-5","0","0","0","0","0"
"F9","06/11/2024","1402","N359FR","BNA","08:42","08:40","-2","0","0","0","0","0"
"F9","06/11/2024","1450","N228FR","ATL","06:31","06:27","-4","0","0","21","0","0"
"F9","06/11/2024","1465","N640FR","LAS","15:56","18:00","124","0","0","0","0","104"
"F9","06/11/2024","1499","N719FR","ONT","22:39","23:00","21","0","0","0","0","0"
"F9","06/11/2024","1734","N619FR","MCO","00:48","00:57","9","0","0","0","0","0"
"F9","06/11/2024","1789","N719FR","PDX","05:06","05:00","-6","0","0","0","0","0"
"F9","06/11/2024","1816","N711FR","AUS","05:01","05:11","10","10","0","17","0","0"
"F9","06/11/2024","1864","N720FR","OKC","14:49","15:01","12","0","0","0","0","0"
"F9","06/11/2024","1918","N702FR","CLE","06:00","05:59","-1","0","0","0","0","0"
"F9","06/11/2024","1993","N637FR","LAS","10:00","10:17","17","0","0","0","0","0"
"F9","06/11/2024","2015","N380FR","LAS","07:15","07:11","-4","0","0","0","0","0"
"F9","06/11/2024","2141","N324FR","PHX","14:43","15:58","75","68","0","0","0","0"
"F9","06/11/2024","2148","N719FR","DFW","12:32","12:45","13","0","0","0","0","0"
"F9","06/11/2024","2210","N316FR","MDW","09:45","09:41","-4","0","0","0","0","0"
"F9","06/11/2024","2261","N606FR","ELP","08:23","08:24","1","0","0","0","0","0"
"F9","06/11/2024","2348","N353FR","IND","17:05","16:58","-7","0","0","16","0","0"
"F9","06/11/2024","2349","N238FR","LAS","13:53","16:14","141","0","0","0","0","126"
"F9","06/11/2024","2360","N610FR","MSY","17:49","17:49","0","0","0","0","0","0"
"F9","06/11/2024","2382","N607FR","ORF","12:34","12:30","-4","0","0","0","0","0"
"F9","06/11/2024","2421","N644FR","SAN","17:10","17:28","18","0","0","0","0","0"
"F9","06/11/2024","2438","N228FR","RDU","15:22","15:21","-1","0","0","0","0","0"
"F9","06/11/2024","2632","N614FR","DFW","18:26","18:49","23","0","0","0","0","18"
"F9","06/11/2024","2687","N308FR","PDX","22:10","22:20","10","0","0","0","0","0"
"F9","06/11/2024","2706","N606FR","BWI","14:15","14:05","-10","0","0","0","0","0"
"F9","06/11/2024","2817","N607FR","SAN","05:35","05:26","-9","0","0","0","0","0"
"F9","06/11/2024","2946","N313FR","MDW","13:46","15:08","82","11","0","0","0","57"
"F9","06/11/2024","3004","N620FR","CLT","05:11","05:12","1","1","0","21","0","0"
"F9","06/11/2024","3138","N620FR","MIA","23:59","00:14","15","0","0","0","0","0"
"F9","06/11/2024","3162","N364FR","LGA","16:18","16:08","-10","0","0","0","0","0"
"F9","06/11/2024","3165","N229FR","LAX","19:05","19:03","-2","0","0","0","0","0"
"F9","06/11/2024","3172","N359FR","ORD","21:10","21:04","-6","0","0","0","0","0"
"F9","06/11/2024","3228","N361FR","IAH","16:48","16:38","-10","0","0","35","0","0"
"F9","06/11/2024","3230","N307FR","IAH","08:42","10:17","95","0","0","24","0","95"
"F9","06/11/2024","3266","N635FR","PHL","11:07","11:13","6","0","0","0","0","0"
"F9","06/11/2024","3276","N329FR","BMI","13:08","13:32","24","0","0","0","0","0"
"F9","06/11/2024","3286","N230FR","CVG","07:28","07:26","-2","0","0","0","0","0"
"F9","06/11/2024","3294","N344FR","ATL","00:59","01:33","34","0","0","0","0","0"
"F9","06/11/2024","3302","N711FR","STL","11:39","11:35","-4","0","0","0","0","0"
"F9","06/11/2024","3312","N613FR","MCO","10:21","10:21","0","0","0","0","0","0"
"F9","06/11/2024","3340","N711FR","PHL","23:59","00:50","51","0","0","0","0","38"
"F9","06/11/2024","3376","N639FR","MCI","05:35","05:31","-4","0","0","0","0","0"
"F9","06/11/2024","3439","N607FR","SFO","22:12","22:11","-1","0","0","0","0","0"
"F9","06/11/2024","3467","N236FR","PHX","20:18","20:16","-2","0","0","0","0","0"
"F9","06/11/2024","3566","N629FR","DTW","12:31","12:27","-4","0","0","0","0","0"
"F9","06/11/2024","3930","N621FR","PNS","15:54","15:48","-6","0","0","0","0","0"
"F9","06/11/2024","3951","N603FR","LAS","23:16","23:31","15","0","0","0","0","0"
"F9","06/11/2024","3981","N335FR","SLC","11:17","11:11","-6","0","0","0","0","0"
"F9","06/11/2024","4235","N358FR","SLC","22:36","22:32","-4","0","0","0","0","0"
"F9","06/11/2024","4251","N367FR","SLC","17:45","17:45","0","0","0","16","0","0"
"F9","06/11/2024","4344","N610FR","XNA","11:38","11:31","-7","0","0","0","0","0"
"F9","06/11/2024","4371","N318FR","SNA","18:34","18:38","4","0","0","0","0","0"
"F9","06/11/2024","4374","N720FR","PIT","06:00","06:00","0","0","0","0","0","0"
"F9","06/11/2024","4386","N644FR","CID","10:58","10:53","-5","0","0","0","0","0"
"F9","06/11/2024","4464","N383FR","DFW","09:22","09:52","30","18","0","0","0","0"
"F9","06/11/2024","4576","N701FR","CMH","14:47","14:49","2","0","0","0","0","0"
"F9","06/11/2024","4616","N347FR","MSP","15:15","17:20","125","3","0","12","0","122"
"F9","06/11/2024","4626","N358FR","MEM","15:43","15:46","3","0","0","0","0","0"
"F9","06/11/2024","4647","N715FR","SEA","17:10","17:16","6","0","0","0","0","0"
"F9","06/11/2024","4753","N324FR","PHX","23:30","23:37","7","0","0","0","0","0"
"F9","06/11/2024","4776","N715FR","LIT","10:31","10:25","-6","0","0","0","0","0"
"F9","06/11/2024","4794","N347FR","FAR","09:57","09:49","-8","0","0","20","0","0"
"F9","06/11/2024","4967","N711FR","LAS","18:22","18:57","35","0","0","0","0","0"
"F9","06/11/2024","4989","N391FR","SAN","19:54","20:18","24","10","0","5","0","14"
"F9","06/12/2024","0686","N329FR","DCA","06:35","06:24","-11","0","0","0","0","0"
"F9","06/12/2024","0688","N318FR","DCA","12:42","14:25","103","5","0","5","0","98"
"F9","06/12/2024","0690","N376FR","DCA","16:25","16:38","13","0","0","39","0","13"
"F9","06/12/2024","1066","N614FR","GRB","09:25","09:20","-5","0","0","0","0","0"
"F9","06/12/2024","1093","N308FR","SFO","06:31","06:25","-6","0","0","0","0","0"
"F9","06/12/2024","1114","N621FR","TPA","23:59","23:58","-1","0","0","0","0","0"
"F9","06/12/2024","1128","N376FR","OMA","11:13","11:26","13","0","0","0","0","0"
"F9","06/12/2024","1175","N318FR","SEA","05:06","05:47","41","41","0","0","0","0"
"F9","06/12/2024","1248","N610FR","GRR","12:51","14:16","85","0","0","0","0","76"
"F9","06/12/2024","1261","N610FR","ONT","05:40","07:26","106","88","0","0","0","0"
"F9","06/12/2024","1280","","MIA","18:59","00:00","0","0","0","0","0","0"
"F9","06/12/2024","1325","N344FR","LAS","13:53","13:45","-8","0","0","0","0","0"
"F9","06/12/2024","1402","N316FR","BNA","08:13","10:31","138","77","0","0","0","56"
"F9","06/12/2024","1450","N719FR","ATL","06:36","06:52","16","16","0","8","0","0"
"F9","06/12/2024","1499","N719FR","ONT","22:29","22:29","0","0","0","0","0","0"
"F9","06/12/2024","1560","N364FR","MSN","12:14","12:07","-7","0","0","0","0","0"
"F9","06/12/2024","1608","N364FR","MKE","05:20","05:19","-1","0","0","0","0","0"
"F9","06/12/2024","1678","N701FR","DSM","05:36","05:26","-10","0","0","0","0","0"
"F9","06/12/2024","1702","N330FR","SYR","15:06","16:04","58","57","0","2","0","1"
"F9","06/12/2024","1734","N619FR","MCO","00:49","00:51","2","0","0","0","0","0"
"F9","06/12/2024","1816","N637FR","AUS","06:05","06:04","-1","0","0","0","0","0"
"F9","06/12/2024","1864","N351FR","OKC","12:26","12:49","23","20","0","0","0","0"
"F9","06/12/2024","1918","N635FR","CLE","11:05","11:25","20","0","0","11","0","20"
"F9","06/12/2024","2015","N603FR","LAS","06:00","05:48","-12","0","0","0","0","0"
"F9","06/12/2024","2108","N330FR","FSD","09:57","09:51","-6","0","0","0","0","0"
"F9","06/12/2024","2141","N236FR","PHX","14:33","14:23","-10","0","0","0","0","0"
"F9","06/12/2024","2148","N335FR","DFW","09:40","09:46","6","0","0","0","0","0"
"F9","06/12/2024","2210","N381FR","MDW","08:38","09:02","24","22","0","0","0","0"
"F9","06/12/2024","2348","N715FR","IND","06:31","06:30","-1","0","0","0","0","0"
"F9","06/12/2024","2374","N358FR","TYS","14:00","13:59","-1","0","0","0","0","0"
"F9","06/12/2024","2421","N715FR","SAN","16:41","17:19","38","24","0","0","0","0"
"F9","06/12/2024","2429","N334FR","LAS","15:53","18:10","137","0","0","0","0","125"
"F9","06/12/2024","2438","N329FR","RDU","15:52","15:45","-7","0","0","0","0","0"
"F9","06/12/2024","2577","N343FR","SNA","15:33","15:23","-10","0","0","0","0","0"
"F9","06/12/2024","2632","N714FR","DFW","18:33","18:42","9","0","0","0","0","0"
"F9","06/12/2024","2687","N637FR","PDX","22:06","22:08","2","0","0","0","0","0"
"F9","06/12/2024","2746","N635FR","TPA","17:55","20:13","138","1","0","0","0","126"
"F9","06/12/2024","2752","N637FR","BUF","12:42","12:55","13","0","0","0","0","0"
"F9","06/12/2024","3004","N644FR","CLT","05:01","05:05","4","0","0","0","0","0"
"F9","06/12/2024","3101","N368FR","MSO","12:19","13:02","43","34","0","0","0","0"
"F9","06/12/2024","3138","N614FR","MIA","23:46","23:52","6","0","0","0","0","0"
"F9","06/12/2024","3162","N607FR","LGA","16:18","16:33","15","15","0","2","0","0"
"F9","06/12/2024","3165","N368FR","LAX","19:05","20:15","70","36","0","0","0","29"
"F9","06/12/2024","3174","N331FR","ORD","17:13","17:14","1","0","0","0","0","0"
"F9","06/12/2024","3228","N639FR","IAH","11:29","11:36","7","7","0","43","0","0"
"F9","06/12/2024","3230","N606FR","IAH","05:01","04:51","-10","0","0","0","0","0"
"F9","06/12/2024","3266","N607FR","PHL","06:05","06:14","9","0","0","0","0","0"
"F9","06/12/2024","3286","N621FR","CVG","05:33","05:29","-4","0","0","0","0","0"
"F9","06/12/2024","3294","N353FR","ATL","00:59","01:01","2","0","0","0","0","0"
"F9","06/12/2024","3302","N716FR","STL","06:20","07:07","47","35","0","0","0","0"
"F9","06/12/2024","3312","N612FR","MCO","10:46","10:43","-3","0","0","0","0","0"
"F9","06/12/2024","3340","N642FR","PHL","23:56","23:51","-5","0","0","0","0","0"
"F9","06/12/2024","3376","N614FR","MCI","16:36","16:35","-1","0","0","30","0","0"
"F9","06/12/2024","3405","N364FR","SEA","18:47","18:41","-6","0","0","0","0","0"
"F9","06/12/2024","3421","N714FR","ELP","12:34","12:33","-1","0","0","0","0","0"
"F9","06/12/2024","3437","N343FR","SFO","22:22","22:19","-3","0","0","0","0","0"
"F9","06/12/2024","3566","N603FR","DTW","12:15","12:51","36","0","0","10","0","36"
"F9","06/12/2024","3665","N606FR","SMF","19:36","19:37","1","0","0","0","0","0"
"F9","06/12/2024","3708","N605FR","SAT","18:15","18:16","1","0","0","0","0","0"
"F9","06/12/2024","3930","N720FR","PNS","16:23","16:32","9","9","0","10","0","0"
"F9","06/12/2024","3981","N228FR","SLC","11:12","11:30","18","0","0","0","0","0"
"F9","06/12/2024","4070","N719FR","DFW","15:14","15:27","13","0","0","24","0","13"
"F9","06/12/2024","4235","N622FR","SLC","22:38","00:08","90","0","0","0","0","85"
"F9","06/12/2024","4386","N334FR","CID","10:24","11:23","59","0","0","23","0","59"
"F9","06/12/2024","4751","N324FR","PHX","21:55","22:34","39","0","0","0","0","30"
"F9","06/12/2024","4794","N720FR","FAR","10:15","10:07","-8","0","0","0","0","0"
"F9","06/12/2024","4927","N606FR","SAN","12:32","12:26","-6","0","0","0","0","0"
"F9","06/12/2024","4967","N316FR","LAS","21:00","21:33","33","16","0","0","0","0"
"F9","06/13/2024","0686","N351FR","DCA","06:39","06:30","-9","0","0","0","0","0"
"F9","06/13/2024","0688","N343FR","DCA","12:35","12:55","20","0","0","0","0","0"
"F9","06/13/2024","0690","N370FR","DCA","16:25","16:17","-8","0","0","0","0","0"
"F9","06/13/2024","1093","N364FR","SFO","05:01","05:16","15","0","0","0","0","0"
"F9","06/13/2024","1114","N605FR","TPA","23:59","24:00","1","0","0","0","0","0"
"F9","06/13/2024","1128","N606FR","OMA","12:40","12:34","-6","0","0","0","0","0"
"F9","06/13/2024","1150","N717FR","MSP","05:01","05:00","-1","0","0","0","0","0"
"F9","06/13/2024","1162","N343FR","HOU","05:11","05:29","18","0","0","0","0","0"
"F9","06/13/2024","1175","N622FR","SEA","08:23","08:29","6","0","0","0","0","0"
"F9","06/13/2024","1228","N373FR","MDW","18:19","18:16","-3","0","0","0","0","0"
"F9","06/13/2024","1261","N370FR","ONT","09:35","09:21","-14","0","0","0","0","0"
"F9","06/13/2024","1280","","MIA","18:59","00:00","0","0","0","0","0","0"
"F9","06/13/2024","1375","N331FR","PHX","05:11","05:01","-10","0","0","0","0","0"
"F9","06/13/2024","1402","N311FR","BNA","08:42","08:51","9","0","0","0","0","0"
"F9","06/13/2024","1450","N329FR","ATL","10:37","12:40","123","99","0","38","0","24"
"F9","06/13/2024","1499","N717FR","ONT","22:39","22:35","-4","0","0","0","0","0"
"F9","06/13/2024","1678","N331FR","DSM","10:48","11:01","13","0","0","0","0","0"
"F9","06/13/2024","1734","N629FR","MCO","00:48","01:19","31","0","0","0","0","0"
"F9","06/13/2024","1789","N358FR","PDX","06:05","06:03","-2","0","0","0","0","0"
"F9","06/13/2024","1816","N344FR","AUS","17:17","17:12","-5","0","0","0","0","0"
"F9","06/13/2024","1819","N352FR","PHX","08:51","10:16","85","80","0","0","0","0"
"F9","06/13/2024","1864","N376FR","OKC","09:56","09:46","-10","0","0","0","0","0"
"F9","06/13/2024","1918","N637FR","CLE","06:00","05:57","-3","0","0","0","0","0"
"F9","06/13/2024","2015","N636FR","LAS","06:31","06:29","-2","0","0","0","0","0"
"F9","06/13/2024","2098","N358FR","SAT","15:51","15:53","2","0","0","0","0","0"
"F9","06/13/2024","2108","N373FR","FSD","13:08","12:57","-11","0","0","0","0","0"
"F9","06/13/2024","2141","N324FR","PHX","14:41","14:32","-9","0","0","0","0","0"
"F9","06/13/2024","2210","N378FR","MDW","07:44","07:36","-8","0","0","0","0","0"
"F9","06/13/2024","2261","N362FR","ELP","05:01","04:56","-5","0","0","0","0","0"
"F9","06/13/2024","2348","N603FR","IND","05:06","05:03","-3","0","0","0","0","0"
"F9","06/13/2024","2349","N380FR","LAS","13:51","14:00","9","0","0","0","0","0"
"F9","06/13/2024","2360","N606FR","MSY","18:03","17:58","-5","0","0","0","0","0"
"F9","06/13/2024","2382","N719FR","ORF","06:00","06:18","18","0","0","0","0","0"
"F9","06/13/2024","2429","N368FR","LAS","15:52","16:11","19","0","0","0","0","0"
"F9","06/13/2024","2438","N376FR","RDU","15:16","15:28","12","12","0","22","0","0"
"F9","06/13/2024","2632","N714FR","DFW","19:08","19:12","4","0","0","0","0","0"
"F9","06/13/2024","2687","N715FR","PDX","21:49","22:28","39","25","0","2","0","14"
"F9","06/13/2024","2706","N721FR","BWI","07:12","08:34","82","0","0","0","0","72"
"F9","06/13/2024","2746","","TPA","12:32","00:00","0","0","0","0","0","0"
"F9","06/13/2024","2817","N606FR","SAN","05:35","05:26","-9","0","0","0","0","0"
"F9","06/13/2024","3004","N607FR","CLT","05:11","05:08","-3","0","0","40","0","0"
"F9","06/13/2024","3138","N639FR","MIA","23:59","01:17","78","67","0","8","0","11"
"F9","06/13/2024","3155","N330FR","LAX","19:05","19:03","-2","0","0","0","0","0"
"F9","06/13/2024","3162","N362FR","LGA","16:18","16:43","25","0","0","0","0","23"
"F9","06/13/2024","3172","N331FR","ORD","21:10","22:48","98","0","0","0","0","87"
"F9","06/13/2024","3230","N714FR","IAH","05:40","05:36","-4","0","0","0","0","0"
"F9","06/13/2024","3266","N717FR","PHL","11:07","11:27","20","0","0","10","0","20"
"F9","06/13/2024","3276","N351FR","BMI","13:39","15:30","111","0","0","0","0","98"
"F9","06/13/2024","3286","N308FR","CVG","07:28","07:28","0","0","0","0","0","0"
"F9","06/13/2024","3294","N318FR","ATL","00:59","01:22","23","0","0","0","0","0"
"F9","06/13/2024","3302","N620FR","STL","11:24","11:18","-6","0","0","0","0","0"
"F9","06/13/2024","3312","N621FR","MCO","09:04","10:13","69","0","0","0","0","43"
"F9","06/13/2024","3340","N603FR","PHL","23:59","02:03","124","0","0","0","0","110"
"F9","06/13/2024","3376","N715FR","MCI","05:35","05:26","-9","0","0","0","0","0"
"F9","06/13/2024","3421","N603FR","ELP","19:34","19:36","2","0","0","0","0","0"
"F9","06/13/2024","3439","","SFO","22:12","00:00","0","0","0","0","0","0"
"F9","06/13/2024","3467","N382FR","PHX","20:59","20:54","-5","0","0","0","0","0"
"F9","06/13/2024","3566","N636FR","DTW","12:46","12:41","-5","0","0","0","0","0"
"F9","06/13/2024","3951","N640FR","LAS","23:03","03:08","245","10","0","0","0","222"
"F9","06/13/2024","3981","N362FR","SLC","11:17","11:21","4","0","0","0","0","0"
"F9","06/13/2024","4030","N622FR","SAV","16:32","16:21","-11","0","0","0","0","0"
"F9","06/13/2024","4062","N721FR","MSN","16:51","17:33","42","0","0","0","0","26"
"F9","06/13/2024","4070","N639FR","DFW","14:40","14:45","5","0","0","0","0","0"
"F9","06/13/2024","4235","N343FR","SLC","22:50","22:44","-6","0","0","0","0","0"
"F9","06/13/2024","4251","N720FR","SLC","17:24","17:41","17","0","0","0","0","0"
"F9","06/13/2024","4344","N373FR","XNA","07:21","07:30","9","0","0","0","0","0"
"F9","06/13/2024","4371","N331FR","SNA","16:22","16:16","-6","0","0","0","0","0"
"F9","06/13/2024","4374","N719FR","PIT","16:00","16:44","44","12","0","0","0","28"
"F9","06/13/2024","4386","N714FR","CID","12:52","13:08","16","0","0","0","0","0"
"F9","06/13/2024","4464","","DFW","07:11","00:00","0","0","0","0","0","0"
"F9","06/13/2024","4576","N364FR","CMH","12:16","12:12","-4","0","0","0","0","0"
"F9","06/13/2024","4616","N640FR","MSP","13:42","13:40","-2","0","0","0","0","0"
"F9","06/13/2024","4626","N605FR","MEM","15:54","15:49","-5","0","0","0","0","0"
"F9","06/13/2024","4647","N369FR","SEA","16:47","16:52","5","0","0","0","0","0"
"F9","06/13/2024","4753","N332FR","PHX","23:30","01:33","123","0","0","0","0","117"
"F9","06/13/2024","4776","N330FR","LIT","10:31","11:03","32","19","0","0","0","0"
"F9","06/13/2024","4794","N639FR","FAR","08:40","08:38","-2","0","0","0","0","0"
"F9","06/13/2024","4856","N620FR","IAH","18:09","18:02","-7","0","0","0","0","0"
"F9","06/13/2024","4927","N603FR","SAN","12:31","12:29","-2","0","0","0","0","0"
"F9","06/13/2024","4967","N364FR","LAS","19:04","19:48","44","0","0","0","0","30"
"F9","06/13/2024","4989","N228FR","SAN","19:54","19:44","-10","0","0","0","0","0"
"F9","06/14/2024","0686","N351FR","DCA","06:43","06:37","-6","0","0","0","0","0"
"F9","06/14/2024","0688","N229FR","DCA","12:44","12:51","7","0","0","0","0","0"
"F9","06/14/2024","0690","N370FR","DCA","16:25","16:15","-10","0","0","0","0","0"
"F9","06/14/2024","1066","N721FR","GRB","14:11","14:03","-8","0","0","16","0","0"
"F9","06/14/2024","1093","N362FR","SFO","06:31","07:06","35","34","0","0","0","0"
"F9","06/14/2024","1114","N639FR","TPA","23:59","00:13","14","0","0","0","0","0"
"F9","06/14/2024","1128","N376FR","OMA","11:08","11:03","-5","0","0","0","0","0"
"F9","06/14/2024","1162","N343FR","HOU","08:13","08:03","-10","0","0","0","0","0"
"F9","06/14/2024","1175","N229FR","SEA","05:06","05:12","6","0","0","0","0","0"
"F9","06/14/2024","1248","N637FR","GRR","13:03","12:58","-5","0","0","0","0","0"
"F9","06/14/2024","1261","N329FR","ONT","05:01","05:03","2","0","0","0","0","0"
"F9","06/14/2024","1280","N645FR","MIA","18:59","20:03","64","7","0","46","0","57"
"F9","06/14/2024","1324","N619FR","DFW","05:11","05:19","8","0","0","0","0","0"
"F9","06/14/2024","1402","N721FR","BNA","06:31","06:24","-7","0","0","0","0","0"
"F9","06/14/2024","1450","N702FR","ATL","06:45","07:14","29","16","0","0","0","0"
"F9","06/14/2024","1499","N606FR","ONT","22:24","22:20","-4","0","0","0","0","0"
"F9","06/14/2024","1608","N373FR","MKE","05:01","05:52","51","38","0","0","0","0"
"F9","06/14/2024","1678","N619FR","DSM","11:41","11:52","11","0","0","0","0","0"
"F9","06/14/2024","1702","N358FR","SYR","12:38","12:48","10","0","0","0","0","0"
"F9","06/14/2024","1734","N714FR","MCO","00:48","02:15","87","44","0","0","0","41"
"F9","06/14/2024","1752","N233FR","CVG","20:24","21:32","68","68","0","10","0","0"
"F9","06/14/2024","1789","N364FR","PDX","05:01","04:49","-12","0","0","0","0","0"
"F9","06/14/2024","1816","N717FR","AUS","05:06","05:14","8","0","0","0","0","0"
"F9","06/14/2024","1819","N309FR","PHX","08:51","08:50","-1","0","0","0","0","0"
"F9","06/14/2024","1864","N639FR","OKC","10:55","11:37","42","0","0","0","0","40"
"F9","06/14/2024","1918","N715FR","CLE","14:16","15:05","49","0","0","0","0","38"
"F9","06/14/2024","1993","N633FR","LAS","10:12","10:14","2","0","0","0","0","0"
"F9","06/14/2024","2015","","LAS","06:00","00:00","0","0","0","0","0","0"
"F9","06/14/2024","2108","N352FR","FSD","09:57","09:56","-1","0","0","0","0","0"
"F9","06/14/2024","2141","N332FR","PHX","14:37","14:30","-7","0","0","0","0","0"
"F9","06/14/2024","2210","N391FR","MDW","08:38","09:09","31","0","0","0","0","15"
"F9","06/14/2024","2261","N717FR","ELP","17:43","18:19","36","25","0","9","0","11"
"F9","06/14/2024","2348","N716FR","IND","10:02","10:40","38","0","0","0","0","37"
"F9","06/14/2024","2349","N326FR","LAS","13:53","13:42","-11","0","0","0","0","0"
"F9","06/14/2024","2356","N622FR","SAT","05:11","05:09","-2","0","0","0","0","0"
"F9","06/14/2024","2360","N722FR","MSY","18:10","18:08","-2","0","0","0","0","0"
"F9","06/14/2024","2374","N610FR","TYS","16:39","16:32","-7","0","0","0","0","0"
"F9","06/14/2024","2421","N323FR","SAN","15:37","16:10","33","0","0","0","0","32"
"F9","06/14/2024","2429","N343FR","LAS","15:53","15:47","-6","0","0","0","0","0"
"F9","06/14/2024","2438","N352FR","RDU","15:22","15:14","-8","0","0","0","0","0"
"F9","06/14/2024","2632","N716FR","DFW","18:42","19:24","42","0","0","15","0","42"
"F9","06/14/2024","2687","N364FR","PDX","22:13","22:04","-9","0","0","0","0","0"
"F9","06/14/2024","2746","N702FR","TPA","17:33","09:20","947","945","0","0","0","0"
"F9","06/14/2024","2752","N364FR","BUF","12:15","12:09","-6","0","0","0","0","0"
"F9","06/14/2024","2817","N606FR","SAN","05:35","05:28","-7","0","0","0","0","0"
"F9","06/14/2024","2907","N642FR","ONT","20:00","20:12","12","0","0","0","0","0"
"F9","06/14/2024","3004","N620FR","CLT","05:11","05:12","1","0","0","0","0","0"
"F9","06/14/2024","3101","N373FR","MSO","12:00","12:34","34","5","0","0","0","18"
"F9","06/14/2024","3138","N640FR","MIA","23:59","02:28","149","2","0","0","0","145"
"F9","06/14/2024","3162","","LGA","16:18","00:00","0","0","0","0","0","0"
"F9","06/14/2024","3165","N390FR","LAX","19:05","18:55","-10","0","0","0","0","0"
"F9","06/14/2024","3174","N313FR","ORD","17:13","18:28","75","62","0","9","0","13"
"F9","06/14/2024","3219","N615FR","SLC","22:27","22:44","17","17","0","59","0","0"
"F9","06/14/2024","3230","N710FR","IAH","11:24","11:33","9","0","0","0","0","0"
"F9","06/14/2024","3266","N610FR","PHL","06:36","06:30","-6","0","0","0","0","0"
"F9","06/14/2024","3276","N722FR","BMI","11:44","11:42","-2","0","0","0","0","0"
"F9","06/14/2024","3294","N369FR","ATL","00:59","01:31","32","0","0","0","0","0"
"F9","06/14/2024","3302","N719FR","STL","06:31","07:08","37","37","0","4","0","0"
"F9","06/14/2024","3312","N605FR","MCO","10:49","10:53","4","0","0","0","0","0"
"F9","06/14/2024","3340","N603FR","PHL","23:59","01:16","77","0","0","23","0","77"
"F9","06/14/2024","3376","N720FR","MCI","05:35","05:31","-4","0","0","0","0","0"
"F9","06/14/2024","3439","N721FR","SFO","22:12","22:11","-1","0","0","0","0","0"
"F9","06/14/2024","3467","N368FR","PHX","20:03","19:53","-10","0","0","0","0","0"
"F9","06/14/2024","3566","N715FR","DTW","06:02","07:24","82","60","0","0","0","0"
"F9","06/14/2024","3667","N329FR","SMF","18:31","18:39","8","0","0","0","0","0"
"F9","06/14/2024","3843","N619FR","LAS","17:54","19:18","84","4","0","0","0","66"
"F9","06/14/2024","3861","N722FR","SLC","06:31","06:34","3","0","0","0","0","0"
"F9","06/14/2024","3930","N723FR","PNS","16:48","17:32","44","0","0","0","0","34"
"F9","06/14/2024","3981","N367FR","SLC","14:35","14:23","-12","0","0","0","0","0"
"F9","06/14/2024","4062","N639FR","MSN","16:51","16:45","-6","0","0","0","0","0"
"F9","06/14/2024","4070","N702FR","DFW","15:26","15:24","-2","0","0","19","0","0"
"F9","06/14/2024","4344","N622FR","XNA","11:56","12:00","4","0","0","0","0","0"
"F9","06/14/2024","4371","N373FR","SNA","17:48","18:36","48","0","0","0","0","40"
"F9","06/14/2024","4386","N370FR","CID","10:31","10:45","14","0","0","0","0","0"
"F9","06/14/2024","4616","N710FR","MSP","05:01","04:54","-7","0","0","0","0","0"
"F9","06/14/2024","4647","N606FR","SEA","12:32","13:03","31","0","0","0","0","19"
"F9","06/14/2024","4753","N358FR","PHX","23:30","06:00","390","390","0","4","0","0"
"F9","06/14/2024","4794","N717FR","FAR","11:43","11:47","4","0","0","0","0","0"
"F9","06/14/2024","4856","N622FR","IAH","18:00","18:00","0","0","0","38","0","0"
"F9","06/14/2024","4927","N329FR","SAN","11:28","11:33","5","0","0","0","0","0"
"F9","06/14/2024","4989","N336FR","SAN","19:54","21:54","120","13","0","0","0","101"
"F9","06/15/2024","0686","N329FR","DCA","06:39","06:35","-4","0","0","0","0","0"
"F9","06/15/2024","0688","N330FR","DCA","12:44","12:43","-1","0","0","0","0","0"
"F9","06/15/2024","0690","N379FR","DCA","16:25","18:29","124","53","0","10","0","71"
"F9","06/15/2024","1093","N351FR","SFO","06:31","06:21","-10","0","0","0","0","0"
"F9","06/15/2024","1114","N721FR","TPA","23:59","23:58","-1","0","0","24","0","0"
"F9","06/15/2024","1128","N716FR","OMA","12:31","12:30","-1","0","0","0","0","0"
"F9","06/15/2024","1150","N364FR","MSP","05:06","05:29","23","0","0","0","0","0"
"F9","06/15/2024","1162","N229FR","HOU","05:01","05:50","49","32","0","0","0","0"
"F9","06/15/2024","1175","N615FR","SEA","08:23","08:20","-3","0","0","0","0","0"
"F9","06/15/2024","1248","N635FR","GRR","10:31","10:19","-12","0","0","0","0","0"
"F9","06/15/2024","1261","N708FR","ONT","12:35","13:16","41","0","0","0","0","26"
"F9","06/15/2024","1280","N229FR","MIA","18:07","18:07","0","0","0","0","0","0"
"F9","06/15/2024","1325","N380FR","LAS","13:53","14:02","9","0","0","0","0","0"
"F9","06/15/2024","1402","N610FR","BNA","14:17","14:14","-3","0","0","0","0","0"
"F9","06/15/2024","1450","N364FR","ATL","11:14","11:15","1","0","0","0","0","0"
"F9","06/15/2024","1465","N710FR","LAS","15:53","15:56","3","0","0","0","0","0"
"F9","06/15/2024","1608","N705FR","MKE","05:15","06:22","67","67","0","2","0","0"
"F9","06/15/2024","1678","N615FR","DSM","17:35","17:25","-10","0","0","0","0","0"
"F9","06/15/2024","1702","N712FR","SYR","12:54","13:06","12","0","0","0","0","0"
"F9","06/15/2024","1734","N713FR","MCO","00:48","00:55","7","0","0","0","0","0"
"F9","06/15/2024","1789","N607FR","PDX","05:55","05:48","-7","0","0","0","0","0"
"F9","06/15/2024","1816","N606FR","AUS","05:01","04:55","-6","0","0","0","0","0"
"F9","06/15/2024","1864","N370FR","OKC","09:57","09:56","-1","0","0","0","0","0"
"F9","06/15/2024","1993","N376FR","LAS","09:57","10:20","23","0","0","0","0","0"
"F9","06/15/2024","2015","N610FR","LAS","05:30","05:24","-6","0","0","0","0","0"
"F9","06/15/2024","2098","N612FR","SAT","10:44","10:48","4","0","0","0","0","0"
"F9","06/15/2024","2105","N642FR","PHX","16:53","16:51","-2","0","0","0","0","0"
"F9","06/15/2024","2108","N313FR","FSD","14:39","14:29","-10","0","0","0","0","0"
"F9","06/15/2024","2141","N612FR","PHX","14:23","17:14","171","132","0","0","0","39"
"F9","06/15/2024","2148","N606FR","DFW","11:39","12:06","27","0","0","0","0","0"
"F9","06/15/2024","2210","N344FR","MDW","08:25","08:27","2","0","0","0","0","0"
"F9","06/15/2024","2261","N715FR","ELP","07:00","06:59","-1","0","0","0","0","0"
"F9","06/15/2024","2348","N720FR","IND","05:21","05:16","-5","0","0","0","0","0"
"F9","06/15/2024","2356","","SAT","06:30","00:00","0","0","0","0","0","0"
"F9","06/15/2024","2374","N360FR","TYS","12:10","12:13","3","0","0","0","0","0"
"F9","06/15/2024","2421","N719FR","SAN","15:27","15:41","14","14","0","26","0","0"
"F9","06/15/2024","2438","N362FR","RDU","15:20","15:21","1","0","0","0","0","0"
"F9","06/15/2024","2577","N313FR","SNA","08:00","08:21","21","0","0","0","0","0"
"F9","06/15/2024","2632","N717FR","DFW","18:40","20:23","103","75","0","0","0","9"
"F9","06/15/2024","2687","N610FR","PDX","22:12","22:29","17","17","0","2","0","0"
"F9","06/15/2024","2706","N640FR","BWI","11:05","12:44","99","0","0","0","0","86"
"F9","06/15/2024","2746","N639FR","TPA","17:33","18:43","70","4","0","5","0","66"
"F9","06/15/2024","2817","N717FR","SAN","05:36","05:38","2","2","0","24","0","0"
"F9","06/15/2024","3004","N721FR","CLT","05:31","06:06","35","9","0","0","0","22"
"F9","06/15/2024","3101","N229FR","MSO","12:16","12:28","12","0","0","0","0","0"
"F9","06/15/2024","3138","N723FR","MIA","23:59","23:59","0","0","0","19","0","0"
"F9","06/15/2024","3162","N352FR","LGA","16:18","16:27","9","0","0","0","0","0"
"F9","06/15/2024","3165","N305FR","LAX","19:05","19:31","26","0","0","0","0","0"
"F9","06/15/2024","3174","N236FR","ORD","17:31","17:33","2","0","0","0","0","0"
"F9","06/15/2024","3219","N712FR","SLC","22:28","22:24","-4","0","0","0","0","0"
"F9","06/15/2024","3230","N716FR","IAH","05:06","05:00","-6","0","0","0","0","0"
"F9","06/15/2024","3266","N642FR","PHL","06:45","06:43","-2","0","0","0","0","0"
"F9","06/15/2024","3286","N723FR","CVG","05:45","05:52","7","0","0","0","0","0"
"F9","06/15/2024","3294","N373FR","ATL","00:59","01:17","18","0","0","0","0","0"
"F9","06/15/2024","3302","N622FR","STL","06:20","06:13","-7","0","0","0","0","0"
"F9","06/15/2024","3312","N722FR","MCO","10:46","10:54","8","0","0","0","0","0"
"F9","06/15/2024","3340","N603FR","PHL","23:59","23:50","-9","0","0","0","0","0"
"F9","06/15/2024","3376","N722FR","MCI","05:01","04:51","-10","0","0","0","0","0"
"F9","06/15/2024","3405","N373FR","SEA","19:34","20:33","59","24","0","0","0","28"
"F9","06/15/2024","3439","N330FR","SFO","22:12","22:09","-3","0","0","31","0","0"
"F9","06/15/2024","3566","N715FR","DTW","12:46","12:47","1","0","0","0","0","0"
"F9","06/15/2024","3665","N313FR","SMF","19:45","19:59","14","0","0","3","0","14"
"F9","06/15/2024","3825","N607FR","ONT","22:29","22:35","6","0","0","0","0","0"
"F9","06/15/2024","3930","N607FR","PNS","13:24","13:24","0","0","0","0","0","0"
"F9","06/15/2024","3951","N719FR","LAS","23:22","23:39","17","17","0","12","0","0"
"F9","06/15/2024","3981","N352FR","SLC","11:13","11:03","-10","0","0","0","0","0"
"F9","06/15/2024","4053","N332FR","SAN","10:47","10:53","6","0","0","0","0","0"
"F9","06/15/2024","4062","N720FR","MSN","18:21","20:29","128","21","0","5","0","107"
"F9","06/15/2024","4344","N717FR","XNA","12:30","12:43","13","0","0","0","0","0"
"F9","06/15/2024","4386","N716FR","CID","17:54","17:55","1","0","0","0","0","0"
"F9","06/15/2024","4638","","CLE","18:54","00:00","0","0","0","0","0","0"
"F9","06/15/2024","4721","N336FR","SLC","20:08","21:15","67","0","0","0","0","60"
"F9","06/15/2024","4753","N228FR","PHX","23:30","23:10","-20","0","0","0","0","0"
"F9","06/15/2024","4794","N362FR","FAR","09:25","09:20","-5","0","0","0","0","0"
"F9","06/15/2024","4856","N635FR","IAH","18:12","18:12","0","0","0","0","0","0"
"F9","06/15/2024","4927","N720FR","SAN","12:51","12:58","7","0","0","0","0","0"
"F9","06/15/2024","4967","N708FR","LAS","21:22","21:56","34","0","0","0","0","26"
"F9","06/16/2024","0686","N313FR","DCA","06:41","06:33","-8","0","0","0","0","0"
"F9","06/16/2024","0688","N351FR","DCA","12:42","12:35","-7","0","0","0","0","0"
"F9","06/16/2024","0690","N313FR","DCA","16:25","16:25","0","0","0","0","0","0"
"F9","06/16/2024","1093","N236FR","SFO","05:11","05:34","23","20","0","0","0","0"
"F9","06/16/2024","1114","N615FR","TPA","23:59","23:55","-4","0","0","0","0","0"
"F9","06/16/2024","1128","N712FR","OMA","08:18","08:07","-11","0","0","0","0","0"
"F9","06/16/2024","1150","N717FR","MSP","05:06","05:12","6","0","0","0","0","0"
"F9","06/16/2024","1162","N351FR","HOU","05:22","05:15","-7","0","0","0","0","0"
"F9","06/16/2024","1175","N606FR","SEA","07:10","07:05","-5","0","0","0","0","0"
"F9","06/16/2024","1261","N366FR","ONT","09:15","08:58","-17","0","0","0","0","0"
"F9","06/16/2024","1280","N717FR","MIA","18:59","19:20","21","0","0","0","0","0"
"F9","06/16/2024","1375","N360FR","PHX","05:11","05:04","-7","0","0","0","0","0"
"F9","06/16/2024","1402","N392FR","BNA","08:42","08:35","-7","0","0","0","0","0"
"F9","06/16/2024","1450","N373FR","ATL","10:37","10:35","-2","0","0","57","0","0"
"F9","06/16/2024","1499","N640FR","ONT","22:39","22:31","-8","0","0","0","0","0"
"F9","06/16/2024","1560","N719FR","MSN","15:37","15:53","16","0","0","0","0","0"
"F9","06/16/2024","1678","N358FR","DSM","10:48","11:29","41","0","0","0","0","35"
"F9","06/16/2024","1734","N642FR","MCO","00:48","01:39","51","16","0","0","0","31"
"F9","06/16/2024","1789","N720FR","PDX","07:00","06:50","-10","0","0","0","0","0"
"F9","06/16/2024","1816","N710FR","AUS","17:26","18:24","58","0","0","14","0","45"
"F9","06/16/2024","1819","N324FR","PHX","08:55","09:54","59","9","0","28","0","50"
"F9","06/16/2024","1864","N379FR","OKC","09:57","09:50","-7","0","0","0","0","0"
"F9","06/16/2024","1918","N607FR","CLE","06:01","06:00","-1","0","0","0","0","0"
"F9","06/16/2024","1993","N311FR","LAS","10:32","10:40","8","0","0","0","0","0"
"F9","06/16/2024","2015","N624FR","LAS","06:31","06:40","9","0","0","0","0","0"
"F9","06/16/2024","2108","N624FR","FSD","12:51","12:49","-2","0","0","0","0","0"
"F9","06/16/2024","2141","N360FR","PHX","14:43","15:35","52","13","0","8","0","39"
"F9","06/16/2024","2210","N352FR","MDW","07:48","07:51","3","0","0","0","0","0"
"F9","06/16/2024","2261","N373FR","ELP","05:01","04:53","-8","0","0","0","0","0"
"F9","06/16/2024","2348","N615FR","IND","05:41","05:39","-2","0","0","0","0","0"
"F9","06/16/2024","2349","N362FR","LAS","13:53","14:30","37","26","0","0","0","0"
"F9","06/16/2024","2360","N236FR","MSY","18:17","18:06","-11","0","0","0","0","0"
"F9","06/16/2024","2382","N719FR","ORF","05:40","05:57","17","0","0","5","0","17"
"F9","06/16/2024","2429","N358FR","LAS","16:16","17:10","54","17","0","0","0","22"
"F9","06/16/2024","2438","N356FR","RDU","15:22","15:20","-2","0","0","0","0","0"
"F9","06/16/2024","2577","N367FR","SNA","15:58","16:27","29","0","0","0","0","21"
"F9","06/16/2024","2632","N624FR","DFW","18:38","18:34","-4","0","0","65","0","0"
"F9","06/16/2024","2687","N712FR","PDX","22:10","22:08","-2","0","0","0","0","0"
"F9","06/16/2024","2706","N640FR","BWI","12:27","12:28","1","0","0","0","0","0"
"F9","06/16/2024","2746","N720FR","TPA","14:27","14:22","-5","0","0","52","0","0"
"F9","06/16/2024","2817","N640FR","SAN","05:35","05:31","-4","0","0","0","0","0"
"F9","06/16/2024","2946","N379FR","MDW","15:46","15:44","-2","0","0","0","0","0"
"F9","06/16/2024","3004","N635FR","CLT","05:01","05:00","-1","0","0","0","0","0"
"F9","06/16/2024","3138","N635FR","MIA","23:59","01:25","86","29","0","2","0","57"
"F9","06/16/2024","3155","N359FR","LAX","19:05","20:31","86","57","0","5","0","29"
"F9","06/16/2024","3162","N366FR","LGA","16:18","16:15","-3","0","0","0","0","0"
"F9","06/16/2024","3172","N610FR","ORD","21:10","21:39","29","0","0","0","0","29"
"F9","06/16/2024","3230","N714FR","IAH","05:01","04:54","-7","0","0","0","0","0"
"F9","06/16/2024","3266","N645FR","PHL","11:07","11:01","-6","0","0","0","0","0"
"F9","06/16/2024","3276","N377FR","BMI","14:06","14:05","-1","0","0","0","0","0"
"F9","06/16/2024","3286","N330FR","CVG","07:28","07:25","-3","0","0","0","0","0"
"F9","06/16/2024","3294","N385FR","ATL","00:59","01:44","45","0","0","0","0","20"
"F9","06/16/2024","3302","N717FR","STL","11:29","11:46","17","0","0","0","0","0"
"F9","06/16/2024","3312","N713FR","MCO","09:04","09:05","1","0","0","0","0","0"
"F9","06/16/2024","3340","N637FR","PHL","23:59","00:06","7","0","0","0","0","0"
"F9","06/16/2024","3376","N610FR","MCI","05:35","05:48","13","13","0","16","0","0"
"F9","06/16/2024","3421","N714FR","ELP","19:25","19:20","-5","0","0","0","0","0"
"F9","06/16/2024","3439","N351FR","SFO","22:12","23:25","73","0","0","95","0","0"
"F9","06/16/2024","3467","N323FR","PHX","20:59","20:55","-4","0","0","0","0","0"
"F9","06/16/2024","3566","N626FR","DTW","12:42","12:39","-3","0","0","0","0","0"
"F9","06/16/2024","3708","N701FR","SAT","18:39","19:12","33","0","0","0","0","19"
"F9","06/16/2024","3949","N719FR","LAS","22:46","23:31","45","45","0","2","0","0"
"F9","06/16/2024","3981","N367FR","SLC","11:17","11:09","-8","0","0","0","0","0"
"F9","06/16/2024","4030","N705FR","SAV","14:17","14:08","-9","0","0","0","0","0"
"F9","06/16/2024","4070","N606FR","DFW","15:14","15:18","4","0","0","0","0","0"
"F9","06/16/2024","4235","N326FR","SLC","22:37","22:22","-15","0","0","0","0","0"
"F9","06/16/2024","4251","N721FR","SLC","17:12","17:08","-4","0","0","0","0","0"
"F9","06/16/2024","4344","N701FR","XNA","12:32","13:39","67","58","0","0","0","0"
"F9","06/16/2024","4374","N712FR","PIT","13:38","13:28","-10","0","0","0","0","0"
"F9","06/16/2024","4386","N236FR","CID","12:21","12:56","35","21","0","0","0","3"
"F9","06/16/2024","4464","","DFW","07:20","00:00","0","0","0","0","0","0"
"F9","06/16/2024","4576","N716FR","CMH","16:05","16:08","3","0","0","0","0","0"
"F9","06/16/2024","4616","N615FR","MSP","13:14","13:24","10","10","0","19","0","0"
"F9","06/16/2024","4626","N356FR","MEM","07:05","06:52","-13","0","0","0","0","0"
"F9","06/16/2024","4647","N334FR","SEA","17:10","17:04","-6","0","0","0","0","0"
"F9","06/16/2024","4753","N338FR","PHX","23:30","00:39","69","0","0","0","0","66"
"F9","06/16/2024","4776","N721FR","LIT","10:31","10:30","-1","0","0","0","0","0"
"F9","06/16/2024","4794","N613FR","FAR","06:31","14:49","498","477","0","0","0","0"
"F9","06/16/2024","4856","N723FR","IAH","18:28","18:33","5","0","0","0","0","0"
"F9","06/16/2024","4927","N714FR","SAN","12:21","13:06","45","0","0","33","0","0"
"F9","06/16/2024","4967","N343FR","LAS","19:04","19:36","32","0","0","23","0","32"
"F9","06/16/2024","4989","N380FR","SAN","19:54","19:52","-2","0","0","0","0","0"
"F9","06/17/2024","0686","N351FR","DCA","06:39","06:39","0","0","0","0","0","0"
"F9","06/17/2024","0688","N236FR","DCA","12:42","13:43","61","14","0","19","0","47"
"F9","06/17/2024","0690","N356FR","DCA","16:25","18:04","99","63","0","0","0","34"
"F9","06/17/2024","1066","N705FR","GRB","11:40","11:36","-4","0","0","0","0","0"
"F9","06/17/2024","1093","N367FR","SFO","06:31","06:28","-3","0","0","0","0","0"
"F9","06/17/2024","1114","N713FR","TPA","23:59","00:13","14","14","0","26","0","0"
"F9","06/17/2024","1128","N722FR","OMA","12:42","12:51","9","0","0","0","0","0"
"F9","06/17/2024","1162","N326FR","HOU","08:13","08:21","8","0","0","0","0","0"
"F9","06/17/2024","1175","N236FR","SEA","05:06","06:03","57","57","0","11","0","0"
"F9","06/17/2024","1248","N721FR","GRR","13:08","13:22","14","2","0","6","0","12"
"F9","06/17/2024","1261","","ONT","05:01","00:00","0","0","0","0","0","0"
"F9","06/17/2024","1280","N712FR","MIA","18:59","19:40","41","0","0","0","0","32"
"F9","06/17/2024","1292","N347FR","MSP","18:59","20:05","66","0","0","53","0","0"
"F9","06/17/2024","1324","N716FR","DFW","05:11","05:06","-5","0","0","18","0","0"
"F9","06/17/2024","1402","N642FR","BNA","07:55","07:44","-11","0","0","0","0","0"
"F9","06/17/2024","1450","N624FR","ATL","06:45","06:44","-1","0","0","0","0","0"
"F9","06/17/2024","1499","N606FR","ONT","22:39","00:35","116","18","0","8","0","98"
"F9","06/17/2024","1608","N723FR","MKE","07:00","06:50","-10","0","0","0","0","0"
"F9","06/17/2024","1678","N701FR","DSM","17:30","17:52","22","22","0","5","0","0"
"F9","06/17/2024","1702","N640FR","SYR","12:20","12:30","10","0","0","0","0","0"
"F9","06/17/2024","1734","N622FR","MCO","00:48","00:41","-7","0","0","0","0","0"
"F9","06/17/2024","1789","N379FR","PDX","05:01","04:54","-7","0","0","0","0","0"
"F9","06/17/2024","1816","N645FR","AUS","05:01","04:49","-12","0","0","0","0","0"
"F9","06/17/2024","1819","N228FR","PHX","08:51","08:38","-13","0","0","0","0","0"
"F9","06/17/2024","1864","N635FR","OKC","11:07","12:11","64","11","0","1","0","53"
"F9","06/17/2024","1918","N642FR","CLE","15:41","15:49","8","0","0","43","0","8"
"F9","06/17/2024","1993","N710FR","LAS","10:12","10:40","28","0","0","0","0","0"
"F9","06/17/2024","2015","N640FR","LAS","06:00","05:56","-4","0","0","0","0","0"
"F9","06/17/2024","2108","N356FR","FSD","11:14","11:24","10","0","0","0","0","0"
"F9","06/17/2024","2141","N612FR","PHX","14:31","14:32","1","0","0","0","0","0"
"F9","06/17/2024","2210","N366FR","MDW","08:38","08:29","-9","0","0","0","0","0"
"F9","06/17/2024","2348","N701FR","IND","10:00","09:50","-10","0","0","0","0","0"
"F9","06/17/2024","2349","N362FR","LAS","13:53","14:27","34","8","0","0","0","22"
"F9","06/17/2024","2356","N720FR","SAT","05:06","05:03","-3","0","0","0","0","0"
"F9","06/17/2024","2374","N613FR","TYS","16:48","16:56","8","0","0","0","0","0"
"F9","06/17/2024","2421","N305FR","SAN","15:37","16:25","48","11","0","0","0","36"
"F9","06/17/2024","2429","N313FR","LAS","15:57","18:42","165","5","0","0","0","151"
"F9","06/17/2024","2438","N330FR","RDU","15:20","15:51","31","1","0","0","0","15"
"F9","06/17/2024","2632","N716FR","DFW","18:35","19:42","67","0","0","0","0","58"
"F9","06/17/2024","2687","N640FR","PDX","22:10","22:06","-4","0","0","0","0","0"
"F9","06/17/2024","2746","N639FR","TPA","17:33","19:32","119","107","0","10","0","12"
"F9","06/17/2024","2752","N645FR","BUF","11:39","12:01","22","0","0","0","0","17"
"F9","06/17/2024","2817","N712FR","SAN","05:40","05:33","-7","0","0","0","0","0"
"F9","06/17/2024","2907","N705FR","ONT","19:10","19:11","1","0","0","0","0","0"
"F9","06/17/2024","3004","N606FR","CLT","05:31","05:30","-1","0","0","0","0","0"
"F9","06/17/2024","3101","N347FR","MSO","12:14","12:14","0","0","0","0","0","0"
"F9","06/17/2024","3138","N604FR","MIA","23:59","00:41","42","38","0","0","0","0"
"F9","06/17/2024","3162","N351FR","LGA","16:18","16:12","-6","0","0","29","0","0"
"F9","06/17/2024","3165","N341FR","LAX","19:05","20:15","70","0","0","2","0","70"
"F9","06/17/2024","3174","N390FR","ORD","17:13","17:06","-7","0","0","0","0","0"
"F9","06/17/2024","3228","N723FR","IAH","14:25","14:17","-8","0","0","0","0","0"
"F9","06/17/2024","3230","N721FR","IAH","06:00","05:50","-10","0","0","21","0","0"
"F9","06/17/2024","3266","N714FR","PHL","06:41","06:37","-4","0","0","0","0","0"
"F9","06/17/2024","3286","N611FR","CVG","05:33","05:26","-7","0","0","0","0","0"
"F9","06/17/2024","3294","N334FR","ATL","00:59","00:59","0","0","0","0","0","0"
"F9","06/17/2024","3302","N629FR","STL","06:20","06:12","-8","0","0","16","0","0"
"F9","06/17/2024","3312","N626FR","MCO","10:46","10:59","13","0","0","0","0","0"
"F9","06/17/2024","3340","N722FR","PHL","23:49","00:39","50","0","0","0","0","48"
"F9","06/17/2024","3376","N313FR","MCI","09:56","09:48","-8","0","0","0","0","0"
"F9","06/17/2024","3421","N379FR","ELP","18:27","19:14","47","0","0","0","0","34"
"F9","06/17/2024","3439","N723FR","SFO","22:12","22:35","23","23","0","21","0","0"
"F9","06/17/2024","3467","N332FR","PHX","20:03","22:02","119","67","0","0","0","51"
"F9","06/17/2024","3566","N377FR","DTW","05:10","05:05","-5","0","0","0","0","0"
"F9","06/17/2024","3665","N720FR","SMF","18:19","18:17","-2","0","0","20","0","0"
"F9","06/17/2024","3843","N722FR","LAS","18:05","18:20","15","0","0","2","0","15"
"F9","06/17/2024","3861","N705FR","SLC","06:31","06:22","-9","0","0","0","0","0"
"F9","06/17/2024","3930","N714FR","PNS","16:49","16:49","0","0","0","0","0","0"
"F9","06/17/2024","3949","N645FR","LAS","22:46","22:51","5","0","0","0","0","0"
"F9","06/17/2024","3981","N228FR","SLC","14:35","15:49","74","7","0","63","0","67"
"F9","06/17/2024","4062","N635FR","MSN","16:55","18:10","75","0","0","13","0","75"
"F9","06/17/2024","4070","N624FR","DFW","15:26","15:25","-1","0","0","0","0","0"
"F9","06/17/2024","4235","N607FR","SLC","22:58","23:19","21","0","0","4","0","21"
"F9","06/17/2024","4371","N379FR","SNA","11:29","12:28","59","16","0","0","0","36"
"F9","06/17/2024","4386","N390FR","CID","10:31","10:27","-4","0","0","0","0","0"
"F9","06/17/2024","4464","N396FR","DFW","07:15","07:08","-7","0","0","0","0","0"
"F9","06/17/2024","4616","N712FR","MSP","12:43","13:08","25","0","0","46","0","0"
"F9","06/17/2024","4647","N377FR","SEA","13:16","13:29","13","0","0","0","0","0"
"F9","06/17/2024","4753","N236FR","PHX","23:30","00:39","69","69","0","0","0","0"
"F9","06/17/2024","4794","N720FR","FAR","11:56","12:11","15","0","0","0","0","0"
"F9","06/17/2024","4927","N716FR","SAN","11:33","11:58","25","0","0","0","0","18"
"F9","06/17/2024","4989","N360FR","SAN","19:47","20:29","42","13","0","0","0","22"
"F9","06/18/2024","0686","N229FR","DCA","06:39","06:26","-13","0","0","0","0","0"
"F9","06/18/2024","0688","N305FR","DCA","12:42","12:35","-7","0","0","0","0","0"
"F9","06/18/2024","0690","N356FR","DCA","16:25","16:44","19","0","0","11","0","19"
"F9","06/18/2024","1093","N305FR","SFO","05:25","05:21","-4","0","0","0","0","0"
"F9","06/18/2024","1114","N720FR","TPA","23:59","00:16","17","0","0","20","0","17"
"F9","06/18/2024","1128","N635FR","OMA","13:00","13:54","54","24","0","51","0","30"
"F9","06/18/2024","1150","N640FR","MSP","05:01","05:11","10","0","0","0","0","0"
"F9","06/18/2024","1162","N351FR","HOU","11:11","11:06","-5","0","0","0","0","0"
"F9","06/18/2024","1175","","SEA","06:36","00:00","0","0","0","0","0","0"
"F9","06/18/2024","1261","N635FR","ONT","06:05","06:01","-4","0","0","0","0","0"
"F9","06/18/2024","1280","N712FR","MIA","18:59","18:59","0","0","0","0","0","0"
"F9","06/18/2024","1375","N720FR","PHX","05:01","04:50","-11","0","0","0","0","0"
"F9","06/18/2024","1402","N363FR","BNA","08:42","08:30","-12","0","0","0","0","0"
"F9","06/18/2024","1450","N347FR","ATL","06:31","06:27","-4","0","0","0","0","0"
"F9","06/18/2024","1465","N704FR","LAS","15:56","15:49","-7","0","0","0","0","0"
"F9","06/18/2024","1499","N714FR","ONT","22:39","00:52","133","5","0","0","0","124"
"F9","06/18/2024","1734","N717FR","MCO","00:48","02:01","73","65","0","0","0","0"
"F9","06/18/2024","1789","N714FR","PDX","05:06","04:59","-7","0","0","24","0","0"
"F9","06/18/2024","1816","N645FR","AUS","05:01","04:54","-7","0","0","0","0","0"
"F9","06/18/2024","1864","N723FR","OKC","14:49","14:48","-1","0","0","52","0","0"
"F9","06/18/2024","1918","N613FR","CLE","06:00","06:12","12","0","0","0","0","0"
"F9","06/18/2024","2015","N379FR","LAS","07:15","07:08","-7","0","0","22","0","0"
"F9","06/18/2024","2141","N347FR","PHX","14:43","15:32","49","19","0","0","0","23"
"F9","06/18/2024","2148","N714FR","DFW","12:32","13:27","55","0","0","0","0","45"
"F9","06/18/2024","2210","N356FR","MDW","09:45","10:10","25","17","0","0","0","0"
"F9","06/18/2024","2261","N607FR","ELP","08:23","08:42","19","0","0","0","0","18"
"F9","06/18/2024","2348","N606FR","IND","17:05","17:08","3","3","0","28","0","0"
"F9","06/18/2024","2349","N344FR","LAS","13:53","13:59","6","0","0","0","0","0"
"F9","06/18/2024","2360","N640FR","MSY","17:49","17:59","10","8","0","50","0","2"
"F9","06/18/2024","2382","N642FR","ORF","12:34","12:29","-5","0","0","0","0","0"
"F9","06/18/2024","2421","N720FR","SAN","17:21","17:30","9","0","0","0","0","0"
"F9","06/18/2024","2438","N332FR","RDU","15:22","15:21","-1","0","0","52","0","0"
"F9","06/18/2024","2632","N645FR","DFW","18:26","18:33","7","0","0","37","0","7"
"F9","06/18/2024","2687","N337FR","PDX","22:10","22:59","49","1","0","0","0","32"
"F9","06/18/2024","2706","N607FR","BWI","14:15","14:27","12","0","0","47","0","12"
"F9","06/18/2024","2817","N642FR","SAN","05:35","05:29","-6","0","0","0","0","0"
"F9","06/18/2024","2946","N379FR","MDW","13:46","14:16","30","30","0","23","0","0"
"F9","06/18/2024","3004","N705FR","CLT","05:11","05:56","45","37","0","0","0","0"
"F9","06/18/2024","3138","N607FR","MIA","23:59","00:48","49","2","0","1","0","47"
"F9","06/18/2024","3162","N615FR","LGA","16:18","16:34","16","0","0","68","0","16"
"F9","06/18/2024","3165","N354FR","LAX","19:05","19:07","2","0","0","0","0","0"
"F9","06/18/2024","3172","N330FR","ORD","21:10","21:30","20","20","0","75","0","0"
"F9","06/18/2024","3228","N229FR","IAH","16:48","16:38","-10","0","0","0","0","0"
"F9","06/18/2024","3230","N371FR","IAH","08:42","08:33","-9","0","0","0","0","0"
"F9","06/18/2024","3266","N604FR","PHL","11:07","11:12","5","0","0","0","0","0"
"F9","06/18/2024","3276","N331FR","BMI","13:08","13:36","28","0","0","5","0","28"
"F9","06/18/2024","3286","N377FR","CVG","07:28","07:24","-4","0","0","0","0","0"
"F9","06/18/2024","3294","N367FR","ATL","00:59","01:55","56","30","0","0","0","0"
"F9","06/18/2024","3302","N645FR","STL","11:39","11:47","8","8","0","8","0","0"
"F9","06/18/2024","3312","N638FR","MCO","10:21","10:12","-9","0","0","0","0","0"
"F9","06/18/2024","3340","N625FR","PHL","23:59","00:04","5","0","0","0","0","0"
"F9","06/18/2024","3376","N624FR","MCI","05:35","05:27","-8","0","0","0","0","0"
"F9","06/18/2024","3439","N624FR","SFO","22:12","22:06","-6","0","0","0","0","0"
"F9","06/18/2024","3467","N309FR","PHX","20:18","20:58","40","0","0","6","0","40"
"F9","06/18/2024","3566","N646FR","DTW","12:46","13:10","24","0","0","0","0","0"
"F9","06/18/2024","3951","N642FR","LAS","23:00","22:57","-3","0","0","0","0","0"
"F9","06/18/2024","3981","N615FR","SLC","11:17","11:37","20","20","0","2","0","0"
"F9","06/18/2024","4235","N338FR","SLC","22:36","23:28","52","0","0","0","0","38"
"F9","06/18/2024","4251","N360FR","SLC","17:45","17:39","-6","0","0","36","0","0"
"F9","06/18/2024","4344","N640FR","XNA","11:38","11:34","-4","0","0","0","0","0"
"F9","06/18/2024","4371","N351FR","SNA","18:34","18:26","-8","0","0","0","0","0"
"F9","06/18/2024","4374","N723FR","PIT","06:00","06:06","6","0","0","0","0","0"
"F9","06/18/2024","4386","N720FR","CID","11:03","10:53","-10","0","0","0","0","0"
"F9","06/18/2024","4576","N701FR","CMH","14:47","14:49","2","0","0","74","0","2"
"F9","06/18/2024","4616","N352FR","MSP","15:15","16:40","85","2","0","2","0","83"
"F9","06/18/2024","4626","N338FR","MEM","15:43","15:38","-5","0","0","51","0","0"
"F9","06/18/2024","4647","N611FR","SEA","17:10","17:08","-2","0","0","0","0","0"
"F9","06/18/2024","4776","N634FR","LIT","10:31","10:28","-3","0","0","0","0","0"
"F9","06/18/2024","4794","N338FR","FAR","09:57","09:46","-11","0","0","0","0","0"
"F9","06/18/2024","4967","N634FR","LAS","18:22","18:24","2","0","0","0","0","0"
"F9","06/18/2024","4989","N377FR","SAN","19:54","19:47","-7","0","0","0","0","0"
"F9","06/19/2024","0686","N363FR","DCA","06:35","06:26","-9","0","0","0","0","0"
"F9","06/19/2024","0688","N229FR","DCA","12:42","12:54","12","0","0","0","0","0"
"F9","06/19/2024","0690","N311FR","DCA","16:25","16:53","28","0","0","0","0","0"
"F9","06/19/2024","1066","N640FR","GRB","09:25","09:13","-12","0","0","0","0","0"
"F9","06/19/2024","1093","N337FR","SFO","06:31","07:16","45","45","0","17","0","0"
"F9","06/19/2024","1114","N640FR","TPA","23:59","23:53","-6","0","0","0","0","0"
"F9","06/19/2024","1128","N714FR","OMA","11:13","11:32","19","0","0","0","0","0"
"F9","06/19/2024","1130","N373FR","HOU","18:07","17:55","-12","0","0","0","0","0"
"F9","06/19/2024","1175","N229FR","SEA","05:06","05:17","11","0","0","0","0","0"
"F9","06/19/2024","1248","N718FR","GRR","12:51","13:18","27","0","0","0","0","0"
"F9","06/19/2024","1261","N701FR","ONT","05:40","05:33","-7","0","0","0","0","0"
"F9","06/19/2024","1280","N706FR","MIA","18:59","19:27","28","20","0","0","0","0"
"F9","06/19/2024","1292","N638FR","MSP","18:59","20:01","62","0","0","0","0","51"
"F9","06/19/2024","1402","N338FR","BNA","08:13","08:03","-10","0","0","0","0","0"
"F9","06/19/2024","1450","N624FR","ATL","06:36","06:34","-2","0","0","0","0","0"
"F9","06/19/2024","1499","N604FR","ONT","22:29","22:23","-6","0","0","0","0","0"
"F9","06/19/2024","1560","N305FR","MSN","12:14","12:24","10","0","0","0","0","0"
"F9","06/19/2024","1608","N305FR","MKE","05:20","05:10","-10","0","0","0","0","0"
"F9","06/19/2024","1678","N706FR","DSM","05:36","05:34","-2","0","0","0","0","0"
"F9","06/19/2024","1702","N338FR","SYR","15:06","15:22","16","0","0","0","0","0"
"F9","06/19/2024","1734","N721FR","MCO","00:49","00:50","1","0","0","0","0","0"
"F9","06/19/2024","1789","N373FR","PDX","05:06","05:01","-5","0","0","0","0","0"
"F9","06/19/2024","1816","N645FR","AUS","06:05","06:07","2","0","0","0","0","0"
"F9","06/19/2024","1864","N606FR","OKC","12:26","12:41","15","0","0","0","0","0"
"F9","06/19/2024","1918","N638FR","CLE","11:07","12:07","60","39","0","0","0","0"
"F9","06/19/2024","2015","N634FR","LAS","06:03","06:03","0","0","0","0","0","0"
"F9","06/19/2024","2108","N310FR","FSD","09:57","10:13","16","0","0","2","0","16"
"F9","06/19/2024","2141","N377FR","PHX","14:33","14:25","-8","0","0","0","0","0"
"F9","06/19/2024","2148","N356FR","DFW","09:40","10:11","31","12","0","36","0","19"
"F9","06/19/2024","2210","N331FR","MDW","08:38","08:37","-1","0","0","0","0","0"
"F9","06/19/2024","2348","N604FR","IND","06:31","06:24","-7","0","0","0","0","0"
"F9","06/19/2024","2349","N385FR","LAS","13:53","14:23","30","21","0","0","0","0"
"F9","06/19/2024","2374","N604FR","TYS","14:00","13:55","-5","0","0","0","0","0"
"F9","06/19/2024","2421","N720FR","SAN","16:41","17:19","38","1","0","0","0","34"
"F9","06/19/2024","2429","N362FR","LAS","15:53","15:43","-10","0","0","0","0","0"
"F9","06/19/2024","2438","N363FR","RDU","15:52","15:46","-6","0","0","0","0","0"
"F9","06/19/2024","2577","N310FR","SNA","15:33","15:57","24","7","0","0","0","10"
"F9","06/19/2024","2746","N606FR","TPA","17:55","18:36","41","0","0","0","0","24"
"F9","06/19/2024","2752","N645FR","BUF","12:42","13:08","26","0","0","0","0","0"
"F9","06/19/2024","2817","","SAN","05:35","00:00","0","0","0","0","0","0"
"F9","06/19/2024","3004","N723FR","CLT","05:01","05:02","1","1","0","19","0","0"
"F9","06/19/2024","3101","N373FR","MSO","12:19","12:12","-7","0","0","0","0","0"
"F9","06/19/2024","3138","N723FR","MIA","23:46","00:19","33","0","0","0","0","18"
"F9","06/19/2024","3162","N611FR","LGA","16:18","16:47","29","0","0","0","0","20"
"F9","06/19/2024","3165","N305FR","LAX","19:05","19:38","33","27","0","0","0","0"
"F9","06/19/2024","3174","N331FR","ORD","17:13","17:07","-6","0","0","0","0","0"
"F9","06/19/2024","3228","N706FR","IAH","11:29","11:55","26","0","0","0","0","16"
"F9","06/19/2024","3230","N606FR","IAH","05:01","05:03","2","0","0","0","0","0"
"F9","06/19/2024","3266","N635FR","PHL","06:05","06:04","-1","0","0","0","0","0"
"F9","06/19/2024","3286","N642FR","CVG","05:40","05:33","-7","0","0","0","0","0"
"F9","06/19/2024","3294","N351FR","ATL","00:59","02:02","63","36","0","0","0","0"
"F9","06/19/2024","3302","N620FR","STL","06:20","06:12","-8","0","0","0","0","0"
"F9","06/19/2024","3312","N712FR","MCO","10:54","11:18","24","0","0","0","0","0"
"F9","06/19/2024","3340","N710FR","PHL","23:56","23:59","3","0","0","0","0","0"
"F9","06/19/2024","3376","N640FR","MCI","16:36","16:33","-3","0","0","0","0","0"
"F9","06/19/2024","3405","N382FR","SEA","18:47","19:41","54","0","0","0","0","47"
"F9","06/19/2024","3421","N719FR","ELP","12:34","12:32","-2","0","0","0","0","0"
"F9","06/19/2024","3437","N347FR","SFO","22:22","22:49","27","25","0","0","0","0"
"F9","06/19/2024","3566","N615FR","DTW","12:15","12:25","10","0","0","0","0","0"
"F9","06/19/2024","3665","N701FR","SMF","19:36","19:49","13","0","0","0","0","0"
"F9","06/19/2024","3708","N719FR","SAT","18:15","19:05","50","0","0","0","0","42"
"F9","06/19/2024","3930","N702FR","PNS","16:23","16:16","-7","0","0","0","0","0"
"F9","06/19/2024","3951","N229FR","LAS","23:00","22:51","-9","0","0","0","0","0"
"F9","06/19/2024","3981","N332FR","SLC","11:12","11:32","20","6","0","16","0","14"
"F9","06/19/2024","4070","N624FR","DFW","15:14","15:12","-2","0","0","0","0","0"
"F9","06/19/2024","4235","N613FR","SLC","22:38","22:37","-1","0","0","0","0","0"
"F9","06/19/2024","4386","N611FR","CID","10:24","10:17","-7","0","0","0","0","0"
"F9","06/19/2024","4751","N372FR","PHX","21:55","22:34","39","0","0","0","0","32"
"F9","06/19/2024","4794","N702FR","FAR","10:15","10:17","2","0","0","0","0","0"
"F9","06/19/2024","4927","N701FR","SAN","12:32","12:42","10","0","0","0","0","0"
"F9","06/19/2024","4967","N339FR","LAS","21:00","21:22","22","0","0","0","0","0"
"F9","06/20/2024","0686","N338FR","DCA","06:39","06:28","-11","0","0","0","0","0"
"F9","06/20/2024","0688","N228FR","DCA","12:35","12:35","0","0","0","0","0","0"
"F9","06/20/2024","0690","N332FR","DCA","16:25","18:16","111","108","0","3","0","3"
"F9","06/20/2024","1093","N382FR","SFO","05:01","04:50","-11","0","0","0","0","0"
"F9","06/20/2024","1114","N645FR","TPA","23:59","23:56","-3","0","0","26","0","0"
"F9","06/20/2024","1128","N611FR","OMA","12:34","12:24","-10","0","0","0","0","0"
"F9","06/20/2024","1150","N701FR","MSP","05:01","04:56","-5","0","0","0","0","0"
"F9","06/20/2024","1175","N613FR","SEA","08:23","08:13","-10","0","0","0","0","0"
"F9","06/20/2024","1261","N719FR","ONT","09:35","09:49","14","0","0","0","0","0"
"F9","06/20/2024","1280","N635FR","MIA","18:59","18:50","-9","0","0","0","0","0"
"F9","06/20/2024","1375","N331FR","PHX","05:11","05:07","-4","0","0","0","0","0"
"F9","06/20/2024","1402","N329FR","BNA","08:42","08:56","14","0","0","0","0","0"
"F9","06/20/2024","1450","N337FR","ATL","10:37","10:27","-10","0","0","0","0","0"
"F9","06/20/2024","1499","N714FR","ONT","22:18","23:28","70","0","0","0","0","67"
"F9","06/20/2024","1678","N332FR","DSM","10:48","11:21","33","0","0","0","0","30"
"F9","06/20/2024","1734","N624FR","MCO","00:48","00:47","-1","0","0","0","0","0"
"F9","06/20/2024","1789","N604FR","PDX","06:05","05:58","-7","0","0","0","0","0"
"F9","06/20/2024","1816","N310FR","AUS","17:17","22:25","308","0","0","0","0","299"
"F9","06/20/2024","1819","N313FR","PHX","08:51","08:54","3","0","0","0","0","0"
"F9","06/20/2024","1864","N311FR","OKC","09:56","09:51","-5","0","0","16","0","0"
"F9","06/20/2024","1918","N642FR","CLE","06:00","05:57","-3","0","0","0","0","0"
"F9","06/20/2024","1993","N639FR","LAS","10:42","10:37","-5","0","0","0","0","0"
"F9","06/20/2024","2098","N338FR","SAT","15:40","15:33","-7","0","0","0","0","0"
"F9","06/20/2024","2108","N310FR","FSD","13:08","14:28","80","0","0","37","0","80"
"F9","06/20/2024","2141","N331FR","PHX","14:41","14:38","-3","0","0","15","0","0"
"F9","06/20/2024","2261","N337FR","ELP","05:01","04:56","-5","0","0","0","0","0"
"F9","06/20/2024","2348","N722FR","IND","05:06","05:19","13","0","0","0","0","0"
"F9","06/20/2024","2349","N341FR","LAS","13:51","13:48","-3","0","0","0","0","0"
"F9","06/20/2024","2360","N710FR","MSY","18:00","21:38","218","0","0","0","0","194"
"F9","06/20/2024","2382","N229FR","ORF","06:00","09:38","218","203","0","0","0","0"
"F9","06/20/2024","2429","N317FR","LAS","15:52","15:42","-10","0","0","0","0","0"
"F9","06/20/2024","2438","N311FR","RDU","15:16","15:23","7","0","0","0","0","0"
"F9","06/20/2024","2632","N702FR","DFW","19:08","19:58","50","0","0","0","0","49"
"F9","06/20/2024","2687","N604FR","PDX","22:07","22:03","-4","0","0","0","0","0"
"F9","06/20/2024","2706","N716FR","BWI","07:12","07:01","-11","0","0","0","0","0"
"F9","06/20/2024","2746","N620FR","TPA","11:34","11:50","16","0","0","0","0","0"
"F9","06/20/2024","2780","N366FR","MDW","07:42","07:55","13","5","0","4","0","8"
"F9","06/20/2024","2817","N611FR","SAN","05:35","05:33","-2","0","0","0","0","0"
"F9","06/20/2024","3004","N645FR","CLT","05:11","05:05","-6","0","0","0","0","0"
"F9","06/20/2024","3138","N607FR","MIA","23:59","00:08","9","0","0","0","0","0"
"F9","06/20/2024","3155","N337FR","LAX","19:05","22:05","180","21","0","7","0","159"
"F9","06/20/2024","3162","N610FR","LGA","16:18","16:18","0","0","0","0","0","0"
"F9","06/20/2024","3172","N360FR","ORD","21:10","23:00","110","0","0","0","0","95"
"F9","06/20/2024","3230","N702FR","IAH","05:40","05:38","-2","0","0","0","0","0"
"F9","06/20/2024","3266","N720FR","PHL","11:07","11:04","-3","0","0","0","0","0"
"F9","06/20/2024","3276","N604FR","BMI","13:39","13:36","-3","0","0","0","0","0"
"F9","06/20/2024","3286","N373FR","CVG","07:28","07:30","2","0","0","0","0","0"
"F9","06/20/2024","3294","N367FR","ATL","00:59","00:57","-2","0","0","0","0","0"
"F9","06/20/2024","3302","N701FR","STL","11:24","11:24","0","0","0","0","0","0"
"F9","06/20/2024","3312","N603FR","MCO","09:04","09:01","-3","0","0","0","0","0"
"F9","06/20/2024","3340","N614FR","PHL","23:59","01:17","78","0","0","0","0","63"
"F9","06/20/2024","3376","N714FR","MCI","05:35","05:30","-5","0","0","0","0","0"
"F9","06/20/2024","3421","N228FR","ELP","19:34","21:27","113","0","0","0","0","105"
"F9","06/20/2024","3439","N611FR","SFO","22:12","22:09","-3","0","0","59","0","0"
"F9","06/20/2024","3467","N329FR","PHX","20:59","22:59","120","0","0","4","0","120"
"F9","06/20/2024","3570","N723FR","DTW","12:46","12:40","-6","0","0","37","0","0"
"F9","06/20/2024","3951","N338FR","LAS","23:00","23:27","27","0","0","0","0","19"
"F9","06/20/2024","3981","N387FR","SLC","11:17","11:26","9","9","0","40","0","0"
"F9","06/20/2024","4030","N613FR","SAV","16:32","16:26","-6","0","0","0","0","0"
"F9","06/20/2024","4062","N716FR","MSN","16:51","16:52","1","0","0","0","0","0"
"F9","06/20/2024","4070","N638FR","DFW","14:40","15:29","49","0","0","0","0","20"
"F9","06/20/2024","4235","N344FR","SLC","22:50","23:38","48","0","0","0","0","43"
"F9","06/20/2024","4251","N713FR","SLC","17:24","17:20","-4","0","0","0","0","0"
"F9","06/20/2024","4344","N310FR","XNA","07:21","08:42","81","73","0","0","0","0"
"F9","06/20/2024","4371","N387FR","SNA","16:22","18:27","125","5","0","2","0","120"
"F9","06/20/2024","4374","N719FR","PIT","16:29","16:21","-8","0","0","0","0","0"
"F9","06/20/2024","4386","N702FR","CID","12:52","13:04","12","0","0","0","0","0"
"F9","06/20/2024","4576","N382FR","CMH","12:16","12:23","7","0","0","0","0","0"
"F9","06/20/2024","4616","N607FR","MSP","13:42","13:49","7","7","0","8","0","0"
"F9","06/20/2024","4626","N344FR","MEM","15:51","16:14","23","0","0","0","0","0"
"F9","06/20/2024","4647","N372FR","SEA","16:47","17:25","38","5","0","8","0","33"
"F9","06/20/2024","4776","N713FR","LIT","10:31","10:21","-10","0","0","0","0","0"
"F9","06/20/2024","4794","N638FR","FAR","08:40","10:14","94","82","0","0","0","0"
"F9","06/20/2024","4856","N701FR","IAH","18:09","18:08","-1","0","0","17","0","0"
"F9","06/20/2024","4927","N722FR","SAN","12:31","12:23","-8","0","0","0","0","0"
"F9","06/20/2024","4967","N307FR","LAS","18:59","20:09","70","0","0","0","0","58"
"F9","06/20/2024","4989","N343FR","SAN","19:54","21:20","86","0","0","4","0","86"
"F9","06/21/2024","0686","N228FR","DCA","06:43","06:33","-10","0","0","0","0","0"
"F9","06/21/2024","0688","N338FR","DCA","12:44","12:52","8","0","0","0","0","0"
"F9","06/21/2024","0690","N311FR","DCA","16:25","16:30","5","0","0","16","0","5"
"F9","06/21/2024","1066","N637FR","GRB","14:13","14:09","-4","0","0","0","0","0"
"F9","06/21/2024","1093","N387FR","SFO","06:31","07:41","70","68","0","0","0","0"
"F9","06/21/2024","1114","N610FR","TPA","23:59","24:00","1","0","0","0","0","0"
"F9","06/21/2024","1128","N311FR","OMA","11:08","11:01","-7","0","0","0","0","0"
"F9","06/21/2024","1162","N344FR","HOU","08:13","08:03","-10","0","0","0","0","0"
"F9","06/21/2024","1175","N338FR","SEA","05:14","05:09","-5","0","0","0","0","0"
"F9","06/21/2024","1248","N721FR","GRR","13:03","13:22","19","0","0","0","0","0"
"F9","06/21/2024","1261","N372FR","ONT","05:01","04:53","-8","0","0","0","0","0"
"F9","06/21/2024","1280","N621FR","MIA","18:59","19:24","25","0","0","0","0","0"
"F9","06/21/2024","1292","N635FR","MSP","18:59","19:07","8","0","0","0","0","0"
"F9","06/21/2024","1324","N722FR","DFW","05:11","05:11","0","0","0","0","0","0"
"F9","06/21/2024","1402","N714FR","BNA","06:31","06:25","-6","0","0","0","0","0"
"F9","06/21/2024","1450","N701FR","ATL","06:45","06:42","-3","0","0","0","0","0"
"F9","06/21/2024","1499","N609FR","ONT","22:20","22:58","38","0","0","0","0","25"
"F9","06/21/2024","1678","N722FR","DSM","11:41","12:09","28","0","0","0","0","17"
"F9","06/21/2024","1702","N609FR","SYR","12:38","12:33","-5","0","0","0","0","0"
"F9","06/21/2024","1734","N716FR","MCO","00:48","00:45","-3","0","0","0","0","0"
"F9","06/21/2024","1752","N385FR","CVG","20:24","21:35","71","0","0","1","0","71"
"F9","06/21/2024","1816","N713FR","AUS","05:06","04:56","-10","0","0","0","0","0"
"F9","06/21/2024","1819","N303FR","PHX","08:51","09:33","42","0","0","39","0","0"
"F9","06/21/2024","1864","N610FR","OKC","10:55","11:19","24","0","0","0","0","18"
"F9","06/21/2024","1918","N714FR","CLE","14:16","14:33","17","0","0","0","0","0"
"F9","06/21/2024","1993","N638FR","LAS","10:12","11:10","58","52","0","0","0","0"
"F9","06/21/2024","2015","N719FR","LAS","06:00","05:52","-8","0","0","0","0","0"
"F9","06/21/2024","2108","N332FR","FSD","09:57","09:55","-2","0","0","0","0","0"
"F9","06/21/2024","2141","N329FR","PHX","14:37","17:45","188","0","0","63","0","188"
"F9","06/21/2024","2210","N229FR","MDW","08:38","08:55","17","0","0","0","0","0"
"F9","06/21/2024","2261","N640FR","ELP","17:43","17:47","4","0","0","0","0","0"
"F9","06/21/2024","2348","N644FR","IND","10:02","10:12","10","0","0","0","0","0"
"F9","06/21/2024","2349","N304FR","LAS","13:53","13:56","3","0","0","14","0","3"
"F9","06/21/2024","2356","N613FR","SAT","05:06","04:54","-12","0","0","0","0","0"
"F9","06/21/2024","2360","N620FR","MSY","18:10","18:03","-7","0","0","0","0","0"
"F9","06/21/2024","2374","N604FR","TYS","16:39","16:33","-6","0","0","0","0","0"
"F9","06/21/2024","2421","N344FR","SAN","15:37","15:44","7","0","0","0","0","0"
"F9","06/21/2024","2438","N332FR","RDU","15:22","15:15","-7","0","0","0","0","0"
"F9","06/21/2024","2632","N613FR","DFW","18:42","19:37","55","0","0","0","0","32"
"F9","06/21/2024","2687","N702FR","PDX","22:00","22:17","17","0","0","0","0","0"
"F9","06/21/2024","2746","N644FR","TPA","17:33","18:04","31","12","0","4","0","19"
"F9","06/21/2024","2754","N380FR","BUF","12:15","13:49","94","0","0","28","0","94"
"F9","06/21/2024","2817","N609FR","SAN","05:35","05:19","-16","0","0","0","0","0"
"F9","06/21/2024","2907","N607FR","ONT","20:00","19:48","-12","0","0","0","0","0"
"F9","06/21/2024","3004","N710FR","CLT","05:11","05:17","6","0","0","0","0","0"
"F9","06/21/2024","3101","N351FR","MSO","12:00","11:55","-5","0","0","30","0","0"
"F9","06/21/2024","3138","N637FR","MIA","23:59","00:04","5","0","0","0","0","0"
"F9","06/21/2024","3162","N228FR","LGA","16:18","16:13","-5","0","0","34","0","0"
"F9","06/21/2024","3165","N372FR","LAX","19:05","20:16","71","68","0","0","0","0"
"F9","06/21/2024","3174","N236FR","ORD","17:13","17:23","10","10","0","7","0","0"
"F9","06/21/2024","3219","N701FR","SLC","22:27","22:44","17","0","0","5","0","17"
"F9","06/21/2024","3230","N621FR","IAH","11:24","12:23","59","0","0","0","0","41"
"F9","06/21/2024","3266","N604FR","PHL","06:36","06:34","-2","0","0","0","0","0"
"F9","06/21/2024","3276","N607FR","BMI","11:44","12:01","17","0","0","0","0","0"
"F9","06/21/2024","3294","N307FR","ATL","00:59","01:45","46","0","0","0","0","17"
"F9","06/21/2024","3302","N611FR","STL","06:31","06:50","19","0","0","0","0","0"
"F9","06/21/2024","3312","N631FR","MCO","10:49","10:51","2","0","0","0","0","0"
"F9","06/21/2024","3340","N722FR","PHL","23:59","00:55","56","17","0","0","0","36"
"F9","06/21/2024","3376","N702FR","MCI","05:35","05:51","16","0","0","0","0","0"
"F9","06/21/2024","3437","N338FR","SFO","22:22","23:48","86","55","0","0","0","20"
"F9","06/21/2024","3467","N383FR","PHX","20:03","21:04","61","0","0","9","0","61"
"F9","06/21/2024","3566","N637FR","DTW","06:00","06:02","2","0","0","0","0","0"
"F9","06/21/2024","3667","N310FR","SMF","18:31","20:41","130","0","0","0","0","118"
"F9","06/21/2024","3843","N722FR","LAS","17:54","18:48","54","47","0","0","0","0"
"F9","06/21/2024","3861","N621FR","SLC","06:31","06:45","14","14","0","3","0","0"
"F9","06/21/2024","3930","N633FR","PNS","16:48","17:06","18","0","0","0","0","0"
"F9","06/21/2024","3949","N714FR","LAS","22:46","23:09","23","0","0","0","0","0"
"F9","06/21/2024","3981","N303FR","SLC","14:35","15:21","46","6","0","12","0","40"
"F9","06/21/2024","4062","N610FR","MSN","16:51","16:44","-7","0","0","0","0","0"
"F9","06/21/2024","4070","N701FR","DFW","15:26","16:00","34","34","0","6","0","0"
"F9","06/21/2024","4344","N613FR","XNA","11:56","11:49","-7","0","0","0","0","0"
"F9","06/21/2024","4371","N351FR","SNA","17:48","19:17","89","0","0","4","0","89"
"F9","06/21/2024","4386","N633FR","CID","10:31","10:50","19","0","0","0","0","0"
"F9","06/21/2024","4464","N334FR","DFW","07:15","07:57","42","0","0","0","0","31"
"F9","06/21/2024","4616","N610FR","MSP","05:01","04:59","-2","0","0","0","0","0"
"F9","06/21/2024","4647","N719FR","SEA","12:24","12:49","25","6","0","0","0","15"
"F9","06/21/2024","4753","N350FR","PHX","23:30","23:42","12","0","0","0","0","0"
"F9","06/21/2024","4794","N713FR","FAR","11:43","12:04","21","0","0","0","0","0"
"F9","06/21/2024","4856","N713FR","IAH","18:00","18:45","45","0","0","0","0","18"
"F9","06/21/2024","4927","N372FR","SAN","11:28","11:22","-6","0","0","0","0","0"
"F9","06/21/2024","4989","N324FR","SAN","19:54","21:31","97","0","0","0","0","93"
"F9","06/22/2024","0686","N338FR","DCA","06:39","06:38","-1","0","0","0","0","0"
"F9","06/22/2024","0688","N310FR","DCA","12:44","12:48","4","0","0","0","0","0"
"F9","06/22/2024","0690","N387FR","DCA","16:25","16:16","-9","0","0","0","0","0"
"F9","06/22/2024","1093","N344FR","SFO","06:31","06:20","-11","0","0","0","0","0"
"F9","06/22/2024","1114","N604FR","TPA","23:59","01:16","77","7","0","0","0","61"
"F9","06/22/2024","1128","N607FR","OMA","12:31","12:25","-6","0","0","0","0","0"
"F9","06/22/2024","1150","N387FR","MSP","05:06","05:03","-3","0","0","0","0","0"
"F9","06/22/2024","1162","N351FR","HOU","05:01","04:58","-3","0","0","0","0","0"
"F9","06/22/2024","1175","N701FR","SEA","08:23","08:13","-10","0","0","0","0","0"
"F9","06/22/2024","1228","N308FR","MDW","18:04","18:08","4","0","0","0","0","0"
"F9","06/22/2024","1248","N610FR","GRR","10:31","10:47","16","0","0","0","0","0"
"F9","06/22/2024","1261","N305FR","ONT","12:15","12:25","10","0","0","0","0","0"
"F9","06/22/2024","1280","N351FR","MIA","18:07","18:27","20","0","0","0","0","0"
"F9","06/22/2024","1402","N702FR","BNA","14:17","14:10","-7","0","0","0","0","0"
"F9","06/22/2024","1450","N332FR","ATL","11:14","11:20","6","0","0","0","0","0"
"F9","06/22/2024","1465","N631FR","LAS","15:53","15:51","-2","0","0","0","0","0"
"F9","06/22/2024","1608","N386FR","MKE","05:15","05:07","-8","0","0","0","0","0"
"F9","06/22/2024","1678","N705FR","DSM","17:35","17:25","-10","0","0","0","0","0"
"F9","06/22/2024","1702","N713FR","SYR","12:54","13:14","20","0","0","0","0","0"
"F9","06/22/2024","1734","N704FR","MCO","00:48","00:45","-3","0","0","0","0","0"
"F9","06/22/2024","1789","N609FR","PDX","05:55","05:46","-9","0","0","0","0","0"
"F9","06/22/2024","1816","N640FR","AUS","05:01","04:56","-5","0","0","0","0","0"
"F9","06/22/2024","1993","N634FR","LAS","10:07","09:52","-15","0","0","0","0","0"
"F9","06/22/2024","2015","N702FR","LAS","05:30","05:33","3","0","0","0","0","0"
"F9","06/22/2024","2098","N712FR","SAT","10:44","11:35","51","40","0","0","0","0"
"F9","06/22/2024","2105","N719FR","PHX","16:53","17:24","31","0","0","2","0","31"
"F9","06/22/2024","2108","N228FR","FSD","14:39","14:30","-9","0","0","0","0","0"
"F9","06/22/2024","2141","N386FR","PHX","14:23","14:25","2","0","0","0","0","0"
"F9","06/22/2024","2148","N640FR","DFW","11:39","12:07","28","0","0","0","0","0"
"F9","06/22/2024","2210","N384FR","MDW","08:25","08:35","10","0","0","0","0","0"
"F9","06/22/2024","2261","N713FR","ELP","07:00","06:52","-8","0","0","0","0","0"
"F9","06/22/2024","2348","N710FR","IND","05:21","05:20","-1","0","0","0","0","0"
"F9","06/22/2024","2349","N372FR","LAS","13:53","13:46","-7","0","0","0","0","0"
"F9","06/22/2024","2374","N311FR","TYS","12:10","12:07","-3","0","0","0","0","0"
"F9","06/22/2024","2421","N620FR","SAN","15:12","15:06","-6","0","0","0","0","0"
"F9","06/22/2024","2438","N329FR","RDU","15:20","15:21","1","0","0","0","0","0"
"F9","06/22/2024","2577","N228FR","SNA","08:00","07:50","-10","0","0","0","0","0"
"F9","06/22/2024","2632","N610FR","DFW","18:40","18:52","12","0","0","0","0","0"
"F9","06/22/2024","2687","N620FR","PDX","22:12","22:02","-10","0","0","0","0","0"
"F9","06/22/2024","2706","N637FR","BWI","11:05","10:56","-9","0","0","30","0","0"
"F9","06/22/2024","2746","N712FR","TPA","17:33","17:54","21","0","0","0","0","0"
"F9","06/22/2024","2752","N701FR","BUF","16:37","16:29","-8","0","0","0","0","0"
"F9","06/22/2024","2817","N607FR","SAN","05:36","05:35","-1","0","0","0","0","0"
"F9","06/22/2024","3004","N604FR","CLT","05:31","05:26","-5","0","0","0","0","0"
"F9","06/22/2024","3101","N351FR","MSO","12:16","12:10","-6","0","0","0","0","0"
"F9","06/22/2024","3138","N635FR","MIA","23:59","00:11","12","0","0","0","0","0"
"F9","06/22/2024","3162","N338FR","LGA","16:18","17:13","55","0","0","75","0","0"
"F9","06/22/2024","3165","N381FR","LAX","19:05","19:24","19","0","0","0","0","0"
"F9","06/22/2024","3174","N377FR","ORD","17:31","17:22","-9","0","0","0","0","0"
"F9","06/22/2024","3219","N702FR","SLC","22:27","22:23","-4","0","0","0","0","0"
"F9","06/22/2024","3230","N714FR","IAH","05:06","06:01","55","27","0","0","0","15"
"F9","06/22/2024","3266","N719FR","PHL","06:45","07:45","60","60","0","2","0","0"
"F9","06/22/2024","3286","N635FR","CVG","05:45","05:37","-8","0","0","0","0","0"
"F9","06/22/2024","3294","N236FR","ATL","00:59","00:51","-8","0","0","0","0","0"
"F9","06/22/2024","3302","N613FR","STL","06:20","06:13","-7","0","0","0","0","0"
"F9","06/22/2024","3312","N711FR","MCO","10:46","11:02","16","0","0","0","0","0"
"F9","06/22/2024","3340","N633FR","PHL","23:59","00:24","25","0","0","0","0","0"
"F9","06/22/2024","3376","N712FR","MCI","05:01","04:52","-9","0","0","0","0","0"
"F9","06/22/2024","3405","N332FR","SEA","19:34","20:50","76","22","0","0","0","40"
"F9","06/22/2024","3439","N637FR","SFO","22:12","22:06","-6","0","0","0","0","0"
"F9","06/22/2024","3566","N718FR","DTW","12:46","12:53","7","0","0","0","0","0"
"F9","06/22/2024","3825","N611FR","ONT","22:39","22:31","-8","0","0","0","0","0"
"F9","06/22/2024","3930","N609FR","PNS","13:24","13:34","10","0","0","0","0","0"
"F9","06/22/2024","3951","N713FR","LAS","23:00","22:46","-14","0","0","0","0","0"
"F9","06/22/2024","3981","N387FR","SLC","11:13","11:12","-1","0","0","0","0","0"
"F9","06/22/2024","4053","N343FR","SAN","10:47","10:48","1","0","0","20","0","1"
"F9","06/22/2024","4062","N640FR","MSN","18:21","18:09","-12","0","0","0","0","0"
"F9","06/22/2024","4344","N710FR","XNA","12:30","12:51","21","0","0","0","0","0"
"F9","06/22/2024","4386","N607FR","CID","17:54","17:52","-2","0","0","0","0","0"
"F9","06/22/2024","4638","N605FR","CLE","18:54","18:45","-9","0","0","0","0","0"
"F9","06/22/2024","4721","N386FR","SLC","20:08","20:07","-1","0","0","0","0","0"
"F9","06/22/2024","4753","N309FR","PHX","23:30","23:15","-15","0","0","0","0","0"
"F9","06/22/2024","4794","N620FR","FAR","09:15","09:05","-10","0","0","0","0","0"
"F9","06/22/2024","4856","N710FR","IAH","18:12","18:46","34","0","0","0","0","0"
"F9","06/22/2024","4927","N633FR","SAN","12:51","13:24","33","28","0","0","0","0"
"F9","06/23/2024","0686","N311FR","DCA","06:41","06:30","-11","0","0","0","0","0"
"F9","06/23/2024","0688","N228FR","DCA","12:42","12:31","-11","0","0","16","0","0"
"F9","06/23/2024","0690","N344FR","DCA","16:25","17:09","44","44","0","30","0","0"
"F9","06/23/2024","1093","N377FR","SFO","05:11","05:10","-1","0","0","0","0","0"
"F9","06/23/2024","1114","","TPA","23:59","00:00","0","0","0","0","0","0"
"F9","06/23/2024","1128","N702FR","OMA","08:18","08:32","14","0","0","0","0","0"
"F9","06/23/2024","1150","N701FR","MSP","05:06","04:59","-7","0","0","0","0","0"
"F9","06/23/2024","1162","N228FR","HOU","05:22","05:19","-3","0","0","0","0","0"
"F9","06/23/2024","1175","N609FR","SEA","07:10","07:01","-9","0","0","0","0","0"
"F9","06/23/2024","1261","N332FR","ONT","09:15","09:19","4","0","0","0","0","0"
"F9","06/23/2024","1280","N640FR","MIA","18:59","18:55","-4","0","0","0","0","0"
"F9","06/23/2024","1375","N344FR","PHX","05:11","05:05","-6","0","0","0","0","0"
"F9","06/23/2024","1402","N304FR","BNA","08:42","08:50","8","0","0","0","0","0"
"F9","06/23/2024","1450","N625FR","ATL","10:37","12:41","124","0","0","27","0","124"
"F9","06/23/2024","1499","N702FR","ONT","22:39","22:35","-4","0","0","0","0","0"
"F9","06/23/2024","1560","N614FR","MSN","15:37","15:54","17","0","0","0","0","0"
"F9","06/23/2024","1678","N344FR","DSM","10:48","10:36","-12","0","0","0","0","0"
"F9","06/23/2024","1734","N638FR","MCO","00:48","00:32","-16","0","0","0","0","0"
"F9","06/23/2024","1789","N719FR","PDX","07:00","07:05","5","0","0","0","0","0"
"F9","06/23/2024","1816","N329FR","AUS","17:06","17:13","7","0","0","0","0","0"
"F9","06/23/2024","1819","N331FR","PHX","08:55","08:50","-5","0","0","0","0","0"
"F9","06/23/2024","1864","N387FR","OKC","09:57","09:56","-1","0","0","0","0","0"
"F9","06/23/2024","1918","N637FR","CLE","06:03","06:04","1","0","0","0","0","0"
"F9","06/23/2024","1993","N631FR","LAS","10:42","10:49","7","0","0","0","0","0"
"F9","06/23/2024","2015","N640FR","LAS","06:31","06:21","-10","0","0","0","0","0"
"F9","06/23/2024","2108","N640FR","FSD","12:51","12:41","-10","0","0","0","0","0"
"F9","06/23/2024","2141","N303FR","PHX","14:43","15:14","31","0","0","0","0","23"
"F9","06/23/2024","2210","N391FR","MDW","07:48","07:38","-10","0","0","0","0","0"
"F9","06/23/2024","2348","N711FR","IND","05:41","05:40","-1","0","0","0","0","0"
"F9","06/23/2024","2349","N229FR","LAS","13:53","13:53","0","0","0","0","0","0"
"F9","06/23/2024","2360","N377FR","MSY","18:17","18:15","-2","0","0","0","0","0"
"F9","06/23/2024","2382","","ORF","05:40","00:00","0","0","0","0","0","0"
"F9","06/23/2024","2429","N341FR","LAS","15:59","16:53","54","0","0","0","0","41"
"F9","06/23/2024","2438","N387FR","RDU","15:22","15:10","-12","0","0","0","0","0"
"F9","06/23/2024","2577","N311FR","SNA","15:58","16:40","42","23","0","0","0","0"
"F9","06/23/2024","2632","N607FR","DFW","18:38","19:14","36","0","0","0","0","18"
"F9","06/23/2024","2687","N228FR","PDX","22:10","22:05","-5","0","0","0","0","0"
"F9","06/23/2024","2706","N642FR","BWI","12:27","12:24","-3","0","0","72","0","0"
"F9","06/23/2024","2746","N719FR","TPA","14:27","14:28","1","0","0","0","0","0"
"F9","06/23/2024","2817","N642FR","SAN","05:35","05:24","-11","0","0","0","0","0"
"F9","06/23/2024","2946","N332FR","MDW","15:46","15:47","1","0","0","0","0","0"
"F9","06/23/2024","3004","N714FR","CLT","05:01","04:53","-8","0","0","0","0","0"
"F9","06/23/2024","3138","N714FR","MIA","23:59","00:05","6","0","0","0","0","0"
"F9","06/23/2024","3155","N380FR","LAX","19:05","19:19","14","0","0","0","0","0"
"F9","06/23/2024","3162","N382FR","LGA","16:18","19:46","208","0","0","196","0","0"
"F9","06/23/2024","3172","N386FR","ORD","21:10","21:04","-6","0","0","0","0","0"
"F9","06/23/2024","3230","N607FR","IAH","05:01","04:54","-7","0","0","0","0","0"
"F9","06/23/2024","3266","N701FR","PHL","11:07","11:01","-6","0","0","0","0","0"
"F9","06/23/2024","3276","N374FR","BMI","14:06","13:58","-8","0","0","0","0","0"
"F9","06/23/2024","3286","N338FR","CVG","07:28","07:18","-10","0","0","0","0","0"
"F9","06/23/2024","3294","N361FR","ATL","00:59","00:53","-6","0","0","0","0","0"
"F9","06/23/2024","3302","N635FR","STL","11:29","11:19","-10","0","0","0","0","0"
"F9","06/23/2024","3312","N716FR","MCO","09:04","09:00","-4","0","0","0","0","0"
"F9","06/23/2024","3340","N720FR","PHL","23:59","07:34","455","450","0","0","0","0"
"F9","06/23/2024","3376","N710FR","MCI","05:35","05:53","18","18","0","12","0","0"
"F9","06/23/2024","3421","N706FR","ELP","19:25","20:19","54","31","0","0","0","0"
"F9","06/23/2024","3439","N710FR","SFO","22:12","22:13","1","0","0","0","0","0"
"F9","06/23/2024","3467","N304FR","PHX","20:59","20:55","-4","0","0","0","0","0"
"F9","06/23/2024","3566","N712FR","DTW","12:42","13:20","38","38","0","0","0","0"
"F9","06/23/2024","3708","N611FR","SAT","18:39","18:37","-2","0","0","0","0","0"
"F9","06/23/2024","3949","N614FR","LAS","22:46","22:48","2","0","0","0","0","0"
"F9","06/23/2024","3981","N329FR","SLC","11:17","12:09","52","0","0","14","0","52"
"F9","06/23/2024","4030","N326FR","SAV","14:17","14:54","37","8","0","0","0","13"
"F9","06/23/2024","4070","N609FR","DFW","15:14","15:15","1","0","0","0","0","0"
"F9","06/23/2024","4235","N311FR","SLC","22:37","23:11","34","16","0","0","0","6"
"F9","06/23/2024","4251","N705FR","SLC","17:12","17:07","-5","0","0","0","0","0"
"F9","06/23/2024","4344","N611FR","XNA","12:32","12:26","-6","0","0","0","0","0"
"F9","06/23/2024","4374","N702FR","PIT","13:38","13:40","2","0","0","0","0","0"
"F9","06/23/2024","4386","N377FR","CID","12:21","12:18","-3","0","0","0","0","0"
"F9","06/23/2024","4464","N374FR","DFW","07:20","07:06","-14","0","0","0","0","0"
"F9","06/23/2024","4576","N620FR","CMH","16:05","16:22","17","0","0","0","0","0"
"F9","06/23/2024","4616","N711FR","MSP","13:14","13:06","-8","0","0","0","0","0"
"F9","06/23/2024","4647","N379FR","SEA","17:10","17:05","-5","0","0","0","0","0"
"F9","06/23/2024","4753","N390FR","PHX","23:30","23:31","1","0","0","0","0","0"
"F9","06/23/2024","4776","N705FR","LIT","10:31","10:32","1","0","0","0","0","0"
"F9","06/23/2024","4794","N611FR","FAR","06:31","06:23","-8","0","0","0","0","0"
"F9","06/23/2024","4856","N635FR","IAH","18:28","18:24","-4","0","0","63","0","0"
"F9","06/23/2024","4927","N607FR","SAN","12:21","12:15","-6","0","0","0","0","0"
"F9","06/23/2024","4967","N350FR","LAS","19:04","18:59","-5","0","0","0","0","0"
"F9","06/23/2024","4989","N317FR","SAN","19:54","19:46","-8","0","0","0","0","0"
"F9","06/24/2024","0686","N228FR","DCA","06:39","06:36","-3","0","0","0","0","0"
"F9","06/24/2024","0688","N332FR","DCA","12:42","12:32","-10","0","0","0","0","0"
"F9","06/24/2024","0690","N351FR","DCA","16:25","17:11","46","30","0","0","0","0"
"F9","06/24/2024","1066","N611FR","GRB","11:40","11:38","-2","0","0","0","0","0"
"F9","06/24/2024","1093","N374FR","SFO","06:31","06:22","-9","0","0","0","0","0"
"F9","06/24/2024","1114","N714FR","TPA","23:59","01:21","82","0","0","0","0","69"
"F9","06/24/2024","1128","N710FR","OMA","12:20","14:49","149","146","0","0","0","0"
"F9","06/24/2024","1162","N311FR","HOU","08:13","08:01","-12","0","0","0","0","0"
"F9","06/24/2024","1175","N332FR","SEA","05:06","05:04","-2","0","0","0","0","0"
"F9","06/24/2024","1248","N704FR","GRR","13:07","14:23","76","68","0","0","0","1"
"F9","06/24/2024","1280","N611FR","MIA","18:59","19:28","29","29","0","15","0","0"
"F9","06/24/2024","1292","N710FR","MSP","18:59","20:04","65","0","0","10","0","65"
"F9","06/24/2024","1324","N701FR","DFW","05:11","05:03","-8","0","0","0","0","0"
"F9","06/24/2024","1402","N635FR","BNA","07:55","07:50","-5","0","0","0","0","0"
"F9","06/24/2024","1450","N625FR","ATL","06:45","07:20","35","0","0","0","0","0"
"F9","06/24/2024","1499","N625FR","ONT","22:24","22:09","-15","0","0","0","0","0"
"F9","06/24/2024","1608","N640FR","MKE","07:00","19:35","755","0","0","0","0","752"
"F9","06/24/2024","1678","N614FR","DSM","17:30","19:50","140","140","0","0","0","0"
"F9","06/24/2024","1702","N706FR","SYR","12:38","12:49","11","0","0","0","0","0"
"F9","06/24/2024","1734","N716FR","MCO","00:48","03:54","186","28","0","0","0","132"
"F9","06/24/2024","1789","N382FR","PDX","05:01","05:10","9","0","0","0","0","0"
"F9","06/24/2024","1816","N642FR","AUS","05:01","05:04","3","0","0","0","0","0"
"F9","06/24/2024","1819","N373FR","PHX","08:51","08:41","-10","0","0","0","0","0"
"F9","06/24/2024","1864","N719FR","OKC","11:07","13:28","141","0","0","0","0","136"
"F9","06/24/2024","1918","N635FR","CLE","15:41","15:34","-7","0","0","0","0","0"
"F9","06/24/2024","1993","N631FR","LAS","10:12","10:08","-4","0","0","0","0","0"
"F9","06/24/2024","2015","N710FR","LAS","06:03","06:38","35","0","0","0","0","19"
"F9","06/24/2024","2108","N382FR","FSD","11:14","19:58","524","261","0","1","0","263"
"F9","06/24/2024","2141","N389FR","PHX","14:31","14:27","-4","0","0","0","0","0"
"F9","06/24/2024","2210","N303FR","MDW","08:38","08:33","-5","0","0","0","0","0"
"F9","06/24/2024","2348","N614FR","IND","10:00","09:54","-6","0","0","0","0","0"
"F9","06/24/2024","2349","N607FR","LAS","13:53","13:58","5","0","0","0","0","0"
"F9","06/24/2024","2356","N611FR","SAT","05:06","04:56","-10","0","0","0","0","0"
"F9","06/24/2024","2374","N701FR","TYS","16:48","17:41","53","0","0","0","0","39"
"F9","06/24/2024","2421","N311FR","SAN","15:37","15:38","1","0","0","17","0","1"
"F9","06/24/2024","2429","N369FR","LAS","16:19","21:49","330","318","0","0","0","0"
"F9","06/24/2024","2438","N344FR","RDU","15:20","15:20","0","0","0","0","0","0"
"F9","06/24/2024","2632","N642FR","DFW","18:35","19:15","40","18","0","5","0","22"
"F9","06/24/2024","2687","N332FR","PDX","22:10","22:00","-10","0","0","0","0","0"
"F9","06/24/2024","2746","N644FR","TPA","17:33","20:57","204","0","0","0","0","181"
"F9","06/24/2024","2752","N620FR","BUF","11:39","14:07","148","133","0","0","0","6"
"F9","06/24/2024","2817","N706FR","SAN","05:35","05:30","-5","0","0","0","0","0"
"F9","06/24/2024","2907","N609FR","ONT","19:10","19:22","12","0","0","7","0","12"
"F9","06/24/2024","3004","N646FR","CLT","05:31","05:31","0","0","0","0","0","0"
"F9","06/24/2024","3101","N382FR","MSO","12:14","12:07","-7","0","0","25","0","0"
"F9","06/24/2024","3138","N721FR","MIA","23:59","00:22","23","0","0","0","0","0"
"F9","06/24/2024","3162","N228FR","LGA","16:18","17:19","61","0","0","61","0","0"
"F9","06/24/2024","3165","N301FR","LAX","19:05","19:08","3","0","0","0","0","0"
"F9","06/24/2024","3174","N388FR","ORD","17:13","17:09","-4","0","0","0","0","0"
"F9","06/24/2024","3228","N705FR","IAH","14:25","16:53","148","148","0","13","0","0"
"F9","06/24/2024","3230","N609FR","IAH","05:11","05:06","-5","0","0","0","0","0"
"F9","06/24/2024","3266","N610FR","PHL","06:31","06:31","0","0","0","0","0","0"
"F9","06/24/2024","3286","N711FR","CVG","05:40","06:48","68","53","0","0","0","0"
"F9","06/24/2024","3294","N379FR","ATL","00:59","07:05","366","366","0","6","0","0"
"F9","06/24/2024","3302","N702FR","STL","06:20","06:14","-6","0","0","0","0","0"
"F9","06/24/2024","3312","N712FR","MCO","10:46","10:41","-5","0","0","0","0","0"
"F9","06/24/2024","3340","N641FR","PHL","23:49","23:37","-12","0","0","0","0","0"
"F9","06/24/2024","3376","N344FR","MCI","09:56","09:46","-10","0","0","0","0","0"
"F9","06/24/2024","3421","N326FR","ELP","18:27","19:08","41","41","0","2","0","0"
"F9","06/24/2024","3439","N706FR","SFO","22:12","22:10","-2","0","0","0","0","0"
"F9","06/24/2024","3467","N317FR","PHX","20:03","20:14","11","0","0","5","0","11"
"F9","06/24/2024","3566","N350FR","DTW","05:10","05:11","1","0","0","0","0","0"
"F9","06/24/2024","3665","N719FR","SMF","18:04","18:41","37","0","0","0","0","20"
"F9","06/24/2024","3861","N620FR","SLC","06:31","06:17","-14","0","0","0","0","0"
"F9","06/24/2024","3930","N610FR","PNS","16:39","16:33","-6","0","0","0","0","0"
"F9","06/24/2024","3949","N711FR","LAS","22:46","01:25","159","17","0","0","0","126"
"F9","06/24/2024","3981","N373FR","SLC","14:35","14:27","-8","0","0","0","0","0"
"F9","06/24/2024","4062","N714FR","MSN","16:55","18:19","84","63","0","28","0","21"
"F9","06/24/2024","4070","N625FR","DFW","15:26","15:22","-4","0","0","0","0","0"
"F9","06/24/2024","4235","N637FR","SLC","22:58","22:53","-5","0","0","0","0","0"
"F9","06/24/2024","4371","N326FR","SNA","11:29","11:28","-1","0","0","0","0","0"
"F9","06/24/2024","4386","N714FR","CID","10:31","11:30","59","30","0","0","0","19"
"F9","06/24/2024","4464","N377FR","DFW","07:15","07:47","32","32","0","1","0","0"
"F9","06/24/2024","4616","N609FR","MSP","12:43","13:04","21","4","0","13","0","17"
"F9","06/24/2024","4647","N350FR","SEA","13:16","13:25","9","0","0","0","0","0"
"F9","06/24/2024","4794","N701FR","FAR","11:56","11:52","-4","0","0","0","0","0"
"F9","06/24/2024","4927","N642FR","SAN","11:33","11:52","19","19","0","1","0","0"
"F9","06/24/2024","4989","N626FR","SAN","19:47","20:35","48","0","0","0","0","35"
"F9","06/25/2024","0688","N329FR","DCA","12:42","12:55","13","0","0","0","0","0"
"F9","06/25/2024","0690","N344FR","DCA","16:25","18:14","109","0","0","0","0","101"
"F9","06/25/2024","1114","N708FR","TPA","23:59","23:49","-10","0","0","0","0","0"
"F9","06/25/2024","1128","N620FR","OMA","13:00","13:00","0","0","0","0","0","0"
"F9","06/25/2024","1162","N228FR","HOU","11:11","11:02","-9","0","0","0","0","0"
"F9","06/25/2024","1175","N708FR","SEA","06:36","06:28","-8","0","0","0","0","0"
"F9","06/25/2024","1261","N620FR","ONT","06:05","06:02","-3","0","0","0","0","0"
"F9","06/25/2024","1280","N611FR","MIA","18:59","20:05","66","0","0","0","0","46"
"F9","06/25/2024","1375","N609FR","PHX","05:01","04:58","-3","0","0","0","0","0"
"F9","06/25/2024","1402","N316FR","BNA","08:42","08:34","-8","0","0","0","0","0"
"F9","06/25/2024","1450","N323FR","ATL","06:31","06:25","-6","0","0","0","0","0"
"F9","06/25/2024","1499","N721FR","ONT","22:39","22:33","-6","0","0","0","0","0"
"F9","06/25/2024","1734","N646FR","MCO","00:48","00:42","-6","0","0","0","0","0"
"F9","06/25/2024","1789","N610FR","PDX","05:06","04:58","-8","0","0","0","0","0"
"F9","06/25/2024","1816","N710FR","AUS","05:01","04:54","-7","0","0","0","0","0"
"F9","06/25/2024","1918","N638FR","CLE","06:00","07:46","106","95","0","0","0","0"
"F9","06/25/2024","1993","N705FR","LAS","10:00","10:29","29","16","0","0","0","0"
"F9","06/25/2024","2015","N374FR","LAS","07:15","07:05","-10","0","0","0","0","0"
"F9","06/25/2024","2141","N341FR","PHX","14:43","15:16","33","25","0","0","0","0"
"F9","06/25/2024","2148","N610FR","DFW","12:32","12:45","13","0","0","0","0","0"
"F9","06/25/2024","2210","N326FR","MDW","09:45","09:40","-5","0","0","25","0","0"
"F9","06/25/2024","2261","N637FR","ELP","08:23","08:17","-6","0","0","0","0","0"
"F9","06/25/2024","2348","N230FR","IND","17:05","17:01","-4","0","0","0","0","0"
"F9","06/25/2024","2349","N379FR","LAS","13:53","13:50","-3","0","0","0","0","0"
"F9","06/25/2024","2360","N719FR","MSY","17:49","18:40","51","0","0","0","0","29"
"F9","06/25/2024","2382","N640FR","ORF","12:34","12:32","-2","0","0","0","0","0"
"F9","06/25/2024","2421","N609FR","SAN","17:21","17:51","30","0","0","0","0","0"
"F9","06/25/2024","2438","N382FR","RDU","15:22","15:20","-2","0","0","0","0","0"
"F9","06/25/2024","2632","N710FR","DFW","18:26","18:33","7","0","0","0","0","0"
"F9","06/25/2024","2706","N637FR","BWI","14:15","14:07","-8","0","0","0","0","0"
"F9","06/25/2024","2817","N640FR","SAN","05:35","05:30","-5","0","0","0","0","0"
"F9","06/25/2024","2946","N391FR","MDW","13:46","16:30","164","0","0","0","0","163"
"F9","06/25/2024","3004","N625FR","CLT","05:11","05:09","-2","0","0","0","0","0"
"F9","06/25/2024","3138","N622FR","MIA","23:59","23:59","0","0","0","0","0","0"
"F9","06/25/2024","3155","N620FR","LAX","19:05","19:43","38","35","0","0","0","0"
"F9","06/25/2024","3162","N706FR","LGA","16:18","16:25","7","0","0","0","0","0"
"F9","06/25/2024","3172","N374FR","ORD","21:10","22:29","79","78","0","0","0","0"
"F9","06/25/2024","3228","N229FR","IAH","16:48","16:48","0","0","0","0","0","0"
"F9","06/25/2024","3230","N350FR","IAH","08:42","08:32","-10","0","0","41","0","0"
"F9","06/25/2024","3266","N721FR","PHL","11:07","11:07","0","0","0","0","0","0"
"F9","06/25/2024","3276","N374FR","BMI","13:08","12:59","-9","0","0","0","0","0"
"F9","06/25/2024","3286","N388FR","CVG","07:28","08:17","49","42","0","0","0","0"
"F9","06/25/2024","3294","N311FR","ATL","00:59","01:39","40","0","0","0","0","0"
"F9","06/25/2024","3302","N710FR","STL","11:39","11:39","0","0","0","0","0","0"
"F9","06/25/2024","3312","N644FR","MCO","10:21","10:37","16","0","0","0","0","0"
"F9","06/25/2024","3340","N607FR","PHL","23:59","00:06","7","0","0","0","0","0"
"F9","06/25/2024","3376","N614FR","MCI","05:35","05:25","-10","0","0","0","0","0"
"F9","06/25/2024","3439","N613FR","SFO","22:12","22:14","2","0","0","0","0","0"
"F9","06/25/2024","3467","N390FR","PHX","20:18","20:08","-10","0","0","0","0","0"
"F9","06/25/2024","3566","N716FR","DTW","12:46","14:26","100","0","0","0","0","87"
"F9","06/25/2024","3951","N640FR","LAS","23:00","23:25","25","15","0","0","0","0"
"F9","06/25/2024","3981","N344FR","SLC","11:17","11:11","-6","0","0","0","0","0"
"F9","06/25/2024","4030","N619FR","SAV","15:59","15:48","-11","0","0","0","0","0"
"F9","06/25/2024","4235","N316FR","SLC","22:36","22:38","2","0","0","0","0","0"
"F9","06/25/2024","4251","N304FR","SLC","17:45","17:43","-2","0","0","0","0","0"
"F9","06/25/2024","4344","N719FR","XNA","11:38","11:29","-9","0","0","0","0","0"
"F9","06/25/2024","4371","N228FR","SNA","18:34","18:23","-11","0","0","0","0","0"
"F9","06/25/2024","4374","N706FR","PIT","06:00","05:51","-9","0","0","0","0","0"
"F9","06/25/2024","4386","N609FR","CID","11:03","11:22","19","0","0","0","0","0"
"F9","06/25/2024","4464","N351FR","DFW","09:22","09:46","24","0","0","0","0","17"
"F9","06/25/2024","4576","N708FR","CMH","14:47","14:48","1","0","0","0","0","0"
"F9","06/25/2024","4616","N389FR","MSP","15:15","15:10","-5","0","0","40","0","0"
"F9","06/25/2024","4626","N332FR","MEM","15:43","16:48","65","0","0","0","0","48"
"F9","06/25/2024","4647","N723FR","SEA","17:10","17:21","11","0","0","0","0","0"
"F9","06/25/2024","4753","N317FR","PHX","23:30","00:46","76","0","0","0","0","71"
"F9","06/25/2024","4776","N723FR","LIT","10:31","10:22","-9","0","0","0","0","0"
"F9","06/25/2024","4794","N332FR","FAR","09:57","09:43","-14","0","0","0","0","0"
"F9","06/25/2024","4969","N701FR","LAS","15:56","16:24","28","28","0","2","0","0"
"F9","06/25/2024","4989","N313FR","SAN","19:54","19:41","-13","0","0","0","0","0"
"F9","06/26/2024","0686","N705FR","DCA","06:35","06:31","-4","0","0","0","0","0"
"F9","06/26/2024","0688","N232FR","DCA","12:42","12:41","-1","0","0","0","0","0"
"F9","06/26/2024","0690","N382FR","DCA","16:25","17:35","70","0","0","80","0","0"
"F9","06/26/2024","1066","N706FR","GRB","09:25","09:20","-5","0","0","0","0","0"
"F9","06/26/2024","1093","N326FR","SFO","06:31","06:45","14","0","0","0","0","0"
"F9","06/26/2024","1114","N622FR","TPA","23:59","23:46","-13","0","0","0","0","0"
"F9","06/26/2024","1128","N382FR","OMA","11:13","11:07","-6","0","0","0","0","0"
"F9","06/26/2024","1130","N331FR","HOU","18:07","18:05","-2","0","0","0","0","0"
"F9","06/26/2024","1175","N331FR","SEA","05:06","05:04","-2","0","0","0","0","0"
"F9","06/26/2024","1248","N644FR","GRR","12:51","13:11","20","0","0","0","0","0"
"F9","06/26/2024","1280","N723FR","MIA","18:59","19:12","13","0","0","0","0","0"
"F9","06/26/2024","1292","N611FR","MSP","18:59","19:18","19","0","0","3","0","19"
"F9","06/26/2024","1402","N316FR","BNA","08:13","08:08","-5","0","0","0","0","0"
"F9","06/26/2024","1450","N610FR","ATL","06:36","06:32","-4","0","0","0","0","0"
"F9","06/26/2024","1560","N332FR","MSN","12:14","12:09","-5","0","0","0","0","0"
"F9","06/26/2024","1608","N332FR","MKE","05:20","05:13","-7","0","0","0","0","0"
"F9","06/26/2024","1678","N723FR","DSM","05:36","05:24","-12","0","0","0","0","0"
"F9","06/26/2024","1702","N344FR","SYR","15:06","15:00","-6","0","0","0","0","0"
"F9","06/26/2024","1734","N605FR","MCO","00:49","01:37","48","0","0","0","0","22"
"F9","06/26/2024","1789","N232FR","PDX","05:06","05:02","-4","0","0","0","0","0"
"F9","06/26/2024","1816","N637FR","AUS","06:05","06:07","2","0","0","0","0","0"
"F9","06/26/2024","1864","N625FR","OKC","12:26","12:45","19","0","0","0","0","0"
"F9","06/26/2024","1918","N622FR","CLE","11:05","11:02","-3","0","0","0","0","0"
"F9","06/26/2024","2015","N613FR","LAS","06:03","06:44","41","0","0","0","0","25"
"F9","06/26/2024","2108","N344FR","FSD","09:57","09:48","-9","0","0","0","0","0"
"F9","06/26/2024","2141","N375FR","PHX","14:33","14:23","-10","0","0","0","0","0"
"F9","06/26/2024","2210","N311FR","MDW","08:38","08:31","-7","0","0","0","0","0"
"F9","06/26/2024","2348","N614FR","IND","06:31","06:34","3","0","0","0","0","0"
"F9","06/26/2024","2374","N614FR","TYS","14:00","13:59","-1","0","0","0","0","0"
"F9","06/26/2024","2421","N710FR","SAN","16:41","17:01","20","0","0","1","0","20"
"F9","06/26/2024","2429","N365FR","LAS","15:53","15:51","-2","0","0","0","0","0"
"F9","06/26/2024","2438","N230FR","RDU","15:52","15:51","-1","0","0","0","0","0"
"F9","06/26/2024","2577","N316FR","SNA","15:33","15:46","13","0","0","0","0","0"
"F9","06/26/2024","2632","N619FR","DFW","18:33","20:21","108","108","0","16","0","0"
"F9","06/26/2024","2746","N625FR","TPA","17:55","21:37","222","178","0","0","0","26"
"F9","06/26/2024","2752","N637FR","BUF","12:42","12:40","-2","0","0","0","0","0"
"F9","06/26/2024","2817","N619FR","SAN","05:35","05:31","-4","0","0","0","0","0"
"F9","06/26/2024","3004","N704FR","CLT","05:01","04:56","-5","0","0","26","0","0"
"F9","06/26/2024","3101","N331FR","MSO","12:19","12:23","4","0","0","0","0","0"
"F9","06/26/2024","3138","N704FR","MIA","23:46","00:23","37","0","0","0","0","22"
"F9","06/26/2024","3162","N721FR","LGA","16:18","18:21","123","0","0","0","0","0"
"F9","06/26/2024","3165","N332FR","LAX","19:05","20:10","65","55","0","0","0","0"
"F9","06/26/2024","3174","N334FR","ORD","17:13","17:11","-2","0","0","0","0","0"
"F9","06/26/2024","3228","N723FR","IAH","11:29","11:28","-1","0","0","0","0","0"
"F9","06/26/2024","3266","N721FR","PHL","06:05","06:18","13","0","0","0","0","0"
"F9","06/26/2024","3286","N640FR","CVG","05:40","05:37","-3","0","0","0","0","0"
"F9","06/26/2024","3294","N371FR","ATL","00:59","00:58","-1","0","0","0","0","0"
"F9","06/26/2024","3302","N719FR","STL","06:20","06:11","-9","0","0","0","0","0"
"F9","06/26/2024","3312","N716FR","MCO","10:46","12:56","130","9","0","66","0","121"
"F9","06/26/2024","3340","","PHL","23:56","00:00","0","0","0","0","0","0"
"F9","06/26/2024","3376","N705FR","MCI","16:36","17:02","26","22","0","0","0","0"
"F9","06/26/2024","3405","N358FR","SEA","18:47","20:08","81","0","0","2","0","81"
"F9","06/26/2024","3421","N619FR","ELP","12:34","12:32","-2","0","0","0","0","0"
"F9","06/26/2024","3437","N316FR","SFO","22:22","22:24","2","0","0","0","0","0"
"F9","06/26/2024","3566","N613FR","DTW","12:15","13:01","46","0","0","0","0","31"
"F9","06/26/2024","3665","N609FR","SMF","19:36","20:35","59","0","0","0","0","43"
"F9","06/26/2024","3708","N717FR","SAT","18:15","20:09","114","4","0","0","0","103"
"F9","06/26/2024","3930","N708FR","PNS","16:23","16:19","-4","0","0","0","0","0"
"F9","06/26/2024","3981","N304FR","SLC","11:12","11:05","-7","0","0","0","0","0"
"F9","06/26/2024","4070","N610FR","DFW","15:14","15:38","24","0","0","0","0","0"
"F9","06/26/2024","4235","N713FR","SLC","22:38","23:00","22","20","0","0","0","0"
"F9","06/26/2024","4386","N710FR","CID","10:24","10:12","-12","0","0","0","0","0"
"F9","06/26/2024","4751","N324FR","PHX","21:55","21:45","-10","0","0","0","0","0"
"F9","06/26/2024","4794","N708FR","FAR","10:15","10:03","-12","0","0","0","0","0"
"F9","06/26/2024","4927","N609FR","SAN","12:32","12:39","7","0","0","0","0","0"
"F9","06/26/2024","4979","N379FR","LAS","13:53","13:48","-5","0","0","0","0","0"
"F9","06/27/2024","0686","N358FR","DCA","06:39","07:32","53","28","0","0","0","0"
"F9","06/27/2024","0688","N331FR","DCA","12:35","12:36","1","0","0","0","0","0"
"F9","06/27/2024","0690","N373FR","DCA","16:25","17:34","69","38","0","0","0","5"
"F9","06/27/2024","1093","N706FR","SFO","05:01","04:59","-2","0","0","0","0","0"
"F9","06/27/2024","1114","N633FR","TPA","23:59","00:08","9","2","0","8","0","7"
"F9","06/27/2024","1128","","OMA","12:34","00:00","0","0","0","0","0","0"
"F9","06/27/2024","1150","N717FR","MSP","05:01","04:58","-3","0","0","0","0","0"
"F9","06/27/2024","1162","N344FR","HOU","05:11","05:00","-11","0","0","0","0","0"
"F9","06/27/2024","1175","N713FR","SEA","08:23","08:20","-3","0","0","0","0","0"
"F9","06/27/2024","1228","N350FR","MDW","18:19","19:56","97","23","0","8","0","74"
"F9","06/27/2024","1261","N611FR","ONT","09:35","09:32","-3","0","0","0","0","0"
"F9","06/27/2024","1280","N706FR","MIA","18:59","20:01","62","0","0","6","0","62"
"F9","06/27/2024","1375","N316FR","PHX","05:11","06:04","53","0","0","0","0","44"
"F9","06/27/2024","1402","N328FR","BNA","08:42","08:38","-4","0","0","0","0","0"
"F9","06/27/2024","1450","N230FR","ATL","10:37","11:26","49","0","0","13","0","49"
"F9","06/27/2024","1499","N718FR","ONT","22:24","22:13","-11","0","0","0","0","0"
"F9","06/27/2024","1678","N316FR","DSM","10:48","11:20","32","0","0","0","0","18"
"F9","06/27/2024","1734","N613FR","MCO","00:48","01:24","36","0","0","0","0","0"
"F9","06/27/2024","1789","","PDX","06:05","00:00","0","0","0","0","0","0"
"F9","06/27/2024","1816","N365FR","AUS","17:17","17:59","42","0","0","9","0","42"
"F9","06/27/2024","1819","N390FR","PHX","08:51","08:49","-2","0","0","0","0","0"
"F9","06/27/2024","1864","N382FR","OKC","09:56","09:44","-12","0","0","0","0","0"
"F9","06/27/2024","1918","N635FR","CLE","06:00","06:47","47","44","0","0","0","0"
"F9","06/27/2024","1993","N622FR","LAS","10:42","10:44","2","0","0","0","0","0"
"F9","06/27/2024","2015","N640FR","LAS","06:31","06:52","21","15","0","0","0","0"
"F9","06/27/2024","2098","N384FR","SAT","15:40","17:54","134","2","0","21","0","132"
"F9","06/27/2024","2108","N350FR","FSD","13:08","14:20","72","7","0","20","0","65"
"F9","06/27/2024","2141","N326FR","PHX","14:41","16:27","106","3","0","1","0","103"
"F9","06/27/2024","2210","N311FR","MDW","07:44","08:20","36","21","0","0","0","0"
"F9","06/27/2024","2348","N614FR","IND","05:06","04:56","-10","0","0","0","0","0"
"F9","06/27/2024","2349","N317FR","LAS","13:51","14:26","35","6","0","0","0","24"
"F9","06/27/2024","2360","N704FR","MSY","18:00","18:34","34","0","0","10","0","34"
"F9","06/27/2024","2382","","ORF","06:00","00:00","0","0","0","0","0","0"
"F9","06/27/2024","2429","N232FR","LAS","15:52","15:42","-10","0","0","0","0","0"
"F9","06/27/2024","2438","N382FR","RDU","15:16","15:11","-5","0","0","0","0","0"
"F9","06/27/2024","2632","N619FR","DFW","19:08","19:23","15","4","0","20","0","11"
"F9","06/27/2024","2687","N637FR","PDX","22:07","22:46","39","11","0","0","0","25"
"F9","06/27/2024","2706","N712FR","BWI","07:12","07:08","-4","0","0","0","0","0"
"F9","06/27/2024","2746","N609FR","TPA","11:34","12:09","35","0","0","0","0","26"
"F9","06/27/2024","2817","N609FR","SAN","05:35","05:32","-3","0","0","0","0","0"
"F9","06/27/2024","3004","N626FR","CLT","05:11","05:01","-10","0","0","0","0","0"
"F9","06/27/2024","3138","N610FR","MIA","23:59","23:56","-3","0","0","0","0","0"
"F9","06/27/2024","3155","N390FR","LAX","19:05","19:55","50","2","0","40","0","48"
"F9","06/27/2024","3162","N611FR","LGA","16:18","16:47","29","18","0","2","0","11"
"F9","06/27/2024","3172","N328FR","ORD","21:10","21:31","21","0","0","8","0","21"
"F9","06/27/2024","3230","N619FR","IAH","05:40","05:28","-12","0","0","0","0","0"
"F9","06/27/2024","3266","N718FR","PHL","11:07","11:27","20","0","0","0","0","0"
"F9","06/27/2024","3276","","BMI","13:39","00:00","0","0","0","0","0","0"
"F9","06/27/2024","3286","N334FR","CVG","07:28","07:20","-8","0","0","0","0","0"
"F9","06/27/2024","3294","N370FR","ATL","00:59","00:49","-10","0","0","0","0","0"
"F9","06/27/2024","3302","N717FR","STL","11:24","11:22","-2","0","0","0","0","0"
"F9","06/27/2024","3312","N723FR","MCO","09:04","01:11","967","0","0","0","0","965"
"F9","06/27/2024","3340","N705FR","PHL","23:59","00:04","5","0","0","0","0","0"
"F9","06/27/2024","3376","N705FR","MCI","05:35","05:31","-4","0","0","0","0","0"
"F9","06/27/2024","3421","N629FR","ELP","19:34","20:49","75","21","0","33","0","54"
"F9","06/27/2024","3439","N331FR","SFO","22:12","22:01","-11","0","0","0","0","0"
"F9","06/27/2024","3467","N304FR","PHX","20:59","20:58","-1","0","0","31","0","0"
"F9","06/27/2024","3566","N614FR","DTW","12:46","12:47","1","0","0","0","0","0"
"F9","06/27/2024","3951","N316FR","LAS","23:00","22:57","-3","0","0","0","0","0"
"F9","06/27/2024","3981","N344FR","SLC","11:17","12:30","73","0","0","0","0","58"
"F9","06/27/2024","4030","N713FR","SAV","16:32","16:44","12","0","0","0","0","0"
"F9","06/27/2024","4062","N610FR","MSN","16:51","17:25","34","21","0","0","0","0"
"F9","06/27/2024","4070","N708FR","DFW","14:40","14:40","0","0","0","0","0","0"
"F9","06/27/2024","4235","N358FR","SLC","22:50","22:58","8","0","0","0","0","0"
"F9","06/27/2024","4251","N620FR","SLC","17:24","17:21","-3","0","0","0","0","0"
"F9","06/27/2024","4344","N331FR","XNA","07:21","07:17","-4","0","0","0","0","0"
"F9","06/27/2024","4371","N316FR","SNA","16:22","16:24","2","0","0","0","0","0"
"F9","06/27/2024","4374","N712FR","PIT","16:29","16:46","17","0","0","0","0","0"
"F9","06/27/2024","4386","N619FR","CID","12:52","13:31","39","24","0","0","0","0"
"F9","06/27/2024","4464","N708FR","DFW","07:11","07:01","-10","0","0","0","0","0"
"F9","06/27/2024","4576","N706FR","CMH","12:16","12:14","-2","0","0","0","0","0"
"F9","06/27/2024","4616","N633FR","MSP","13:42","14:35","53","0","0","0","0","39"
"F9","06/27/2024","4626","N358FR","MEM","15:51","16:23","32","0","0","0","0","23"
"F9","06/27/2024","4647","N344FR","SEA","16:47","18:02","75","3","0","4","0","72"
"F9","06/27/2024","4776","N620FR","LIT","10:31","10:27","-4","0","0","0","0","0"
"F9","06/27/2024","4794","","FAR","08:40","00:00","0","0","0","0","0","0"
"F9","06/27/2024","4856","N717FR","IAH","18:09","18:26","17","11","0","2","0","6"
"F9","06/27/2024","4927","N629FR","SAN","12:31","13:46","75","0","0","0","0","65"
"F9","06/27/2024","4967","N230FR","LAS","18:59","20:28","89","0","0","27","0","89"
"F9","06/27/2024","4989","N324FR","SAN","19:54","20:29","35","35","0","28","0","0"
"F9","06/28/2024","0686","N228FR","DCA","06:43","06:39","-4","0","0","0","0","0"
"F9","06/28/2024","0688","N331FR","DCA","12:44","13:14","30","0","0","0","0","0"
"F9","06/28/2024","0690","N382FR","DCA","16:25","16:15","-10","0","0","0","0","0"
"F9","06/28/2024","1066","N629FR","GRB","14:14","14:06","-8","0","0","0","0","0"
"F9","06/28/2024","1093","N384FR","SFO","06:31","06:23","-8","0","0","0","0","0"
"F9","06/28/2024","1114","N721FR","TPA","23:59","23:56","-3","0","0","0","0","0"
"F9","06/28/2024","1128","N382FR","OMA","11:08","11:03","-5","0","0","0","0","0"
"F9","06/28/2024","1162","N358FR","HOU","08:13","08:03","-10","0","0","0","0","0"
"F9","06/28/2024","1175","N331FR","SEA","05:14","05:29","15","11","0","3","0","4"
"F9","06/28/2024","1248","N641FR","GRR","13:03","13:14","11","0","0","0","0","0"
"F9","06/28/2024","1261","N350FR","ONT","05:01","05:00","-1","0","0","0","0","0"
"F9","06/28/2024","1280","N635FR","MIA","18:59","19:56","57","30","0","4","0","27"
"F9","06/28/2024","1324","N714FR","DFW","05:11","05:54","43","33","0","0","0","0"
"F9","06/28/2024","1402","N629FR","BNA","06:36","06:25","-11","0","0","0","0","0"
"F9","06/28/2024","1450","N620FR","ATL","06:45","08:26","101","80","0","0","0","0"
"F9","06/28/2024","1499","N612FR","ONT","22:20","22:10","-10","0","0","0","0","0"
"F9","06/28/2024","1608","N230FR","MKE","05:06","05:10","4","0","0","0","0","0"
"F9","06/28/2024","1678","N714FR","DSM","11:41","12:03","22","0","0","0","0","0"
"F9","06/28/2024","1734","N631FR","MCO","00:48","01:03","15","0","0","0","0","0"
"F9","06/28/2024","1752","N364FR","CVG","20:24","20:20","-4","0","0","0","0","0"
"F9","06/28/2024","1789","N316FR","PDX","05:01","04:55","-6","0","0","0","0","0"
"F9","06/28/2024","1816","N619FR","AUS","05:06","05:00","-6","0","0","0","0","0"
"F9","06/28/2024","1819","N352FR","PHX","08:51","08:43","-8","0","0","0","0","0"
"F9","06/28/2024","1864","N721FR","OKC","10:55","10:44","-11","0","0","0","0","0"
"F9","06/28/2024","1918","N708FR","CLE","14:16","14:09","-7","0","0","0","0","0"
"F9","06/28/2024","1993","","LAS","10:12","00:00","0","0","0","0","0","0"
"F9","06/28/2024","2015","N717FR","LAS","06:00","05:57","-3","0","0","0","0","0"
"F9","06/28/2024","2108","N373FR","FSD","09:57","09:59","2","0","0","0","0","0"
"F9","06/28/2024","2141","N341FR","PHX","14:37","14:29","-8","0","0","0","0","0"
"F9","06/28/2024","2210","N379FR","MDW","08:38","09:46","68","0","0","14","0","68"
"F9","06/28/2024","2261","N619FR","ELP","17:43","17:44","1","0","0","19","0","1"
"F9","06/28/2024","2348","N719FR","IND","10:02","09:59","-3","0","0","0","0","0"
"F9","06/28/2024","2349","N334FR","LAS","13:53","14:12","19","0","0","0","0","0"
"F9","06/28/2024","2356","N611FR","SAT","05:11","04:58","-13","0","0","0","0","0"
"F9","06/28/2024","2360","N611FR","MSY","18:10","18:28","18","18","0","1","0","0"
"F9","06/28/2024","2374","N637FR","TYS","16:39","16:41","2","0","0","0","0","0"
"F9","06/28/2024","2421","N719FR","SAN","15:37","17:29","112","0","0","0","0","100"
"F9","06/28/2024","2429","N374FR","LAS","15:53","19:19","206","187","0","5","0","19"
"F9","06/28/2024","2434","N612FR","SYR","12:38","12:34","-4","0","0","0","0","0"
"F9","06/28/2024","2438","N358FR","RDU","15:22","15:13","-9","0","0","0","0","0"
"F9","06/28/2024","2632","N712FR","DFW","18:42","19:27","45","45","0","7","0","0"
"F9","06/28/2024","2746","N714FR","TPA","17:33","18:12","39","39","0","13","0","0"
"F9","06/28/2024","2752","N316FR","BUF","12:15","12:13","-2","0","0","0","0","0"
"F9","06/28/2024","2907","N638FR","ONT","20:00","20:05","5","0","0","0","0","0"
"F9","06/28/2024","3004","N704FR","CLT","05:11","06:00","49","44","0","0","0","0"
"F9","06/28/2024","3101","N230FR","MSO","12:00","12:34","34","16","0","0","0","13"
"F9","06/28/2024","3138","N619FR","MIA","23:59","00:08","9","0","0","0","0","0"
"F9","06/28/2024","3162","N228FR","LGA","16:18","16:12","-6","0","0","0","0","0"
"F9","06/28/2024","3165","N338FR","LAX","19:05","19:12","7","0","0","0","0","0"
"F9","06/28/2024","3174","N350FR","ORD","17:13","18:39","86","14","0","9","0","72"
"F9","06/28/2024","3219","N620FR","SLC","22:27","22:24","-3","0","0","25","0","0"
"F9","06/28/2024","3230","N718FR","IAH","11:24","11:22","-2","0","0","0","0","0"
"F9","06/28/2024","3266","N637FR","PHL","06:36","06:34","-2","0","0","0","0","0"
"F9","06/28/2024","3276","N712FR","BMI","11:44","11:32","-12","0","0","0","0","0"
"F9","06/28/2024","3294","N344FR","ATL","00:59","01:26","27","0","0","0","0","0"
"F9","06/28/2024","3302","N634FR","STL","06:31","06:29","-2","0","0","0","0","0"
"F9","06/28/2024","3312","N713FR","MCO","10:49","11:43","54","28","0","0","0","0"
"F9","06/28/2024","3340","N709FR","PHL","23:59","01:24","85","42","0","0","0","25"
"F9","06/28/2024","3376","N626FR","MCI","05:35","05:37","2","0","0","0","0","0"
"F9","06/28/2024","3437","N331FR","SFO","22:22","22:19","-3","0","0","0","0","0"
"F9","06/28/2024","3467","N304FR","PHX","20:03","20:02","-1","0","0","0","0","0"
"F9","06/28/2024","3566","N708FR","DTW","06:00","05:56","-4","0","0","0","0","0"
"F9","06/28/2024","3667","N718FR","SMF","18:31","19:24","53","17","0","0","0","36"
"F9","06/28/2024","3843","N610FR","LAS","17:54","18:44","50","0","0","0","0","41"
"F9","06/28/2024","3861","N712FR","SLC","06:31","06:46","15","0","0","0","0","0"
"F9","06/28/2024","3930","N633FR","PNS","16:48","16:41","-7","0","0","0","0","0"
"F9","06/28/2024","3949","N629FR","LAS","22:46","23:22","36","17","0","0","0","0"
"F9","06/28/2024","3981","N352FR","SLC","14:35","15:53","78","71","0","0","0","1"
"F9","06/28/2024","4062","N721FR","MSN","16:51","17:15","24","0","0","0","0","0"
"F9","06/28/2024","4070","N620FR","DFW","15:26","16:09","43","0","0","0","0","32"
"F9","06/28/2024","4344","N611FR","XNA","11:56","11:51","-5","0","0","0","0","0"
"F9","06/28/2024","4371","N230FR","SNA","17:48","18:02","14","1","0","11","0","13"
"F9","06/28/2024","4386","N633FR","CID","10:31","10:17","-14","0","0","0","0","0"
"F9","06/28/2024","4616","N718FR","MSP","05:01","05:13","12","0","0","0","0","0"
"F9","06/28/2024","4647","N631FR","SEA","12:32","12:38","6","0","0","0","0","0"
"F9","06/28/2024","4753","N369FR","PHX","23:30","23:27","-3","0","0","0","0","0"
"F9","06/28/2024","4794","N619FR","FAR","11:43","11:46","3","0","0","0","0","0"
"F9","06/28/2024","4856","N604FR","IAH","18:00","18:01","1","0","0","14","0","1"
"F9","06/28/2024","4927","N350FR","SAN","11:28","11:29","1","0","0","0","0","0"
"F9","06/28/2024","4989","N324FR","SAN","19:54","20:36","42","0","0","0","0","22"
"F9","06/29/2024","0686","N316FR","DCA","06:39","06:29","-10","0","0","0","0","0"
"F9","06/29/2024","0688","N373FR","DCA","12:44","12:43","-1","0","0","0","0","0"
"F9","06/29/2024","0690","N236FR","DCA","16:25","16:19","-6","0","0","0","0","0"
"F9","06/29/2024","1093","N331FR","SFO","06:31","06:36","5","0","0","0","0","0"
"F9","06/29/2024","1114","N626FR","TPA","23:59","23:48","-11","0","0","0","0","0"
"F9","06/29/2024","1128","N712FR","OMA","12:31","14:58","147","94","0","2","0","53"
"F9","06/29/2024","1162","N343FR","HOU","05:01","04:57","-4","0","0","0","0","0"
"F9","06/29/2024","1175","N620FR","SEA","08:23","08:15","-8","0","0","0","0","0"
"F9","06/29/2024","1248","N721FR","GRR","10:31","10:22","-9","0","0","0","0","0"
"F9","06/29/2024","1261","N377FR","ONT","12:15","14:40","145","0","0","0","0","140"
"F9","06/29/2024","1280","N383FR","MIA","18:07","18:28","21","0","18","30","0","3"
"F9","06/29/2024","1325","N238FR","LAS","13:53","15:00","67","35","0","0","0","23"
"F9","06/29/2024","1402","N718FR","BNA","14:17","14:43","26","0","0","0","0","0"
"F9","06/29/2024","1450","N350FR","ATL","11:14","11:02","-12","0","0","0","0","0"
"F9","06/29/2024","1465","N639FR","LAS","15:53","17:50","117","0","0","0","0","104"
"F9","06/29/2024","1608","N374FR","MKE","05:15","05:09","-6","0","0","0","0","0"
"F9","06/29/2024","1678","N626FR","DSM","17:35","17:26","-9","0","0","0","0","0"
"F9","06/29/2024","1702","N708FR","SYR","12:54","12:45","-9","0","0","0","0","0"
"F9","06/29/2024","1734","N641FR","MCO","00:48","01:51","63","0","0","0","0","52"
"F9","06/29/2024","1789","N612FR","PDX","05:55","05:53","-2","0","0","0","0","0"
"F9","06/29/2024","1816","N610FR","AUS","05:01","04:59","-2","0","0","0","0","0"
"F9","06/29/2024","1864","N382FR","OKC","09:57","09:52","-5","0","0","0","0","0"
"F9","06/29/2024","1993","N638FR","LAS","10:07","10:51","44","34","0","0","0","0"
"F9","06/29/2024","2105","N631FR","PHX","16:53","17:24","31","0","0","0","0","20"
"F9","06/29/2024","2108","N604FR","FSD","14:39","15:06","27","17","0","0","0","0"
"F9","06/29/2024","2141","N230FR","PHX","14:23","14:48","25","16","0","0","0","0"
"F9","06/29/2024","2148","N610FR","DFW","11:39","12:07","28","0","0","0","0","0"
"F9","06/29/2024","2210","N365FR","MDW","08:25","08:39","14","0","0","0","0","0"
"F9","06/29/2024","2261","N708FR","ELP","07:00","06:50","-10","0","0","0","0","0"
"F9","06/29/2024","2348","N637FR","IND","05:21","05:13","-8","0","0","0","0","0"
"F9","06/29/2024","2356","N373FR","SAT","06:30","06:33","3","0","0","0","0","0"
"F9","06/29/2024","2374","N374FR","TYS","12:10","12:29","19","0","0","0","0","0"
"F9","06/29/2024","2421","N704FR","SAN","15:27","15:18","-9","0","0","0","0","0"
"F9","06/29/2024","2438","N382FR","RDU","15:20","15:13","-7","0","0","0","0","0"
"F9","06/29/2024","2577","N230FR","SNA","08:00","07:52","-8","0","0","0","0","0"
"F9","06/29/2024","2632","N719FR","DFW","18:40","19:35","55","0","33","0","0","0"
"F9","06/29/2024","2706","N619FR","BWI","11:05","10:51","-14","0","0","0","0","0"
"F9","06/29/2024","2746","N609FR","TPA","17:33","18:04","31","0","8","11","0","23"
"F9","06/29/2024","2752","N620FR","BUF","16:37","16:40","3","3","0","45","0","0"
"F9","06/29/2024","2817","N712FR","SAN","05:36","05:26","-10","0","0","26","0","0"
"F9","06/29/2024","3004","N642FR","CLT","05:31","05:26","-5","0","0","0","0","0"
"F9","06/29/2024","3101","N326FR","MSO","12:16","13:58","102","0","0","25","0","102"
"F9","06/29/2024","3138","N611FR","MIA","23:59","23:59","0","0","0","0","0","0"
"F9","06/29/2024","3162","N316FR","LGA","16:18","16:08","-10","0","0","0","0","0"
"F9","06/29/2024","3165","N350FR","LAX","19:05","19:49","44","0","0","0","0","41"
"F9","06/29/2024","3174","N387FR","ORD","17:31","17:29","-2","0","0","29","0","0"
"F9","06/29/2024","3219","N642FR","SLC","22:27","00:45","138","130","0","0","0","0"
"F9","06/29/2024","3230","N718FR","IAH","05:06","05:00","-6","0","0","0","0","0"
"F9","06/29/2024","3266","N631FR","PHL","06:45","07:21","36","36","0","13","0","0"
"F9","06/29/2024","3286","N611FR","CVG","05:38","05:26","-12","0","0","0","0","0"
"F9","06/29/2024","3294","N384FR","ATL","00:59","00:51","-8","0","0","0","0","0"
"F9","06/29/2024","3302","N633FR","STL","06:20","06:13","-7","0","0","0","0","0"
"F9","06/29/2024","3312","N701FR","MCO","10:46","10:44","-2","0","0","0","0","0"
"F9","06/29/2024","3340","N605FR","PHL","23:59","01:52","113","0","0","31","0","113"
"F9","06/29/2024","3405","N326FR","SEA","19:34","21:22","108","72","0","0","0","31"
"F9","06/29/2024","3437","N373FR","SFO","22:22","22:11","-11","0","0","62","0","0"
"F9","06/29/2024","3566","N710FR","DTW","12:46","12:50","4","0","0","0","0","0"
"F9","06/29/2024","3665","N604FR","SMF","19:45","20:30","45","0","0","0","0","31"
"F9","06/29/2024","3825","N612FR","ONT","22:28","22:23","-5","0","0","0","0","0"
"F9","06/29/2024","3930","N612FR","PNS","13:24","14:10","46","16","0","0","0","26"
"F9","06/29/2024","3981","N236FR","SLC","11:13","11:32","19","16","0","0","0","0"
"F9","06/29/2024","4053","N313FR","SAN","10:47","10:33","-14","0","0","0","0","0"
"F9","06/29/2024","4062","N610FR","MSN","18:21","18:11","-10","0","0","21","0","0"
"F9","06/29/2024","4344","N702FR","XNA","12:30","13:08","38","0","0","0","0","22"
"F9","06/29/2024","4386","N718FR","CID","17:54","09:01","907","894","0","0","0","0"
"F9","06/29/2024","4638","N702FR","CLE","18:54","19:36","42","0","17","0","0","14"
"F9","06/29/2024","4721","N374FR","SLC","20:08","20:55","47","6","0","4","0","41"
"F9","06/29/2024","4753","N396FR","PHX","23:30","01:14","104","0","0","0","0","92"
"F9","06/29/2024","4794","N704FR","FAR","09:25","09:16","-9","0","0","0","0","0"
"F9","06/29/2024","4856","N721FR","IAH","18:12","18:10","-2","0","0","27","0","0"
"F9","06/29/2024","4927","N637FR","SAN","12:51","12:52","1","0","0","0","0","0"
"F9","06/29/2024","4967","N230FR","LAS","20:59","20:52","-7","0","0","0","0","0"
"F9","06/30/2024","0686","N387FR","DCA","06:41","06:28","-13","0","0","0","0","0"
"F9","06/30/2024","0688","N343FR","DCA","12:42","12:34","-8","0","0","0","0","0"
"F9","06/30/2024","0690","N303FR","DCA","16:25","16:48","23","0","0","0","0","0"
"F9","06/30/2024","1093","N316FR","SFO","05:11","05:05","-6","0","0","0","0","0"
"F9","06/30/2024","1114","N619FR","TPA","23:59","23:54","-5","0","0","0","0","0"
"F9","06/30/2024","1128","N642FR","OMA","08:18","08:05","-13","0","0","0","0","0"
"F9","06/30/2024","1150","N721FR","MSP","05:06","04:58","-8","0","0","0","0","0"
"F9","06/30/2024","1162","N343FR","HOU","05:22","05:13","-9","0","0","0","0","0"
"F9","06/30/2024","1175","N637FR","SEA","07:10","07:12","2","0","0","0","0","0"
"F9","06/30/2024","1261","N308FR","ONT","09:15","10:38","83","79","0","0","0","0"
"F9","06/30/2024","1280","N616FR","MIA","18:59","19:27","28","7","0","0","0","20"
"F9","06/30/2024","1375","N620FR","PHX","05:11","05:01","-10","0","0","0","0","0"
"F9","06/30/2024","1402","N380FR","BNA","08:42","08:32","-10","0","0","0","0","0"
"F9","06/30/2024","1450","N365FR","ATL","10:37","10:25","-12","0","0","22","0","0"
"F9","06/30/2024","1499","N621FR","ONT","22:39","22:39","0","0","0","0","0","0"
"F9","06/30/2024","1560","N612FR","MSN","15:37","15:27","-10","0","0","0","0","0"
"F9","06/30/2024","1678","N349FR","DSM","10:48","10:56","8","0","0","0","0","0"
"F9","06/30/2024","1734","N631FR","MCO","00:48","01:43","55","23","0","0","0","16"
"F9","06/30/2024","1789","N708FR","PDX","07:00","06:55","-5","0","0","0","0","0"
"F9","06/30/2024","1816","N384FR","AUS","17:06","17:04","-2","0","0","0","0","0"
"F9","06/30/2024","1819","N375FR","PHX","08:55","08:45","-10","0","0","0","0","0"
"F9","06/30/2024","1864","N236FR","OKC","09:57","09:47","-10","0","0","0","0","0"
"F9","06/30/2024","1918","N604FR","CLE","06:00","05:58","-2","0","0","0","0","0"
"F9","06/30/2024","1993","N711FR","LAS","10:42","10:38","-4","0","0","0","0","0"
"F9","06/30/2024","2015","N624FR","LAS","06:31","06:20","-11","0","0","0","0","0"
"F9","06/30/2024","2108","N624FR","FSD","12:51","12:40","-11","0","0","0","0","0"
"F9","06/30/2024","2141","N230FR","PHX","14:43","14:32","-11","0","0","0","0","0"
"F9","06/30/2024","2210","N373FR","MDW","07:48","07:39","-9","0","0","0","0","0"
"F9","06/30/2024","2261","N365FR","ELP","05:01","04:56","-5","0","0","0","0","0"
"F9","06/30/2024","2348","N704FR","IND","05:41","05:30","-11","0","0","0","0","0"
"F9","06/30/2024","2349","N228FR","LAS","13:53","13:49","-4","0","0","0","0","0"
"F9","06/30/2024","2360","N316FR","MSY","18:17","18:01","-16","0","0","0","0","0"
"F9","06/30/2024","2382","N612FR","ORF","05:40","05:55","15","0","0","0","0","0"
"F9","06/30/2024","2429","N308FR","LAS","15:59","16:47","48","0","0","0","0","37"
"F9","06/30/2024","2438","N236FR","RDU","15:22","15:10","-12","0","0","0","0","0"
"F9","06/30/2024","2577","N349FR","SNA","15:58","16:08","10","0","0","0","0","0"
"F9","06/30/2024","2632","N624FR","DFW","18:38","18:33","-5","0","0","0","0","0"
"F9","06/30/2024","2687","N343FR","PDX","22:10","21:59","-11","0","0","0","0","0"
"F9","06/30/2024","2708","N621FR","BWI","12:27","12:16","-11","0","0","0","0","0"
"F9","06/30/2024","2746","N708FR","TPA","14:27","14:27","0","0","0","0","0","0"
"F9","06/30/2024","2946","N387FR","MDW","15:46","15:46","0","0","0","0","0","0"
"F9","06/30/2024","3004","N719FR","CLT","05:01","05:12","11","11","0","19","0","0"
"F9","06/30/2024","3138","N719FR","MIA","23:59","01:43","104","0","0","0","0","95"
"F9","06/30/2024","3155","N377FR","LAX","19:05","19:00","-5","0","0","0","0","0"
"F9","06/30/2024","3162","N382FR","LGA","16:18","17:37","79","0","79","6","0","0"
"F9","06/30/2024","3172","N380FR","ORD","21:10","22:09","59","0","0","0","0","47"
"F9","06/30/2024","3266","N611FR","PHL","11:07","11:14","7","0","0","20","0","7"
"F9","06/30/2024","3276","N326FR","BMI","14:06","13:52","-14","0","0","0","0","0"
"F9","06/30/2024","3286","N376FR","CVG","07:28","07:14","-14","0","0","0","0","0"
"F9","06/30/2024","3294","N391FR","ATL","00:59","00:54","-5","0","0","0","0","0"
"F9","06/30/2024","3302","N721FR","STL","11:29","11:28","-1","0","0","0","0","0"
"F9","06/30/2024","3312","N715FR","MCO","09:04","08:54","-10","0","0","0","0","0"
"F9","06/30/2024","3340","N709FR","PHL","23:59","01:31","92","0","0","0","0","69"
"F9","06/30/2024","3376","N610FR","MCI","05:35","05:26","-9","0","0","0","0","0"
"F9","06/30/2024","3421","N326FR","ELP","19:25","20:19","54","0","0","0","0","52"
"F9","06/30/2024","3439","N610FR","SFO","22:12","22:03","-9","0","0","0","0","0"
"F9","06/30/2024","3467","N374FR","PHX","20:59","20:44","-15","0","0","0","0","0"
"F9","06/30/2024","3566","N713FR","DTW","12:42","12:45","3","0","0","0","0","0"
"F9","06/30/2024","3708","N717FR","SAT","18:39","18:37","-2","0","0","0","0","0"
"F9","06/30/2024","3949","N612FR","LAS","22:46","22:29","-17","0","0","0","0","0"
"F9","06/30/2024","3981","N382FR","SLC","11:17","11:09","-8","0","0","0","0","0"
"F9","06/30/2024","4030","N619FR","SAV","14:17","13:58","-19","0","0","0","0","0"
"F9","06/30/2024","4070","N637FR","DFW","15:14","15:42","28","2","0","0","0","22"
"F9","06/30/2024","4235","N387FR","SLC","22:37","00:41","124","124","0","0","0","0"
"F9","06/30/2024","4251","N626FR","SLC","17:12","17:02","-10","0","0","0","0","0"
"F9","06/30/2024","4344","N717FR","XNA","12:32","12:25","-7","0","0","0","0","0"
"F9","06/30/2024","4374","N642FR","PIT","13:38","13:36","-2","0","0","0","0","0"
"F9","06/30/2024","4386","N316FR","CID","12:21","12:26","5","0","0","0","0","0"
"F9","06/30/2024","4464","N326FR","DFW","07:20","07:09","-11","0","0","0","0","0"
"F9","06/30/2024","4576","N712FR","CMH","16:05","16:17","12","0","0","0","0","0"
"F9","06/30/2024","4616","N704FR","MSP","13:14","13:22","8","0","0","0","0","0"
"F9","06/30/2024","4626","N619FR","MEM","07:05","07:13","8","0","0","0","0","0"
"F9","06/30/2024","4647","N718FR","SEA","17:10","17:06","-4","0","0","0","0","0"
"F9","06/30/2024","4753","N356FR","PHX","23:30","00:21","51","51","0","1","0","0"
"F9","06/30/2024","4776","N626FR","LIT","10:31","10:26","-5","0","0","0","0","0"
"F9","06/30/2024","4794","N621FR","FAR","06:31","06:42","11","0","0","0","0","0"
"F9","06/30/2024","4856","N721FR","IAH","18:28","18:26","-2","0","0","0","0","0"
"F9","06/30/2024","4951","N616FR","SAN","12:21","12:23","2","0","0","0","0","0"
"F9","06/30/2024","4967","N229FR","LAS","19:04","19:12","8","0","0","0","0","0"
"F9","06/30/2024","4989","N365FR","SAN","19:54","21:03","69","54","0","0","0","0"
"F9","07/01/2024","0686","N349FR","DCA","06:39","06:24","-15","0","0","0","0","0"
"F9","07/01/2024","0688","N382FR","DCA","12:42","12:32","-10","0","0","0","0","0"
"F9","07/01/2024","0690","N233FR","DCA","16:25","17:42","77","0","0","0","0","65"
"F9","07/01/2024","1066","N718FR","GRB","11:40","12:59","79","0","0","0","0","63"
"F9","07/01/2024","1093","N316FR","SFO","06:31","06:25","-6","0","0","0","0","0"
"F9","07/01/2024","1114","N635FR","TPA","23:59","23:50","-9","0","0","0","0","0"
"F9","07/01/2024","1128","N607FR","OMA","12:22","12:09","-13","0","0","0","0","0"
"F9","07/01/2024","1150","N720FR","MSP","12:43","13:28","45","0","0","0","0","28"
"F9","07/01/2024","1162","N230FR","HOU","08:13","08:34","21","0","0","0","0","0"
"F9","07/01/2024","1175","N382FR","SEA","05:06","05:03","-3","0","0","0","0","0"
"F9","07/01/2024","1248","N624FR","GRR","13:07","13:12","5","0","0","0","0","0"
"F9","07/01/2024","1261","N326FR","ONT","05:01","04:55","-6","0","0","0","0","0"
"F9","07/01/2024","1280","N719FR","MIA","18:59","20:51","112","0","0","0","0","107"
"F9","07/01/2024","1292","N722FR","MSP","18:59","20:18","79","0","0","0","0","59"
"F9","07/01/2024","1402","N642FR","BNA","07:55","07:48","-7","0","0","0","0","0"
"F9","07/01/2024","1450","N621FR","ATL","06:45","06:40","-5","0","0","0","0","0"
"F9","07/01/2024","1499","N621FR","ONT","22:39","22:32","-7","0","0","0","0","0"
"F9","07/01/2024","1560","N635FR","MSN","16:55","17:04","9","0","0","0","0","0"
"F9","07/01/2024","1608","N712FR","MKE","07:00","06:52","-8","0","0","0","0","0"
"F9","07/01/2024","1678","N626FR","DSM","17:30","17:22","-8","0","0","0","0","0"
"F9","07/01/2024","1702","N611FR","SYR","12:38","12:32","-6","0","0","0","0","0"
"F9","07/01/2024","1734","N606FR","MCO","00:49","03:07","138","0","0","0","0","110"
"F9","07/01/2024","1789","N350FR","PDX","05:01","05:04","3","0","0","0","0","0"
"F9","07/01/2024","1816","N637FR","AUS","05:01","04:57","-4","0","0","0","0","0"
"F9","07/01/2024","1819","N344FR","PHX","08:51","08:39","-12","0","0","0","0","0"
"F9","07/01/2024","1864","N635FR","OKC","11:07","11:00","-7","0","0","0","0","0"
"F9","07/01/2024","1918","N642FR","CLE","15:41","15:44","3","0","0","0","0","0"
"F9","07/01/2024","1993","N633FR","LAS","10:12","10:07","-5","0","0","0","0","0"
"F9","07/01/2024","2015","N610FR","LAS","06:05","06:16","11","0","0","0","0","0"
"F9","07/01/2024","2105","N365FR","PHX","20:03","20:17","14","0","0","0","0","0"
"F9","07/01/2024","2108","N233FR","FSD","11:14","12:48","94","8","0","0","0","68"
"F9","07/01/2024","2141","N369FR","PHX","14:31","17:20","169","166","0","0","0","0"
"F9","07/01/2024","2210","N311FR","MDW","08:38","08:35","-3","0","0","0","0","0"
"F9","07/01/2024","2348","N626FR","IND","10:00","09:53","-7","0","0","0","0","0"
"F9","07/01/2024","2349","N349FR","LAS","13:53","15:44","111","0","0","0","0","94"
"F9","07/01/2024","2356","N624FR","SAT","05:06","04:54","-12","0","0","0","0","0"
"F9","07/01/2024","2374","N609FR","TYS","16:48","16:39","-9","0","0","0","0","0"
"F9","07/01/2024","2421","N303FR","SAN","15:37","15:27","-10","0","0","0","0","0"
"F9","07/01/2024","2429","N374FR","LAS","15:57","16:41","44","0","0","0","0","33"
"F9","07/01/2024","2438","N230FR","RDU","15:20","15:24","4","0","0","0","0","0"
"F9","07/01/2024","2454","N721FR","PNS","16:49","18:00","71","0","0","0","0","65"
"F9","07/01/2024","2632","N637FR","DFW","18:35","18:40","5","0","0","0","0","0"
"F9","07/01/2024","2687","N382FR","PDX","22:10","21:57","-13","0","0","0","0","0"
"F9","07/01/2024","2746","N625FR","TPA","17:33","17:33","0","0","0","0","0","0"
"F9","07/01/2024","2756","N722FR","BUF","11:39","11:29","-10","0","0","0","0","0"
"F9","07/01/2024","2817","N611FR","SAN","05:35","05:24","-11","0","0","0","0","0"
"F9","07/01/2024","2907","N720FR","ONT","19:10","19:24","14","0","0","0","0","0"
"F9","07/01/2024","3004","N704FR","CLT","05:31","05:29","-2","0","0","0","0","0"
"F9","07/01/2024","3101","N350FR","MSO","12:14","12:04","-10","0","0","0","0","0"
"F9","07/01/2024","3138","N626FR","MIA","23:59","23:52","-7","0","0","0","0","0"
"F9","07/01/2024","3155","N307FR","LAX","19:05","19:08","3","0","0","0","0","0"
"F9","07/01/2024","3162","N706FR","LGA","16:18","16:15","-3","0","0","21","0","0"
"F9","07/01/2024","3170","","ORD","17:13","00:00","0","0","0","0","0","0"
"F9","07/01/2024","3206","N712FR","IAH","14:25","15:36","71","71","0","71","0","0"
"F9","07/01/2024","3230","N718FR","IAH","05:11","05:15","4","0","0","0","0","0"
"F9","07/01/2024","3266","N721FR","PHL","06:41","07:46","65","59","0","0","0","0"
"F9","07/01/2024","3286","N612FR","CVG","05:40","05:54","14","14","0","1","0","0"
"F9","07/01/2024","3294","N391FR","ATL","00:59","00:58","-1","0","0","0","0","0"
"F9","07/01/2024","3302","N717FR","STL","06:20","06:08","-12","0","0","0","0","0"
"F9","07/01/2024","3312","N644FR","MCO","10:46","10:41","-5","0","0","0","0","0"
"F9","07/01/2024","3340","N705FR","PHL","23:49","01:17","88","0","0","0","0","76"
"F9","07/01/2024","3376","N303FR","MCI","09:56","09:42","-14","0","0","0","0","0"
"F9","07/01/2024","3405","N343FR","SEA","13:16","13:26","10","0","0","0","0","0"
"F9","07/01/2024","3421","N326FR","ELP","18:27","18:16","-11","0","0","0","0","0"
"F9","07/01/2024","3439","N712FR","SFO","22:12","00:41","149","0","0","0","0","133"
"F9","07/01/2024","3566","N343FR","DTW","05:10","05:35","25","0","0","0","0","0"
"F9","07/01/2024","3665","N708FR","SMF","18:19","18:17","-2","0","0","0","0","0"
"F9","07/01/2024","3843","N607FR","LAS","18:00","17:58","-2","0","0","0","0","0"
"F9","07/01/2024","3861","N708FR","SLC","06:31","06:23","-8","0","0","0","0","0"
"F9","07/01/2024","3961","N613FR","SLC","22:58","23:43","45","36","0","0","0","0"
"F9","07/01/2024","4070","N621FR","DFW","15:26","15:22","-4","0","0","0","0","0"
"F9","07/01/2024","4251","N344FR","SLC","14:35","14:39","4","0","0","0","0","0"
"F9","07/01/2024","4371","N326FR","SNA","11:29","11:22","-7","0","0","0","0","0"
"F9","07/01/2024","4386","N609FR","CID","10:31","10:24","-7","0","0","0","0","0"
"F9","07/01/2024","4464","N381FR","DFW","07:15","08:06","51","45","0","0","0","0"
"F9","07/01/2024","4794","N708FR","FAR","11:56","11:46","-10","0","0","0","0","0"
"F9","07/01/2024","4856","N350FR","IAH","18:16","18:39","23","2","0","0","0","14"
"F9","07/01/2024","4927","N637FR","SAN","11:33","11:31","-2","0","0","0","0","0"
"F9","07/01/2024","4989","N610FR","SAN","19:47","19:33","-14","0","0","0","0","0"
"F9","07/02/2024","0686","N312FR","DCA","06:39","06:41","2","0","0","0","0","0"
"F9","07/02/2024","0688","N326FR","DCA","12:42","12:48","6","0","0","0","0","0"
"F9","07/02/2024","0690","N309FR","DCA","16:25","16:31","6","0","0","0","0","0"
"F9","07/02/2024","1093","N326FR","SFO","05:25","05:25","0","0","0","0","0","0"
"F9","07/02/2024","1114","N642FR","TPA","23:59","00:22","23","16","0","0","0","0"
"F9","07/02/2024","1128","N621FR","OMA","13:00","13:03","3","0","0","0","0","0"
"F9","07/02/2024","1150","N609FR","MSP","05:01","04:58","-3","0","0","0","0","0"
"F9","07/02/2024","1162","N376FR","HOU","11:11","11:41","30","0","0","0","0","0"
"F9","07/02/2024","1175","N637FR","SEA","06:36","06:38","2","0","0","0","0","0"
"F9","07/02/2024","1228","N311FR","MDW","09:45","09:36","-9","0","0","0","0","0"
"F9","07/02/2024","1261","N621FR","ONT","06:05","06:20","15","0","0","0","0","0"
"F9","07/02/2024","1280","N708FR","MIA","18:59","18:54","-5","0","0","0","0","0"
"F9","07/02/2024","1324","N708FR","DFW","05:06","05:47","41","33","0","0","0","0"
"F9","07/02/2024","1402","N233FR","BNA","08:42","09:45","63","8","0","0","0","49"
"F9","07/02/2024","1450","N382FR","ATL","06:31","06:26","-5","0","0","0","0","0"
"F9","07/02/2024","1465","N644FR","LAS","15:56","15:56","0","0","0","0","0","0"
"F9","07/02/2024","1499","N721FR","ONT","22:39","22:46","7","0","0","0","0","0"
"F9","07/02/2024","1734","N316FR","MCO","00:48","00:59","11","0","0","0","0","0"
"F9","07/02/2024","1789","N706FR","PDX","05:06","05:06","0","0","0","0","0","0"
"F9","07/02/2024","1816","N722FR","AUS","05:01","04:55","-6","0","0","0","0","0"
"F9","07/02/2024","1819","N324FR","PHX","08:51","08:46","-5","0","0","0","0","0"
"F9","07/02/2024","1864","N607FR","OKC","14:49","14:38","-11","0","0","0","0","0"
"F9","07/02/2024","1918","N718FR","CLE","06:00","06:08","8","0","0","0","0","0"
"F9","07/02/2024","1993","N609FR","LAS","10:00","10:55","55","0","0","27","0","55"
"F9","07/02/2024","2015","N303FR","LAS","07:15","07:05","-10","0","0","0","0","0"
"F9","07/02/2024","2141","N367FR","PHX","14:43","15:21","38","21","0","0","0","0"
"F9","07/02/2024","2148","N396FR","DFW","09:22","09:21","-1","0","0","0","0","0"
"F9","07/02/2024","2261","N613FR","ELP","08:23","08:09","-14","0","0","0","0","0"
"F9","07/02/2024","2348","N311FR","IND","17:05","16:54","-11","0","0","0","0","0"
"F9","07/02/2024","2349","N377FR","LAS","13:53","13:43","-10","0","0","0","0","0"
"F9","07/02/2024","2360","N625FR","MSY","17:49","17:42","-7","0","0","0","0","0"
"F9","07/02/2024","2382","N706FR","ORF","12:34","12:40","6","0","0","0","0","0"
"F9","07/02/2024","2421","N365FR","SAN","19:54","19:51","-3","0","0","0","0","0"
"F9","07/02/2024","2438","N230FR","RDU","15:22","16:10","48","0","0","0","0","40"
"F9","07/02/2024","2632","N621FR","DFW","18:26","18:20","-6","0","0","0","0","0"
"F9","07/02/2024","2687","N626FR","PDX","21:45","21:42","-3","0","0","0","0","0"
"F9","07/02/2024","2706","N613FR","BWI","14:15","14:15","0","0","0","0","0","0"
"F9","07/02/2024","2817","N642FR","SAN","05:35","05:28","-7","0","0","0","0","0"
"F9","07/02/2024","2946","N356FR","MDW","13:46","13:37","-9","0","0","0","0","0"
"F9","07/02/2024","3004","N720FR","CLT","05:11","05:08","-3","0","0","0","0","0"
"F9","07/02/2024","3138","N720FR","MIA","23:59","00:44","45","0","0","0","0","34"
"F9","07/02/2024","3155","N376FR","LAX","19:05","19:37","32","24","0","0","0","0"
"F9","07/02/2024","3162","N312FR","LGA","16:18","16:09","-9","0","0","0","0","0"
"F9","07/02/2024","3174","N303FR","ORD","21:10","21:27","17","0","0","0","0","0"
"F9","07/02/2024","3206","N350FR","IAH","08:42","08:35","-7","0","0","0","0","0"
"F9","07/02/2024","3230","N387FR","IAH","16:48","16:59","11","0","0","0","0","0"
"F9","07/02/2024","3266","N626FR","PHL","11:07","10:57","-10","0","0","0","0","0"
"F9","07/02/2024","3276","N303FR","BMI","13:00","12:58","-2","0","0","0","0","0"
"F9","07/02/2024","3286","N368FR","CVG","07:28","07:20","-8","0","0","0","0","0"
"F9","07/02/2024","3294","N318FR","ATL","00:59","01:14","15","0","0","0","0","0"
"F9","07/02/2024","3302","N722FR","STL","11:39","11:39","0","0","0","0","0","0"
"F9","07/02/2024","3312","N702FR","MCO","10:21","10:20","-1","0","0","0","0","0"
"F9","07/02/2024","3340","N603FR","PHL","23:59","23:50","-9","0","0","0","0","0"
"F9","07/02/2024","3376","N611FR","MCI","05:35","05:25","-10","0","0","0","0","0"
"F9","07/02/2024","3405","N637FR","SEA","17:10","17:02","-8","0","0","0","0","0"
"F9","07/02/2024","3439","N709FR","SFO","22:12","23:12","60","49","0","0","0","0"
"F9","07/02/2024","3467","N344FR","PHX","20:18","20:11","-7","0","0","0","0","0"
"F9","07/02/2024","3566","N715FR","DTW","12:46","12:54","8","0","0","0","0","0"
"F9","07/02/2024","3981","N230FR","SLC","11:17","11:09","-8","0","0","0","0","0"
"F9","07/02/2024","4030","N612FR","SAV","15:59","15:50","-9","0","0","0","0","0"
"F9","07/02/2024","4070","N721FR","DFW","12:32","12:23","-9","0","0","0","0","0"
"F9","07/02/2024","4251","N326FR","SLC","22:36","22:21","-15","0","0","0","0","0"
"F9","07/02/2024","4344","N708FR","XNA","11:38","11:29","-9","0","0","0","0","0"
"F9","07/02/2024","4374","N607FR","PIT","06:00","05:56","-4","0","0","0","0","0"
"F9","07/02/2024","4386","N712FR","CID","11:03","10:55","-8","0","0","0","0","0"
"F9","07/02/2024","4576","N642FR","CMH","14:47","14:56","9","0","0","0","0","0"
"F9","07/02/2024","4616","N396FR","MSP","15:15","15:25","10","0","0","0","0","0"
"F9","07/02/2024","4626","N372FR","MEM","15:43","15:37","-6","0","0","0","0","0"
"F9","07/02/2024","4721","N391FR","SLC","17:45","17:51","6","0","0","0","0","0"
"F9","07/02/2024","4753","N369FR","PHX","23:30","23:18","-12","0","0","0","0","0"
"F9","07/02/2024","4776","N625FR","LIT","10:31","10:24","-7","0","0","0","0","0"
"F9","07/02/2024","4794","N372FR","FAR","09:57","09:47","-10","0","0","0","0","0"
"F9","07/02/2024","4839","N361FR","SNA","18:34","18:41","7","0","0","0","0","0"
"F9","07/02/2024","4927","N712FR","SAN","17:21","17:30","9","0","0","0","0","0"
"F9","07/02/2024","4967","N616FR","LAS","18:22","18:52","30","0","0","0","0","19"
"F9","07/03/2024","0686","N349FR","DCA","06:35","06:57","22","0","0","0","0","0"
"F9","07/03/2024","0688","N373FR","DCA","12:42","12:51","9","0","0","0","0","0"
"F9","07/03/2024","0690","N230FR","DCA","16:25","16:23","-2","0","0","0","0","0"
"F9","07/03/2024","1066","N613FR","GRB","09:25","10:26","61","49","0","0","0","0"
"F9","07/03/2024","1093","N312FR","SFO","06:39","06:32","-7","0","0","0","0","0"
"F9","07/03/2024","1114","N711FR","TPA","23:59","00:01","2","0","0","0","0","0"
"F9","07/03/2024","1128","N230FR","OMA","11:13","11:29","16","0","0","0","0","0"
"F9","07/03/2024","1150","N712FR","MSP","05:06","04:51","-15","0","0","0","0","0"
"F9","07/03/2024","1162","N361FR","HOU","18:07","18:18","11","0","0","0","0","0"
"F9","07/03/2024","1175","N373FR","SEA","05:06","05:01","-5","0","0","0","0","0"
"F9","07/03/2024","1248","N723FR","GRR","12:51","12:47","-4","0","0","0","0","0"
"F9","07/03/2024","1280","N712FR","MIA","18:59","19:33","34","0","0","0","0","30"
"F9","07/03/2024","1292","N720FR","MSP","18:59","19:06","7","0","0","0","0","0"
"F9","07/03/2024","1325","N374FR","LAS","13:53","14:16","23","0","0","0","0","0"
"F9","07/03/2024","1402","N326FR","BNA","08:13","09:39","86","0","0","0","0","79"
"F9","07/03/2024","1450","N611FR","ATL","06:36","06:34","-2","0","0","0","0","0"
"F9","07/03/2024","1499","N622FR","ONT","22:29","22:20","-9","0","0","0","0","0"
"F9","07/03/2024","1560","N233FR","MSN","12:12","12:12","0","0","0","0","0","0"
"F9","07/03/2024","1608","N233FR","MKE","05:20","05:10","-10","0","0","0","0","0"
"F9","07/03/2024","1678","N309FR","DSM","09:56","09:47","-9","0","0","0","0","0"
"F9","07/03/2024","1702","N324FR","SYR","15:26","17:20","114","0","0","0","0","94"
"F9","07/03/2024","1734","N636FR","MCO","00:49","01:15","26","14","0","0","0","4"
"F9","07/03/2024","1789","N361FR","PDX","05:06","04:56","-10","0","0","0","0","0"
"F9","07/03/2024","1816","N607FR","AUS","06:05","05:57","-8","0","0","0","0","0"
"F9","07/03/2024","1819","N372FR","PHX","08:54","09:40","46","0","0","0","0","45"
"F9","07/03/2024","1864","N616FR","OKC","12:16","12:04","-12","0","0","0","0","0"
"F9","07/03/2024","1918","N620FR","CLE","11:07","10:57","-10","0","0","0","0","0"
"F9","07/03/2024","1993","N622FR","LAS","06:03","06:07","4","0","0","0","0","0"
"F9","07/03/2024","2015","N718FR","LAS","09:27","09:26","-1","0","0","0","0","0"
"F9","07/03/2024","2105","N373FR","PHX","21:55","21:51","-4","0","0","0","0","0"
"F9","07/03/2024","2108","N372FR","FSD","05:01","04:51","-10","0","0","0","0","0"
"F9","07/03/2024","2141","N349FR","PHX","14:33","15:39","66","0","0","0","0","58"
"F9","07/03/2024","2148","N310FR","DFW","09:40","09:38","-2","0","0","0","0","0"
"F9","07/03/2024","2210","N385FR","MDW","08:38","08:32","-6","0","0","0","0","0"
"F9","07/03/2024","2261","N626FR","ELP","12:34","12:30","-4","0","0","0","0","0"
"F9","07/03/2024","2348","N709FR","IND","06:31","06:29","-2","0","0","0","0","0"
"F9","07/03/2024","2356","N616FR","SAT","17:59","17:55","-4","0","0","0","0","0"
"F9","07/03/2024","2374","N709FR","TYS","14:00","14:37","37","23","0","0","0","6"
"F9","07/03/2024","2429","N343FR","LAS","15:53","17:05","72","44","0","0","0","6"
"F9","07/03/2024","2438","N309FR","RDU","15:52","16:11","19","0","0","0","0","0"
"F9","07/03/2024","2454","N704FR","PNS","16:23","16:13","-10","0","0","0","0","0"
"F9","07/03/2024","2632","N626FR","DFW","18:33","18:30","-3","0","0","0","0","0"
"F9","07/03/2024","2687","N607FR","PDX","22:06","21:58","-8","0","0","0","0","0"
"F9","07/03/2024","2746","N635FR","TPA","17:55","17:43","-12","0","0","0","0","0"
"F9","07/03/2024","2752","N607FR","BUF","12:42","12:35","-7","0","0","0","0","0"
"F9","07/03/2024","2817","N626FR","SAN","05:35","05:25","-10","0","0","0","0","0"
"F9","07/03/2024","2907","N722FR","ONT","05:50","05:41","-9","0","0","0","0","0"
"F9","07/03/2024","3004","N625FR","CLT","05:01","05:29","28","23","0","0","0","0"
"F9","07/03/2024","3101","N361FR","MSO","12:19","12:12","-7","0","0","0","0","0"
"F9","07/03/2024","3138","N710FR","MIA","23:46","00:19","33","3","0","0","0","26"
"F9","07/03/2024","3162","N706FR","LGA","16:33","16:29","-4","0","0","0","0","0"
"F9","07/03/2024","3165","N233FR","LAX","19:05","19:04","-1","0","0","0","0","0"
"F9","07/03/2024","3170","","ORD","17:13","00:00","0","0","0","0","0","0"
"F9","07/03/2024","3206","N337FR","IAH","18:42","18:35","-7","0","0","0","0","0"
"F9","07/03/2024","3228","N712FR","IAH","11:29","11:20","-9","0","0","0","0","0"
"F9","07/03/2024","3266","N621FR","PHL","06:45","06:51","6","0","0","0","0","0"
"F9","07/03/2024","3286","N612FR","CVG","05:40","05:38","-2","0","0","0","0","0"
"F9","07/03/2024","3294","N311FR","ATL","00:59","02:00","61","42","0","0","0","0"
"F9","07/03/2024","3302","N637FR","STL","06:20","06:11","-9","0","0","0","0","0"
"F9","07/03/2024","3312","N719FR","MCO","10:54","10:51","-3","0","0","0","0","0"
"F9","07/03/2024","3340","N634FR","PHL","23:56","00:14","18","0","0","0","0","0"
"F9","07/03/2024","3376","N613FR","MCI","16:36","17:02","26","0","0","4","0","26"
"F9","07/03/2024","3437","N365FR","SFO","22:22","22:17","-5","0","0","24","0","0"
"F9","07/03/2024","3566","N622FR","DTW","12:15","12:10","-5","0","0","0","0","0"
"F9","07/03/2024","3665","N616FR","SMF","05:06","04:56","-10","0","0","0","0","0"
"F9","07/03/2024","3981","N344FR","SLC","11:12","11:09","-3","0","0","0","0","0"
"F9","07/03/2024","4070","N611FR","DFW","15:14","15:12","-2","0","0","0","0","0"
"F9","07/03/2024","4371","N326FR","SNA","15:33","16:49","76","0","0","0","0","54"
"F9","07/03/2024","4464","N350FR","DFW","07:15","08:20","65","5","0","0","0","57"
"F9","07/03/2024","4611","N307FR","LAS","21:00","20:46","-14","0","0","0","0","0"
"F9","07/03/2024","4647","N722FR","SEA","19:37","19:55","18","8","0","13","0","10"
"F9","07/03/2024","4721","N624FR","SLC","22:38","22:32","-6","0","0","38","0","0"
"F9","07/03/2024","4753","N372FR","PHX","23:30","23:22","-8","0","0","0","0","0"
"F9","07/03/2024","4794","N704FR","FAR","10:15","10:07","-8","0","0","0","0","0"
"F9","07/03/2024","4882","N706FR","CID","10:19","10:10","-9","0","0","0","0","0"
"F9","07/03/2024","4927","N722FR","SAN","12:38","13:07","29","0","0","0","0","0"
"F9","07/03/2024","4989","N621FR","SAN","16:49","16:48","-1","0","0","0","0","0"
"F9","07/04/2024","0686","N365FR","DCA","06:39","06:42","3","0","0","0","0","0"
"F9","07/04/2024","0688","N326FR","DCA","12:35","12:27","-8","0","0","0","0","0"
"F9","07/04/2024","0690","N309FR","DCA","16:25","16:15","-10","0","0","0","0","0"
"F9","07/04/2024","1093","N318FR","SFO","05:01","05:05","4","0","0","0","0","0"
"F9","07/04/2024","1114","N706FR","TPA","23:59","00:03","4","0","0","0","0","0"
"F9","07/04/2024","1128","N622FR","OMA","12:34","13:00","26","0","0","0","0","0"
"F9","07/04/2024","1150","N722FR","MSP","05:01","05:06","5","0","0","0","0","0"
"F9","07/04/2024","1175","N624FR","SEA","08:23","08:21","-2","0","0","0","0","0"
"F9","07/04/2024","1261","N338FR","ONT","11:18","11:18","0","0","0","0","0","0"
"F9","07/04/2024","1375","N361FR","PHX","05:11","05:05","-6","0","0","0","0","0"
"F9","07/04/2024","1402","N360FR","BNA","08:42","08:56","14","0","0","0","0","0"
"F9","07/04/2024","1450","N324FR","ATL","10:37","10:28","-9","0","0","17","0","0"
"F9","07/04/2024","1499","N710FR","ONT","22:24","22:32","8","0","0","0","0","0"
"F9","07/04/2024","1560","N616FR","MSN","11:23","14:04","161","0","0","0","0","140"
"F9","07/04/2024","1678","N361FR","DSM","10:56","10:58","2","0","0","0","0","0"
"F9","07/04/2024","1734","N612FR","MCO","00:48","00:54","6","0","0","0","0","0"
"F9","07/04/2024","1789","N622FR","PDX","06:05","05:51","-14","0","0","0","0","0"
"F9","07/04/2024","1816","N338FR","AUS","17:17","17:39","22","0","0","5","0","22"
"F9","07/04/2024","1819","N373FR","PHX","09:04","09:14","10","0","0","0","0","0"
"F9","07/04/2024","1864","N230FR","OKC","09:56","09:59","3","0","0","0","0","0"
"F9","07/04/2024","1918","N613FR","CLE","06:00","06:01","1","0","0","0","0","0"
"F9","07/04/2024","1993","N636FR","LAS","10:42","10:33","-9","0","0","0","0","0"
"F9","07/04/2024","2015","N704FR","LAS","06:31","06:27","-4","0","0","0","0","0"
"F9","07/04/2024","2108","N337FR","FSD","13:08","12:53","-15","0","0","0","0","0"
"F9","07/04/2024","2141","N313FR","PHX","14:41","14:28","-13","0","0","0","0","0"
"F9","07/04/2024","2210","N371FR","MDW","09:19","09:13","-6","0","0","0","0","0"
"F9","07/04/2024","2261","N324FR","ELP","05:01","04:54","-7","0","0","0","0","0"
"F9","07/04/2024","2348","N620FR","IND","05:06","05:02","-4","0","0","0","0","0"
"F9","07/04/2024","2349","N308FR","LAS","13:51","13:49","-2","0","0","0","0","0"
"F9","07/04/2024","2360","N622FR","MSY","18:00","19:31","91","56","0","0","0","8"
"F9","07/04/2024","2382","N607FR","ORF","06:00","05:50","-10","0","0","0","0","0"
"F9","07/04/2024","2429","N330FR","LAS","15:52","15:37","-15","0","0","0","0","0"
"F9","07/04/2024","2438","N230FR","RDU","15:16","15:06","-10","0","0","0","0","0"
"F9","07/04/2024","2632","N620FR","DFW","19:08","19:15","7","0","0","0","0","0"
"F9","07/04/2024","2706","N641FR","BWI","07:12","07:06","-6","0","0","0","0","0"
"F9","07/04/2024","2746","N709FR","TPA","11:42","12:27","45","0","0","0","0","26"
"F9","07/04/2024","2817","N621FR","SAN","05:35","05:29","-6","0","0","0","0","0"
"F9","07/04/2024","3004","N706FR","CLT","05:11","05:45","34","18","0","0","0","0"
"F9","07/04/2024","3138","N611FR","MIA","23:59","23:59","0","0","0","0","0","0"
"F9","07/04/2024","3155","N301FR","LAX","19:05","18:56","-9","0","0","0","0","0"
"F9","07/04/2024","3162","N365FR","LGA","16:18","16:09","-9","0","0","0","0","0"
"F9","07/04/2024","3174","N360FR","ORD","21:10","22:14","64","0","0","0","0","40"
"F9","07/04/2024","3230","N709FR","IAH","05:40","05:39","-1","0","0","0","0","0"
"F9","07/04/2024","3266","N710FR","PHL","11:07","11:16","9","0","0","0","0","0"
"F9","07/04/2024","3276","N711FR","BMI","13:39","14:03","24","0","0","0","0","0"
"F9","07/04/2024","3286","N375FR","CVG","07:51","07:39","-12","0","0","0","0","0"
"F9","07/04/2024","3294","N312FR","ATL","00:59","01:02","3","0","0","0","0","0"
"F9","07/04/2024","3302","N641FR","STL","16:51","16:48","-3","0","0","0","0","0"
"F9","07/04/2024","3312","N723FR","MCO","09:04","08:55","-9","0","0","0","0","0"
"F9","07/04/2024","3340","N638FR","PHL","23:42","23:29","-13","0","0","0","0","0"
"F9","07/04/2024","3376","N626FR","MCI","05:35","05:22","-13","0","0","0","0","0"
"F9","07/04/2024","3405","N394FR","SEA","16:47","16:50","3","0","0","0","0","0"
"F9","07/04/2024","3467","N391FR","PHX","20:59","20:53","-6","0","0","0","0","0"
"F9","07/04/2024","3566","N704FR","DTW","12:46","13:03","17","0","0","0","0","0"
"F9","07/04/2024","3861","N621FR","SLC","17:24","18:21","57","0","0","9","0","57"
"F9","07/04/2024","3951","N720FR","LAS","23:26","23:11","-15","0","0","0","0","0"
"F9","07/04/2024","3981","N309FR","SLC","11:17","11:12","-5","0","0","0","0","0"
"F9","07/04/2024","4030","N722FR","SAV","16:32","16:28","-4","0","0","0","0","0"
"F9","07/04/2024","4070","N607FR","DFW","15:23","15:30","7","0","0","0","0","0"
"F9","07/04/2024","4344","N337FR","XNA","07:21","07:08","-13","0","0","0","0","0"
"F9","07/04/2024","4371","N361FR","SNA","16:28","16:18","-10","0","0","0","0","0"
"F9","07/04/2024","4374","N624FR","PIT","16:14","16:03","-11","0","0","0","0","0"
"F9","07/04/2024","4386","N337FR","CID","12:52","18:01","309","0","0","0","0","303"
"F9","07/04/2024","4464","N611FR","DFW","07:11","07:10","-1","0","0","0","0","0"
"F9","07/04/2024","4576","N318FR","CMH","12:16","12:00","-16","0","0","0","0","0"
"F9","07/04/2024","4616","N611FR","MSP","13:42","13:35","-7","0","0","0","0","0"
"F9","07/04/2024","4626","N720FR","MEM","15:54","15:44","-10","0","0","0","0","0"
"F9","07/04/2024","4721","N361FR","SLC","22:50","22:34","-16","0","0","0","0","0"
"F9","07/04/2024","4776","N621FR","LIT","10:31","12:28","117","0","0","0","0","101"
"F9","07/04/2024","4794","N616FR","FAR","08:40","08:34","-6","0","0","0","0","0"
"F9","07/04/2024","4856","N616FR","IAH","18:16","20:17","121","0","0","0","0","101"
"F9","07/04/2024","4927","N620FR","SAN","12:31","13:09","38","9","0","0","0","8"
"F9","07/04/2024","4967","N311FR","LAS","19:04","19:07","3","0","0","0","0","0"
"F9","07/04/2024","4989","N372FR","SAN","19:54","19:44","-10","0","0","0","0","0"
"F9","07/05/2024","0686","N382FR","DCA","06:42","06:33","-9","0","0","0","0","0"
"F9","07/05/2024","0688","N326FR","DCA","12:41","12:31","-10","0","0","0","0","0"
"F9","07/05/2024","0690","N365FR","DCA","16:25","17:21","56","0","0","0","0","27"
"F9","07/05/2024","1066","N711FR","GRB","14:11","14:01","-10","0","0","0","0","0"
"F9","07/05/2024","1114","N639FR","TPA","23:59","23:59","0","0","0","0","0","0"
"F9","07/05/2024","1128","N230FR","OMA","11:14","11:10","-4","0","0","0","0","0"
"F9","07/05/2024","1130","N337FR","HOU","18:34","18:28","-6","0","0","0","0","0"
"F9","07/05/2024","1150","N337FR","MSP","12:28","12:27","-1","0","0","0","0","0"
"F9","07/05/2024","1175","N616FR","SEA","05:15","05:08","-7","0","0","0","0","0"
"F9","07/05/2024","1248","N704FR","GRR","12:56","12:56","0","0","0","0","0","0"
"F9","07/05/2024","1280","N613FR","MIA","18:59","20:04","65","2","0","0","0","60"
"F9","07/05/2024","1292","N641FR","MSP","18:54","18:45","-9","0","0","0","0","0"
"F9","07/05/2024","1402","N711FR","BNA","06:31","06:21","-10","0","0","0","0","0"
"F9","07/05/2024","1450","N715FR","ATL","06:45","06:40","-5","0","0","0","0","0"
"F9","07/05/2024","1499","N712FR","ONT","22:21","22:18","-3","0","0","0","0","0"
"F9","07/05/2024","1560","N318FR","MSN","05:31","05:58","27","0","0","0","0","0"
"F9","07/05/2024","1608","N639FR","MKE","16:38","16:28","-10","0","0","0","0","0"
"F9","07/05/2024","1678","N641FR","DSM","11:54","12:02","8","0","0","0","0","0"
"F9","07/05/2024","1702","N722FR","SYR","14:11","14:01","-10","0","0","0","0","0"
"F9","07/05/2024","1752","N304FR","CVG","20:24","21:00","36","0","0","0","0","18"
"F9","07/05/2024","1789","N337FR","PDX","05:06","05:08","2","0","0","0","0","0"
"F9","07/05/2024","1816","N365FR","AUS","05:01","04:52","-9","0","0","0","0","0"
"F9","07/05/2024","1819","N349FR","PHX","08:51","08:41","-10","0","0","0","0","0"
"F9","07/05/2024","1864","N639FR","OKC","10:53","10:51","-2","0","0","0","0","0"
"F9","07/05/2024","1918","N616FR","CLE","13:01","13:05","4","0","0","0","0","0"
"F9","07/05/2024","1993","N706FR","LAS","10:16","10:24","8","0","0","0","0","0"
"F9","07/05/2024","2015","N621FR","LAS","06:00","05:51","-9","0","0","0","0","0"
"F9","07/05/2024","2105","N616FR","PHX","21:20","21:53","33","0","0","0","0","26"
"F9","07/05/2024","2108","N309FR","FSD","09:57","09:45","-12","0","0","0","0","0"
"F9","07/05/2024","2141","N233FR","PHX","14:40","17:12","152","138","0","0","0","0"
"F9","07/05/2024","2148","N710FR","DFW","05:01","05:14","13","0","0","0","0","0"
"F9","07/05/2024","2261","N624FR","ELP","17:43","17:46","3","0","0","0","0","0"
"F9","07/05/2024","2348","N624FR","IND","10:05","09:59","-6","0","0","0","0","0"
"F9","07/05/2024","2349","N384FR","LAS","13:55","13:45","-10","0","0","0","0","0"
"F9","07/05/2024","2356","N641FR","SAT","05:11","05:42","31","15","0","0","0","0"
"F9","07/05/2024","2360","N614FR","MSY","18:15","19:59","104","0","0","0","0","82"
"F9","07/05/2024","2374","N620FR","TYS","16:44","16:38","-6","0","0","0","0","0"
"F9","07/05/2024","2421","N309FR","SAN","15:37","15:23","-14","0","0","0","0","0"
"F9","07/05/2024","2429","N230FR","LAS","15:55","16:02","7","0","0","0","0","0"
"F9","07/05/2024","2438","N301FR","RDU","15:22","15:27","5","0","0","0","0","0"
"F9","07/05/2024","2454","N605FR","PNS","16:43","16:32","-11","0","0","0","0","0"
"F9","07/05/2024","2632","N634FR","DFW","18:45","18:45","0","0","0","0","0","0"
"F9","07/05/2024","2687","N609FR","PDX","22:00","21:48","-12","0","0","0","0","0"
"F9","07/05/2024","2746","N642FR","TPA","17:33","17:32","-1","0","0","0","0","0"
"F9","07/05/2024","2752","N394FR","BUF","13:22","13:28","6","0","0","0","0","0"
"F9","07/05/2024","2817","N326FR","SAN","05:45","05:31","-14","0","0","0","0","0"
"F9","07/05/2024","2907","N711FR","ONT","19:42","20:40","58","0","0","0","0","41"
"F9","07/05/2024","3004","N607FR","CLT","05:15","05:23","8","0","0","0","0","0"
"F9","07/05/2024","3101","N318FR","MSO","12:14","12:01","-13","0","0","0","0","0"
"F9","07/05/2024","3138","N624FR","MIA","23:59","23:54","-5","0","0","0","0","0"
"F9","07/05/2024","3155","N367FR","LAX","19:07","18:51","-16","0","0","0","0","0"
"F9","07/05/2024","3162","N382FR","LGA","16:15","16:04","-11","0","0","0","0","0"
"F9","07/05/2024","3172","N347FR","ORD","20:10","20:07","-3","0","0","0","0","0"
"F9","07/05/2024","3228","N394FR","IAH","06:36","06:31","-5","0","0","0","0","0"
"F9","07/05/2024","3230","N710FR","IAH","17:58","17:59","1","0","0","0","0","0"
"F9","07/05/2024","3266","N620FR","PHL","06:40","06:50","10","0","0","0","0","0"
"F9","07/05/2024","3276","N634FR","BMI","11:46","11:32","-14","0","0","0","0","0"
"F9","07/05/2024","3294","N709FR","ATL","00:05","23:55","-10","0","0","0","0","0"
"F9","07/05/2024","3302","N701FR","STL","06:15","06:27","12","0","0","0","0","0"
"F9","07/05/2024","3312","N626FR","MCO","10:51","11:04","13","0","0","0","0","0"
"F9","07/05/2024","3340","N607FR","PHL","23:41","23:43","2","0","0","0","0","0"
"F9","07/05/2024","3376","N622FR","MCI","05:55","07:08","73","66","0","0","0","0"
"F9","07/05/2024","3439","N622FR","SFO","22:15","22:10","-5","0","0","16","0","0"
"F9","07/05/2024","3539","N326FR","LAS","22:48","22:33","-15","0","0","0","0","0"
"F9","07/05/2024","3566","N722FR","DTW","06:00","05:53","-7","0","0","0","0","0"
"F9","07/05/2024","3665","N361FR","SMF","08:27","08:21","-6","0","0","0","0","0"
"F9","07/05/2024","3718","N350FR","MDW","08:51","08:53","2","0","0","0","0","0"
"F9","07/05/2024","3843","N611FR","LAS","17:55","18:04","9","0","0","0","0","0"
"F9","07/05/2024","3861","N634FR","SLC","06:31","06:27","-4","0","0","0","0","0"
"F9","07/05/2024","3981","N349FR","SLC","14:35","14:30","-5","0","0","0","0","0"
"F9","07/05/2024","4042","N311FR","SFO","06:31","06:23","-8","0","0","0","0","0"
"F9","07/05/2024","4070","N715FR","DFW","15:26","15:26","0","0","0","0","0","0"
"F9","07/05/2024","4235","N715FR","SLC","22:28","22:24","-4","0","0","0","0","0"
"F9","07/05/2024","4344","N611FR","XNA","11:53","11:46","-7","0","0","0","0","0"
"F9","07/05/2024","4386","N605FR","CID","10:20","10:45","25","0","0","0","0","0"
"F9","07/05/2024","4647","N614FR","SEA","12:26","12:27","1","0","0","0","0","0"
"F9","07/05/2024","4753","N309FR","PHX","23:30","23:18","-12","0","0","0","0","0"
"F9","07/05/2024","4794","N710FR","FAR","11:37","11:48","11","0","0","0","0","0"
"F9","07/05/2024","4839","N318FR","SNA","18:03","17:57","-6","0","0","0","0","0"
"F9","07/05/2024","4927","N365FR","SAN","11:21","11:10","-11","0","0","0","0","0"
"F9","07/05/2024","4989","N352FR","SAN","19:54","20:24","30","0","0","0","0","15"
"F9","07/06/2024","0686","N311FR","DCA","06:42","06:37","-5","0","0","0","0","0"
"F9","07/06/2024","0688","N372FR","DCA","12:41","12:39","-2","0","0","0","0","0"
"F9","07/06/2024","0690","N236FR","DCA","16:28","17:24","56","0","0","0","0","36"
"F9","07/06/2024","1093","N337FR","SFO","06:31","06:21","-10","0","0","0","0","0"
"F9","07/06/2024","1114","N641FR","TPA","23:59","23:56","-3","0","0","0","0","0"
"F9","07/06/2024","1128","N609FR","OMA","11:54","11:42","-12","0","0","0","0","0"
"F9","07/06/2024","1150","N712FR","MSP","05:06","05:18","12","0","0","0","0","0"
"F9","07/06/2024","1162","N326FR","HOU","05:01","04:59","-2","0","0","0","0","0"
"F9","07/06/2024","1175","N715FR","SEA","08:23","08:23","0","0","0","0","0","0"
"F9","07/06/2024","1248","N639FR","GRR","10:31","10:21","-10","0","0","0","0","0"
"F9","07/06/2024","1261","N365FR","ONT","12:17","12:23","6","0","0","0","0","0"
"F9","07/06/2024","1280","N318FR","MIA","18:25","18:45","20","0","0","0","0","0"
"F9","07/06/2024","1292","N622FR","MSP","18:54","19:00","6","0","0","0","0","0"
"F9","07/06/2024","1402","N609FR","BNA","17:19","17:39","20","0","0","9","0","20"
"F9","07/06/2024","1450","N712FR","ATL","11:01","11:12","11","0","0","30","0","11"
"F9","07/06/2024","1469","N386FR","LAS","13:55","15:06","71","0","0","0","0","59"
"F9","07/06/2024","1499","N612FR","ONT","22:37","22:27","-10","0","0","0","0","0"
"F9","07/06/2024","1560","N620FR","MSN","05:01","04:57","-4","0","0","0","0","0"
"F9","07/06/2024","1608","N394FR","MKE","06:40","06:27","-13","0","0","0","0","0"
"F9","07/06/2024","1678","N721FR","DSM","10:36","10:22","-14","0","0","0","0","0"
"F9","07/06/2024","1702","N605FR","SYR","13:29","13:28","-1","0","0","0","0","0"
"F9","07/06/2024","1706","N303FR","FSD","18:25","18:25","0","0","0","0","0","0"
"F9","07/06/2024","1734","N709FR","MCO","00:49","01:52","63","0","0","0","0","34"
"F9","07/06/2024","1789","N605FR","PDX","06:05","05:55","-10","0","0","0","0","0"
"F9","07/06/2024","1819","N381FR","PHX","09:05","08:55","-10","0","0","0","0","0"
"F9","07/06/2024","1993","N361FR","LAS","10:15","10:39","24","0","0","0","0","0"
"F9","07/06/2024","2015","N710FR","LAS","05:30","05:43","13","0","0","0","0","0"
"F9","07/06/2024","2098","N721FR","SAT","16:21","16:11","-10","0","0","0","0","0"
"F9","07/06/2024","2141","N307FR","PHX","14:32","15:07","35","22","0","0","0","0"
"F9","07/06/2024","2148","N349FR","DFW","07:29","07:15","-14","0","0","0","0","0"
"F9","07/06/2024","2210","N387FR","MDW","09:41","09:47","6","0","0","0","0","0"
"F9","07/06/2024","2261","N377FR","ELP","12:59","13:08","9","0","0","0","0","0"
"F9","07/06/2024","2348","N717FR","IND","05:16","05:12","-4","0","0","0","0","0"
"F9","07/06/2024","2356","N609FR","SAT","05:11","05:04","-7","0","0","0","0","0"
"F9","07/06/2024","2374","N326FR","TYS","12:26","12:16","-10","0","0","0","0","0"
"F9","07/06/2024","2421","N641FR","SAN","15:25","15:15","-10","0","0","0","0","0"
"F9","07/06/2024","2429","N629FR","LAS","15:55","15:52","-3","0","0","0","0","0"
"F9","07/06/2024","2438","N352FR","RDU","15:20","15:14","-6","0","0","0","0","0"
"F9","07/06/2024","2454","N710FR","PNS","14:14","14:27","13","0","0","0","0","0"
"F9","07/06/2024","2632","N711FR","DFW","18:35","18:30","-5","0","0","0","0","0"
"F9","07/06/2024","2687","N365FR","PDX","22:07","22:20","13","0","0","0","0","0"
"F9","07/06/2024","2706","N613FR","BWI","10:58","10:57","-1","0","0","0","0","0"
"F9","07/06/2024","2746","N635FR","TPA","17:21","17:24","3","0","0","0","0","0"
"F9","07/06/2024","2752","N715FR","BUF","16:37","16:37","0","0","0","0","0","0"
"F9","07/06/2024","2890","N620FR","AUS","18:29","18:52","23","0","0","0","0","21"
"F9","07/06/2024","2946","N377FR","MDW","18:34","18:48","14","4","0","5","0","10"
"F9","07/06/2024","3004","N634FR","CLT","05:31","05:33","2","0","0","0","0","0"
"F9","07/06/2024","3101","N394FR","MSO","13:31","13:21","-10","0","0","0","0","0"
"F9","07/06/2024","3138","N712FR","MIA","23:59","23:54","-5","0","0","0","0","0"
"F9","07/06/2024","3155","N334FR","LAX","19:07","19:15","8","0","0","0","0","0"
"F9","07/06/2024","3162","N311FR","LGA","16:15","16:21","6","6","0","40","0","0"
"F9","07/06/2024","3172","N347FR","ORD","19:15","19:26","11","0","0","0","0","0"
"F9","07/06/2024","3230","N711FR","IAH","05:06","05:04","-2","0","0","0","0","0"
"F9","07/06/2024","3266","N603FR","PHL","06:45","06:41","-4","0","0","0","0","0"
"F9","07/06/2024","3286","N610FR","CVG","05:38","05:54","16","0","0","0","0","0"
"F9","07/06/2024","3294","N722FR","ATL","00:59","01:32","33","33","0","36","0","0"
"F9","07/06/2024","3302","N702FR","STL","06:15","06:13","-2","0","0","0","0","0"
"F9","07/06/2024","3312","N709FR","MCO","10:46","10:59","13","0","0","0","0","0"
"F9","07/06/2024","3340","N638FR","PHL","23:59","00:11","12","0","0","0","0","0"
"F9","07/06/2024","3376","N721FR","MCI","05:01","05:03","2","0","0","0","0","0"
"F9","07/06/2024","3405","N382FR","SEA","19:21","20:45","84","5","0","3","0","79"
"F9","07/06/2024","3439","N372FR","SFO","22:15","22:09","-6","0","0","34","0","0"
"F9","07/06/2024","3467","N603FR","PHX","16:53","16:51","-2","0","0","0","0","0"
"F9","07/06/2024","3566","N719FR","DTW","12:31","12:33","2","0","0","0","0","0"
"F9","07/06/2024","3665","N318FR","SMF","05:01","05:00","-1","0","0","0","0","0"
"F9","07/06/2024","3981","N236FR","SLC","11:14","11:03","-11","0","0","0","0","0"
"F9","07/06/2024","4053","N328FR","SAN","10:55","10:55","0","0","0","0","0","0"
"F9","07/06/2024","4070","N620FR","DFW","11:53","11:56","3","0","0","0","0","0"
"F9","07/06/2024","4235","N605FR","SLC","22:58","22:46","-12","0","0","0","0","0"
"F9","07/06/2024","4344","N377FR","XNA","07:00","06:57","-3","0","0","0","0","0"
"F9","07/06/2024","4371","N318FR","SNA","11:51","12:14","23","0","0","0","0","0"
"F9","07/06/2024","4386","N711FR","CID","12:21","12:14","-7","0","0","0","0","0"
"F9","07/06/2024","4611","N307FR","LAS","21:00","20:45","-15","0","0","0","0","0"
"F9","07/06/2024","4638","N720FR","CLE","17:57","18:35","38","0","0","0","0","32"
"F9","07/06/2024","4721","N326FR","SLC","20:10","20:24","14","0","0","0","0","0"
"F9","07/06/2024","4753","N303FR","PHX","23:30","23:26","-4","0","0","0","0","0"
"F9","07/06/2024","4794","N641FR","FAR","09:15","09:03","-12","0","0","0","0","0"
"F9","07/06/2024","4856","N639FR","IAH","18:05","18:05","0","0","0","75","0","0"
"F9","07/06/2024","4927","N717FR","SAN","12:55","12:57","2","0","0","0","0","0"
"F9","07/07/2024","0686","N337FR","DCA","06:42","06:33","-9","0","0","0","0","0"
"F9","07/07/2024","0688","N381FR","DCA","12:41","12:49","8","0","0","0","0","0"
"F9","07/07/2024","0690","N311FR","DCA","16:25","16:23","-2","0","0","0","0","0"
"F9","07/07/2024","0922","N365FR","MSY","18:17","18:28","11","0","0","0","0","0"
"F9","07/07/2024","0923","N639FR","PDX","22:16","22:26","10","0","0","0","0","0"
"F9","07/07/2024","1093","N639FR","SFO","05:11","05:11","0","0","0","0","0","0"
"F9","07/07/2024","1114","N610FR","TPA","23:59","23:54","-5","0","0","0","0","0"
"F9","07/07/2024","1128","N605FR","OMA","08:41","08:30","-11","0","0","0","0","0"
"F9","07/07/2024","1150","N609FR","MSP","05:06","05:03","-3","0","0","0","0","0"
"F9","07/07/2024","1162","N381FR","HOU","05:22","05:12","-10","0","0","0","0","0"
"F9","07/07/2024","1175","N603FR","SEA","05:15","05:18","3","0","0","0","0","0"
"F9","07/07/2024","1228","N382FR","MDW","18:34","19:17","43","9","0","0","0","25"
"F9","07/07/2024","1261","N391FR","ONT","09:15","09:08","-7","0","0","35","0","0"
"F9","07/07/2024","1280","N708FR","MIA","18:59","19:03","4","0","0","0","0","0"
"F9","07/07/2024","1375","N311FR","PHX","05:11","05:04","-7","0","0","0","0","0"
"F9","07/07/2024","1402","N377FR","BNA","08:36","08:30","-6","0","0","0","0","0"
"F9","07/07/2024","1450","N394FR","ATL","10:36","11:31","55","54","0","0","0","0"
"F9","07/07/2024","1499","N613FR","ONT","22:40","22:38","-2","0","0","0","0","0"
"F9","07/07/2024","1560","N622FR","MSN","06:00","05:55","-5","0","0","0","0","0"
"F9","07/07/2024","1678","N311FR","DSM","10:54","10:54","0","0","0","0","0","0"
"F9","07/07/2024","1734","N317FR","MCO","00:49","00:39","-10","0","0","0","0","0"
"F9","07/07/2024","1789","N372FR","PDX","06:05","05:57","-8","0","0","0","0","0"
"F9","07/07/2024","1816","N710FR","AUS","17:24","20:59","215","215","0","3","0","0"
"F9","07/07/2024","1864","N236FR","OKC","09:57","09:47","-10","0","0","0","0","0"
"F9","07/07/2024","1918","N715FR","CLE","06:00","06:26","26","0","0","0","0","0"
"F9","07/07/2024","1993","N604FR","LAS","10:59","10:50","-9","0","0","0","0","0"
"F9","07/07/2024","2015","N614FR","LAS","06:46","06:33","-13","0","0","0","0","0"
"F9","07/07/2024","2108","N636FR","FSD","13:08","12:58","-10","0","0","0","0","0"
"F9","07/07/2024","2141","N303FR","PHX","14:50","14:41","-9","0","0","0","0","0"
"F9","07/07/2024","2210","N347FR","MDW","08:36","08:36","0","0","0","0","0","0"
"F9","07/07/2024","2348","N717FR","IND","07:31","07:25","-6","0","0","0","0","0"
"F9","07/07/2024","2349","N384FR","LAS","13:55","13:56","1","0","0","0","0","0"
"F9","07/07/2024","2382","N614FR","ORF","12:48","12:38","-10","0","0","0","0","0"
"F9","07/07/2024","2429","N391FR","LAS","16:05","15:55","-10","0","0","0","0","0"
"F9","07/07/2024","2438","N236FR","RDU","15:22","15:13","-9","0","0","0","0","0"
"F9","07/07/2024","2706","N639FR","BWI","12:34","12:31","-3","0","0","0","0","0"
"F9","07/07/2024","2746","N612FR","TPA","14:12","14:28","16","0","0","0","0","0"
"F9","07/07/2024","2817","N365FR","SAN","05:41","05:36","-5","0","0","0","0","0"
"F9","07/07/2024","3004","N711FR","CLT","05:01","04:58","-3","0","0","0","0","0"
"F9","07/07/2024","3138","N721FR","MIA","23:59","00:33","34","24","0","0","0","0"
"F9","07/07/2024","3155","","LAX","19:07","00:00","0","0","0","0","0","0"
"F9","07/07/2024","3162","N361FR","LGA","16:15","16:05","-10","0","0","0","0","0"
"F9","07/07/2024","3174","N381FR","ORD","21:00","22:13","73","2","0","0","0","49"
"F9","07/07/2024","3230","N710FR","IAH","05:01","05:11","10","0","0","0","0","0"
"F9","07/07/2024","3266","N712FR","PHL","10:55","11:03","8","0","0","0","0","0"
"F9","07/07/2024","3276","N372FR","BMI","13:15","13:02","-13","0","0","0","0","0"
"F9","07/07/2024","3286","N312FR","CVG","07:48","07:57","9","0","0","0","0","0"
"F9","07/07/2024","3294","N343FR","ATL","00:59","00:50","-9","0","0","0","0","0"
"F9","07/07/2024","3302","N609FR","STL","11:29","11:15","-14","0","0","0","0","0"
"F9","07/07/2024","3312","N721FR","MCO","09:00","10:58","118","118","0","4","0","0"
"F9","07/07/2024","3340","N645FR","PHL","23:59","00:07","8","0","0","0","0","0"
"F9","07/07/2024","3376","N610FR","MCI","05:55","05:40","-15","0","0","0","0","0"
"F9","07/07/2024","3421","N622FR","ELP","19:25","19:53","28","0","0","0","0","16"
"F9","07/07/2024","3439","N394FR","SFO","22:15","23:07","52","2","0","6","0","50"
"F9","07/07/2024","3467","N313FR","PHX","21:01","21:47","46","0","0","0","0","31"
"F9","07/07/2024","3566","N704FR","DTW","12:32","12:20","-12","0","0","0","0","0"
"F9","07/07/2024","3708","N620FR","SAT","18:39","19:11","32","32","0","19","0","0"
"F9","07/07/2024","3981","N352FR","SLC","11:14","12:24","70","0","0","34","0","44"
"F9","07/07/2024","4030","N605FR","SAV","14:29","14:16","-13","0","0","0","0","0"
"F9","07/07/2024","4070","N717FR","DFW","15:14","15:43","29","0","0","0","0","0"
"F9","07/07/2024","4251","N635FR","SLC","17:12","17:12","0","0","0","30","0","0"
"F9","07/07/2024","4344","N620FR","XNA","12:30","12:27","-3","0","0","0","0","0"
"F9","07/07/2024","4371","N337FR","SNA","15:56","15:51","-5","0","0","0","0","0"
"F9","07/07/2024","4374","N613FR","PIT","13:58","14:02","4","0","0","0","0","0"
"F9","07/07/2024","4386","N365FR","CID","12:28","12:11","-17","0","0","0","0","0"
"F9","07/07/2024","4464","N612FR","DFW","07:30","07:21","-9","0","0","0","0","0"
"F9","07/07/2024","4576","N634FR","CMH","16:01","16:29","28","7","0","0","0","11"
"F9","07/07/2024","4616","N603FR","MSP","13:26","13:41","15","0","0","0","0","0"
"F9","07/07/2024","4626","N613FR","MEM","07:05","06:55","-10","0","0","0","0","0"
"F9","07/07/2024","4647","N636FR","SEA","15:54","20:15","261","31","0","9","0","230"
"F9","07/07/2024","4721","N386FR","SLC","22:44","23:10","26","5","0","0","0","13"
"F9","07/07/2024","4753","N382FR","PHX","23:30","01:33","123","0","0","0","0","106"
"F9","07/07/2024","4776","N635FR","LIT","10:18","10:01","-17","0","0","0","0","0"
"F9","07/07/2024","4794","N620FR","FAR","06:25","06:08","-17","0","0","0","0","0"
"F9","07/07/2024","4856","N609FR","IAH","18:38","19:46","68","0","0","85","0","0"
"F9","07/07/2024","4927","N622FR","SAN","12:21","12:45","24","0","0","0","0","0"
"F9","07/07/2024","4967","","LAS","19:04","00:00","0","0","0","0","0","0"
"F9","07/07/2024","4989","N372FR","SAN","19:54","20:36","42","0","0","0","0","30"
"F9","07/08/2024","0686","N352FR","DCA","06:42","06:32","-10","0","0","0","0","0"
"F9","07/08/2024","0688","N377FR","DCA","12:41","12:41","0","0","0","0","0","0"
"F9","07/08/2024","0690","N236FR","DCA","16:28","16:30","2","0","0","0","0","0"
"F9","07/08/2024","1066","N610FR","GRB","11:51","11:46","-5","0","0","0","0","0"
"F9","07/08/2024","1093","N324FR","SFO","06:31","06:19","-12","0","0","0","0","0"
"F9","07/08/2024","1114","N649FR","TPA","23:59","01:27","88","0","0","0","0","74"
"F9","07/08/2024","1128","N612FR","OMA","12:36","12:42","6","0","0","0","0","0"
"F9","07/08/2024","1150","N634FR","MSP","12:30","12:26","-4","0","0","0","0","0"
"F9","07/08/2024","1162","","HOU","08:31","00:00","0","0","0","0","0","0"
"F9","07/08/2024","1175","N377FR","SEA","05:15","05:05","-10","0","0","0","0","0"
"F9","07/08/2024","1248","N716FR","GRR","13:06","14:55","109","96","0","0","0","4"
"F9","07/08/2024","1261","N717FR","ONT","05:01","04:52","-9","0","0","0","0","0"
"F9","07/08/2024","1280","N708FR","MIA","18:59","21:07","128","0","0","0","0","118"
"F9","07/08/2024","1292","N610FR","MSP","19:03","18:55","-8","0","0","0","0","0"
"F9","07/08/2024","1402","N614FR","BNA","06:50","06:43","-7","0","0","0","0","0"
"F9","07/08/2024","1439","N311FR","SLC","14:48","15:17","29","0","0","0","0","0"
"F9","07/08/2024","1450","N605FR","ATL","06:45","06:38","-7","0","0","0","0","0"
"F9","07/08/2024","1499","N622FR","ONT","22:24","22:16","-8","0","0","0","0","0"
"F9","07/08/2024","1560","N365FR","MSN","05:06","05:00","-6","0","0","0","0","0"
"F9","07/08/2024","1608","N721FR","MKE","16:38","16:39","1","0","0","0","0","0"
"F9","07/08/2024","1678","N706FR","DSM","10:00","09:57","-3","0","0","0","0","0"
"F9","07/08/2024","1702","N711FR","SYR","14:56","14:50","-6","0","0","0","0","0"
"F9","07/08/2024","1734","N646FR","MCO","00:49","00:51","2","0","0","0","0","0"
"F9","07/08/2024","1789","N712FR","PDX","06:40","06:31","-9","0","0","0","0","0"
"F9","07/08/2024","1816","N634FR","AUS","05:11","05:08","-3","0","0","0","0","0"
"F9","07/08/2024","1819","N316FR","PHX","09:05","08:56","-9","0","0","0","0","0"
"F9","07/08/2024","1864","N721FR","OKC","10:53","11:05","12","0","0","0","0","0"
"F9","07/08/2024","1918","N717FR","CLE","11:53","11:51","-2","0","0","0","0","0"
"F9","07/08/2024","1993","N611FR","LAS","10:21","10:19","-2","0","0","0","0","0"
"F9","07/08/2024","2015","N622FR","LAS","06:00","05:51","-9","0","0","0","0","0"
"F9","07/08/2024","2105","N616FR","PHX","21:15","21:07","-8","0","0","0","0","0"
"F9","07/08/2024","2108","N236FR","FSD","11:15","11:42","27","0","0","0","0","19"
"F9","07/08/2024","2141","N316FR","PHX","14:40","15:19","39","24","0","0","0","7"
"F9","07/08/2024","2148","N394FR","DFW","05:15","09:05","230","0","0","0","0","0"
"F9","07/08/2024","2348","N706FR","IND","15:48","16:10","22","0","0","0","0","0"
"F9","07/08/2024","2349","N310FR","LAS","13:55","14:45","50","0","0","0","0","28"
"F9","07/08/2024","2356","N620FR","SAT","18:13","18:22","9","0","0","0","0","0"
"F9","07/08/2024","2374","N614FR","TYS","16:48","16:43","-5","0","0","0","0","0"
"F9","07/08/2024","2421","N352FR","SAN","15:37","16:48","71","21","0","0","0","29"
"F9","07/08/2024","2429","N611FR","LAS","15:57","16:53","56","0","0","0","0","34"
"F9","07/08/2024","2438","N394FR","RDU","15:06","15:14","8","0","0","0","0","0"
"F9","07/08/2024","2454","N645FR","PNS","16:45","19:16","151","0","0","0","0","145"
"F9","07/08/2024","2632","N233FR","DFW","18:40","19:18","38","3","0","4","0","35"
"F9","07/08/2024","2687","N352FR","PDX","22:10","22:45","35","0","0","0","0","28"
"F9","07/08/2024","2746","N607FR","TPA","17:22","17:39","17","7","0","17","0","10"
"F9","07/08/2024","2752","N622FR","BUF","12:36","12:27","-9","0","0","0","0","0"
"F9","07/08/2024","2817","N612FR","SAN","05:38","05:30","-8","0","0","0","0","0"
"F9","07/08/2024","2907","N634FR","ONT","18:46","18:39","-7","0","0","0","0","0"
"F9","07/08/2024","3004","N609FR","CLT","05:31","05:29","-2","0","0","0","0","0"
"F9","07/08/2024","3101","N365FR","MSO","12:00","11:50","-10","0","0","0","0","0"
"F9","07/08/2024","3138","N720FR","MIA","23:59","23:59","0","0","0","0","0","0"
"F9","07/08/2024","3155","N361FR","LAX","19:07","19:36","29","16","0","0","0","0"
"F9","07/08/2024","3162","N382FR","LGA","16:15","16:08","-7","0","0","0","0","0"
"F9","07/08/2024","3172","N308FR","ORD","20:05","19:55","-10","0","0","0","0","0"
"F9","07/08/2024","3206","","IAH","14:26","00:00","0","0","0","0","0","0"
"F9","07/08/2024","3230","","IAH","05:11","00:00","0","0","0","0","0","0"
"F9","07/08/2024","3266","N603FR","PHL","06:41","06:36","-5","0","0","16","0","0"
"F9","07/08/2024","3286","N613FR","CVG","05:33","05:44","11","0","0","0","0","0"
"F9","07/08/2024","3294","N360FR","ATL","00:59","01:35","36","0","0","0","0","0"
"F9","07/08/2024","3302","N639FR","STL","06:15","06:05","-10","0","0","0","0","0"
"F9","07/08/2024","3312","N635FR","MCO","10:46","10:43","-3","0","0","0","0","0"
"F9","07/08/2024","3340","N638FR","PHL","23:00","01:31","151","0","0","0","0","129"
"F9","07/08/2024","3376","N311FR","MCI","09:45","09:58","13","2","0","14","0","11"
"F9","07/08/2024","3405","N712FR","SEA","14:05","13:57","-8","0","0","0","0","0"
"F9","07/08/2024","3421","N337FR","ELP","18:27","18:57","30","0","0","0","0","0"
"F9","07/08/2024","3439","N636FR","SFO","22:15","22:52","37","0","0","0","0","28"
"F9","07/08/2024","3566","N711FR","DTW","06:41","06:39","-2","0","0","0","0","0"
"F9","07/08/2024","3665","N620FR","SMF","05:01","04:59","-2","0","0","0","0","0"
"F9","07/08/2024","3718","N387FR","MDW","08:51","08:43","-8","0","0","0","0","0"
"F9","07/08/2024","3843","N612FR","LAS","18:00","18:05","5","0","0","0","0","0"
"F9","07/08/2024","4070","N605FR","DFW","15:26","16:24","58","0","0","44","0","2"
"F9","07/08/2024","4235","N606FR","SLC","22:58","22:47","-11","0","0","0","0","0"
"F9","07/08/2024","4371","N372FR","SNA","11:48","16:37","289","0","0","0","0","270"
"F9","07/08/2024","4386","N372FR","CID","10:20","10:16","-4","0","0","0","0","0"
"F9","07/08/2024","4464","N386FR","DFW","07:49","08:30","41","0","0","7","0","41"
"F9","07/08/2024","4753","N384FR","PHX","23:25","23:21","-4","0","0","0","0","0"
"F9","07/08/2024","4794","N620FR","FAR","12:11","12:19","8","0","0","0","0","0"
"F9","07/08/2024","4856","","IAH","18:08","00:00","0","0","0","0","0","0"
"F9","07/08/2024","4927","N361FR","SAN","11:24","12:01","37","25","0","0","0","0"
"F9","07/08/2024","4989","N328FR","SAN","19:54","20:38","44","9","0","0","0","22"
"F9","07/09/2024","0686","N372FR","DCA","06:42","06:33","-9","0","0","0","0","0"
"F9","07/09/2024","0688","N352FR","DCA","12:41","12:32","-9","0","0","0","0","0"
"F9","07/09/2024","0690","N381FR","DCA","16:25","16:24","-1","0","0","0","0","0"
"F9","07/09/2024","1093","N352FR","SFO","05:25","05:28","3","0","0","0","0","0"
"F9","07/09/2024","1114","N622FR","TPA","23:59","24:00","1","0","0","0","0","0"
"F9","07/09/2024","1128","N626FR","OMA","13:00","12:51","-9","0","0","0","0","0"
"F9","07/09/2024","1150","N337FR","MSP","05:01","04:55","-6","0","0","0","0","0"
"F9","07/09/2024","1162","N337FR","HOU","10:56","11:16","20","0","0","49","0","20"
"F9","07/09/2024","1175","N622FR","SEA","06:36","06:32","-4","0","0","0","0","0"
"F9","07/09/2024","1261","N626FR","ONT","06:10","06:02","-8","0","0","0","0","0"
"F9","07/09/2024","1282","N624FR","MIA","16:11","16:19","8","0","0","0","0","0"
"F9","07/09/2024","1324","N610FR","DFW","05:06","05:01","-5","0","0","0","0","0"
"F9","07/09/2024","1402","N382FR","BNA","08:36","08:34","-2","0","0","0","0","0"
"F9","07/09/2024","1450","N645FR","ATL","06:31","06:28","-3","0","0","0","0","0"
"F9","07/09/2024","1499","N711FR","ONT","22:40","23:05","25","0","0","0","0","0"
"F9","07/09/2024","1734","N712FR","MCO","00:49","01:43","54","36","0","0","0","0"
"F9","07/09/2024","1789","N620FR","PDX","05:06","05:04","-2","0","0","0","0","0"
"F9","07/09/2024","1816","N612FR","AUS","05:01","04:57","-4","0","0","0","0","0"
"F9","07/09/2024","1864","N646FR","OKC","14:45","14:42","-3","0","0","0","0","0"
"F9","07/09/2024","1918","N634FR","CLE","06:00","05:52","-8","0","0","0","0","0"
"F9","07/09/2024","1993","N721FR","LAS","09:30","09:25","-5","0","0","0","0","0"
"F9","07/09/2024","2015","N307FR","LAS","07:15","08:16","61","38","0","0","0","23"
"F9","07/09/2024","2141","N316FR","PHX","14:50","15:16","26","0","0","0","0","0"
"F9","07/09/2024","2148","N390FR","DFW","09:10","09:00","-10","0","0","19","0","0"
"F9","07/09/2024","2261","N606FR","ELP","08:25","08:15","-10","0","0","0","0","0"
"F9","07/09/2024","2348","N233FR","IND","09:15","09:06","-9","0","0","0","0","0"
"F9","07/09/2024","2349","N329FR","LAS","13:55","14:13","18","0","0","0","0","0"
"F9","07/09/2024","2360","N610FR","MSY","17:49","17:47","-2","0","0","0","0","0"
"F9","07/09/2024","2382","N620FR","ORF","12:36","12:28","-8","0","0","0","0","0"
"F9","07/09/2024","2429","N604FR","LAS","15:55","16:08","13","0","0","0","0","0"
"F9","07/09/2024","2438","N372FR","RDU","15:20","15:19","-1","0","0","0","0","0"
"F9","07/09/2024","2632","N626FR","DFW","18:28","18:26","-2","0","0","0","0","0"
"F9","07/09/2024","2687","N352FR","PDX","22:16","22:14","-2","0","0","0","0","0"
"F9","07/09/2024","2706","N606FR","BWI","14:17","14:12","-5","0","0","0","0","0"
"F9","07/09/2024","2817","N711FR","SAN","05:38","05:29","-9","0","0","0","0","0"
"F9","07/09/2024","2946","N389FR","MDW","13:46","14:12","26","23","0","0","0","1"
"F9","07/09/2024","3004","N605FR","CLT","05:11","05:09","-2","0","0","0","0","0"
"F9","07/09/2024","3138","N606FR","MIA","23:59","23:54","-5","0","0","0","0","0"
"F9","07/09/2024","3155","N337FR","LAX","19:07","19:07","0","0","0","0","0","0"
"F9","07/09/2024","3162","N645FR","LGA","16:15","16:13","-2","0","0","18","0","0"
"F9","07/09/2024","3174","N382FR","ORD","21:00","20:47","-13","0","0","0","0","0"
"F9","07/09/2024","3206","N383FR","IAH","08:36","08:27","-9","0","0","0","0","0"
"F9","07/09/2024","3228","N613FR","IAH","17:17","17:32","15","0","0","0","0","0"
"F9","07/09/2024","3266","N720FR","PHL","10:55","10:47","-8","0","0","0","0","0"
"F9","07/09/2024","3276","N307FR","BMI","13:13","13:42","29","0","0","0","0","21"
"F9","07/09/2024","3286","N324FR","CVG","07:48","07:44","-4","0","0","0","0","0"
"F9","07/09/2024","3294","N722FR","ATL","00:59","01:30","31","3","0","0","0","22"
"F9","07/09/2024","3302","N612FR","STL","11:41","11:33","-8","0","0","0","0","0"
"F9","07/09/2024","3312","N649FR","MCO","10:21","11:36","75","4","0","0","0","64"
"F9","07/09/2024","3340","N614FR","PHL","23:59","00:09","10","0","0","0","0","0"
"F9","07/09/2024","3376","N614FR","MCI","05:35","05:22","-13","0","0","0","0","0"
"F9","07/09/2024","3405","N365FR","SEA","17:41","18:27","46","5","0","0","0","40"
"F9","07/09/2024","3439","N706FR","SFO","22:14","22:37","23","0","0","0","0","0"
"F9","07/09/2024","3467","N331FR","PHX","20:12","20:22","10","0","0","0","0","0"
"F9","07/09/2024","3566","N719FR","DTW","12:31","12:43","12","0","0","0","0","0"
"F9","07/09/2024","3981","N394FR","SLC","11:14","12:10","56","0","0","0","0","43"
"F9","07/09/2024","4030","N636FR","SAV","15:52","16:22","30","24","0","0","0","0"
"F9","07/09/2024","4070","N711FR","DFW","12:37","12:28","-9","0","0","0","0","0"
"F9","07/09/2024","4235","N236FR","SLC","22:36","22:35","-1","0","0","0","0","0"
"F9","07/09/2024","4344","N610FR","XNA","11:46","11:50","4","0","0","0","0","0"
"F9","07/09/2024","4371","N310FR","SNA","18:34","19:09","35","2","0","0","0","22"
"F9","07/09/2024","4374","N646FR","PIT","06:00","05:55","-5","0","0","0","0","0"
"F9","07/09/2024","4576","N622FR","CMH","14:44","14:41","-3","0","0","0","0","0"
"F9","07/09/2024","4616","N385FR","MSP","15:15","16:50","95","0","0","90","0","0"
"F9","07/09/2024","4626","N236FR","MEM","15:43","15:31","-12","0","0","0","0","0"
"F9","07/09/2024","4721","N391FR","SLC","18:00","18:17","17","4","0","15","0","13"
"F9","07/09/2024","4753","N311FR","PHX","23:30","23:22","-8","0","0","0","0","0"
"F9","07/09/2024","4776","N613FR","LIT","10:40","10:45","5","0","0","0","0","0"
"F9","07/09/2024","4794","N236FR","FAR","09:55","10:06","11","0","0","0","0","0"
"F9","07/09/2024","4927","N233FR","SAN","17:21","17:11","-10","0","0","0","0","0"
"F9","07/09/2024","4967","N612FR","LAS","18:22","18:12","-10","0","0","0","0","0"
"F9","07/09/2024","4989","N328FR","SAN","19:54","20:29","35","3","0","0","0","21"
"F9","07/10/2024","0686","N307FR","DCA","06:42","06:31","-11","0","0","0","0","0"
"F9","07/10/2024","0688","N344FR","DCA","12:41","12:37","-4","0","0","0","0","0"
"F9","07/10/2024","0690","N372FR","DCA","16:25","16:19","-6","0","0","0","0","0"
"F9","07/10/2024","1066","N646FR","GRB","09:25","09:09","-16","0","0","0","0","0"
"F9","07/10/2024","1093","N310FR","SFO","06:31","06:22","-9","0","0","0","0","0"
"F9","07/10/2024","1114","N605FR","TPA","23:59","23:48","-11","0","0","0","0","0"
"F9","07/10/2024","1128","N372FR","OMA","11:22","11:19","-3","0","0","0","0","0"
"F9","07/10/2024","1130","N352FR","HOU","18:20","18:43","23","0","0","0","0","0"
"F9","07/10/2024","1150","N604FR","MSP","05:11","04:57","-14","0","0","0","0","0"
"F9","07/10/2024","1248","N612FR","GRR","13:52","13:52","0","0","0","0","0","0"
"F9","07/10/2024","1261","N711FR","ONT","06:00","05:52","-8","0","0","0","0","0"
"F9","07/10/2024","1282","N720FR","MIA","18:59","20:23","84","59","0","0","0","0"
"F9","07/10/2024","1292","N711FR","MSP","18:54","19:23","29","0","0","0","0","22"
"F9","07/10/2024","1325","N308FR","LAS","13:55","13:46","-9","0","0","0","0","0"
"F9","07/10/2024","1402","N350FR","BNA","08:13","08:07","-6","0","0","0","0","0"
"F9","07/10/2024","1450","N620FR","ATL","06:36","06:32","-4","0","0","0","0","0"
"F9","07/10/2024","1499","N706FR","ONT","22:20","22:23","3","0","0","0","0","0"
"F9","07/10/2024","1560","N365FR","MSN","12:16","12:03","-13","0","0","0","0","0"
"F9","07/10/2024","1608","N365FR","MKE","05:20","05:11","-9","0","0","0","0","0"
"F9","07/10/2024","1678","N626FR","DSM","10:46","10:36","-10","0","0","0","0","0"
"F9","07/10/2024","1702","N381FR","SYR","15:05","14:55","-10","0","0","0","0","0"
"F9","07/10/2024","1734","N612FR","MCO","00:49","01:18","29","0","0","0","0","0"
"F9","07/10/2024","1789","N352FR","PDX","05:06","06:00","54","54","0","0","0","0"
"F9","07/10/2024","1816","N720FR","AUS","05:01","04:57","-4","0","0","0","0","0"
"F9","07/10/2024","1819","N389FR","PHX","09:05","08:52","-13","0","0","0","0","0"
"F9","07/10/2024","1864","N645FR","OKC","12:26","12:24","-2","0","0","0","0","0"
"F9","07/10/2024","1918","N708FR","CLE","11:07","11:24","17","0","0","0","0","0"
"F9","07/10/2024","1993","N615FR","LAS","06:00","05:56","-4","0","0","0","0","0"
"F9","07/10/2024","2015","N621FR","LAS","10:09","10:08","-1","0","0","0","0","0"
"F9","07/10/2024","2105","N348FR","PHX","20:05","19:51","-14","0","0","0","0","0"
"F9","07/10/2024","2108","N381FR","FSD","09:47","09:37","-10","0","0","0","0","0"
"F9","07/10/2024","2141","N311FR","PHX","14:40","14:52","12","0","0","0","0","0"
"F9","07/10/2024","2148","N390FR","DFW","09:45","09:43","-2","0","0","0","0","0"
"F9","07/10/2024","2348","N706FR","IND","06:31","06:22","-9","0","0","0","0","0"
"F9","07/10/2024","2374","N706FR","TYS","13:57","13:47","-10","0","0","0","0","0"
"F9","07/10/2024","2421","N626FR","SAN","16:36","16:28","-8","0","0","0","0","0"
"F9","07/10/2024","2429","N629FR","LAS","15:55","16:01","6","0","0","0","0","0"
"F9","07/10/2024","2438","N307FR","RDU","15:55","16:09","14","0","0","0","0","0"
"F9","07/10/2024","2454","N622FR","PNS","16:22","16:15","-7","0","0","0","0","0"
"F9","07/10/2024","2577","N350FR","SNA","15:30","15:29","-1","0","0","0","0","0"
"F9","07/10/2024","2632","N236FR","DFW","18:36","19:24","48","0","0","0","0","28"
"F9","07/10/2024","2687","N344FR","PDX","22:16","23:10","54","1","0","0","0","50"
"F9","07/10/2024","2746","N364FR","TPA","17:59","18:37","38","0","0","0","0","30"
"F9","07/10/2024","2752","N710FR","BUF","12:15","12:13","-2","0","0","0","0","0"
"F9","07/10/2024","2817","N344FR","SAN","06:00","05:52","-8","0","0","0","0","0"
"F9","07/10/2024","3004","N636FR","CLT","05:01","04:58","-3","0","0","0","0","0"
"F9","07/10/2024","3101","N352FR","MSO","12:16","12:48","32","0","0","2","0","32"
"F9","07/10/2024","3138","N710FR","MIA","23:46","00:04","18","18","0","6","0","0"
"F9","07/10/2024","3155","N351FR","LAX","19:07","19:26","19","0","0","0","0","0"
"F9","07/10/2024","3162","N613FR","LGA","16:15","17:11","56","0","0","53","0","0"
"F9","07/10/2024","3172","N318FR","ORD","20:05","20:05","0","0","0","0","0","0"
"F9","07/10/2024","3206","N645FR","IAH","18:08","18:03","-5","0","0","44","0","0"
"F9","07/10/2024","3266","N613FR","PHL","06:05","06:05","0","0","0","0","0","0"
"F9","07/10/2024","3286","N605FR","CVG","05:33","05:36","3","0","0","0","0","0"
"F9","07/10/2024","3294","N377FR","ATL","00:59","02:04","65","51","0","0","0","0"
"F9","07/10/2024","3302","N610FR","STL","06:15","06:12","-3","0","0","0","0","0"
"F9","07/10/2024","3312","N649FR","MCO","11:10","11:10","0","0","0","0","0","0"
"F9","07/10/2024","3340","N603FR","PHL","23:56","00:35","39","0","0","0","0","30"
"F9","07/10/2024","3405","N365FR","SEA","18:47","18:43","-4","0","0","0","0","0"
"F9","07/10/2024","3439","N620FR","SFO","22:15","22:34","19","17","0","0","0","0"
"F9","07/10/2024","3566","N646FR","DTW","16:33","16:40","7","0","0","0","0","0"
"F9","07/10/2024","3665","N645FR","SMF","05:11","05:11","0","0","0","0","0","0"
"F9","07/10/2024","3708","N604FR","SAT","17:47","17:44","-3","0","0","0","0","0"
"F9","07/10/2024","3718","N391FR","MDW","08:51","08:50","-1","0","0","0","0","0"
"F9","07/10/2024","3981","N331FR","SLC","11:05","11:26","21","0","0","0","0","0"
"F9","07/10/2024","4070","N620FR","DFW","15:11","15:08","-3","0","0","0","0","0"
"F9","07/10/2024","4386","N604FR","CID","11:29","11:28","-1","0","0","0","0","0"
"F9","07/10/2024","4421","N720FR","ELP","12:42","12:36","-6","0","0","0","0","0"
"F9","07/10/2024","4464","N238FR","DFW","07:39","07:26","-13","0","0","0","0","0"
"F9","07/10/2024","4611","N329FR","LAS","20:53","21:22","29","0","0","0","0","0"
"F9","07/10/2024","4721","N719FR","SLC","22:38","23:10","32","32","0","2","0","0"
"F9","07/10/2024","4753","N389FR","PHX","23:30","23:31","1","0","0","0","0","0"
"F9","07/10/2024","4794","N622FR","FAR","10:18","10:07","-11","0","0","0","0","0"
"F9","07/10/2024","4828","N626FR","MCI","05:11","05:07","-4","0","0","0","0","0"
"F9","07/10/2024","4927","N711FR","SAN","12:47","12:45","-2","0","0","0","0","0"
"F9","07/11/2024","0686","N324FR","DCA","06:42","07:20","38","0","0","3","0","38"
"F9","07/11/2024","0688","N352FR","DCA","12:41","12:39","-2","0","0","0","0","0"
"F9","07/11/2024","0690","N381FR","DCA","16:28","16:43","15","0","0","0","0","0"
"F9","07/11/2024","1114","N606FR","TPA","23:59","00:08","9","0","0","0","0","0"
"F9","07/11/2024","1128","N613FR","OMA","12:52","12:39","-13","0","0","0","0","0"
"F9","07/11/2024","1150","N708FR","MSP","05:01","04:54","-7","0","0","0","0","0"
"F9","07/11/2024","1162","N344FR","HOU","05:22","05:55","33","0","0","0","0","22"
"F9","07/11/2024","1175","N719FR","SEA","08:25","08:15","-10","0","0","0","0","0"
"F9","07/11/2024","1261","N350FR","ONT","09:41","09:32","-9","0","0","0","0","0"
"F9","07/11/2024","1280","N624FR","MIA","17:29","17:39","10","0","0","0","0","0"
"F9","07/11/2024","1324","N645FR","DFW","06:14","06:22","8","0","0","0","0","0"
"F9","07/11/2024","1375","N381FR","PHX","05:11","04:59","-12","0","0","0","0","0"
"F9","07/11/2024","1402","N331FR","BNA","08:36","09:26","50","0","37","0","0","2"
"F9","07/11/2024","1450","N233FR","ATL","10:36","10:58","22","0","0","0","0","0"
"F9","07/11/2024","1499","N609FR","ONT","22:37","22:36","-1","0","0","0","0","0"
"F9","07/11/2024","1560","N708FR","MSN","11:20","11:31","11","0","0","0","0","0"
"F9","07/11/2024","1678","N381FR","DSM","10:51","10:39","-12","0","0","0","0","0"
"F9","07/11/2024","1734","N716FR","MCO","00:49","00:44","-5","0","0","0","0","0"
"F9","07/11/2024","1789","N310FR","PDX","06:05","05:58","-7","0","0","0","0","0"
"F9","07/11/2024","1816","N367FR","AUS","17:10","17:25","15","0","0","0","0","0"
"F9","07/11/2024","1819","N372FR","PHX","08:51","09:21","30","0","0","0","0","16"
"F9","07/11/2024","1864","N365FR","OKC","09:45","10:05","20","0","0","0","0","0"
"F9","07/11/2024","1918","N626FR","CLE","06:00","06:29","29","0","0","0","0","0"
"F9","07/11/2024","1993","N353FR","LAS","10:36","11:46","70","0","0","0","0","57"
"F9","07/11/2024","2015","N718FR","LAS","06:31","06:56","25","0","0","0","0","0"
"F9","07/11/2024","2098","N324FR","SAT","15:49","16:27","38","0","0","0","0","25"
"F9","07/11/2024","2108","N344FR","FSD","12:33","12:24","-9","0","0","0","0","0"
"F9","07/11/2024","2141","N348FR","PHX","14:50","16:19","89","6","0","6","0","83"
"F9","07/11/2024","2261","N365FR","ELP","05:01","04:57","-4","0","0","0","0","0"
"F9","07/11/2024","2348","N613FR","IND","05:06","05:39","33","20","0","0","0","0"
"F9","07/11/2024","2349","N313FR","LAS","13:55","17:39","224","0","0","0","0","217"
"F9","07/11/2024","2360","N236FR","MSY","18:11","20:05","114","0","0","0","0","97"
"F9","07/11/2024","2382","N622FR","ORF","06:00","06:02","2","0","0","0","0","0"
"F9","07/11/2024","2429","N718FR","LAS","17:01","16:54","-7","0","0","0","0","0"
"F9","07/11/2024","2438","N365FR","RDU","15:06","14:59","-7","0","0","0","0","0"
"F9","07/11/2024","2687","N706FR","PDX","22:07","22:07","0","0","0","0","0","0"
"F9","07/11/2024","2706","N625FR","BWI","07:05","06:58","-7","0","0","0","0","0"
"F9","07/11/2024","2746","N649FR","TPA","12:05","12:00","-5","0","0","0","0","0"
"F9","07/11/2024","2780","N391FR","MDW","07:40","07:34","-6","0","0","0","0","0"
"F9","07/11/2024","2817","N711FR","SAN","05:38","05:28","-10","0","0","28","0","0"
"F9","07/11/2024","3004","N606FR","CLT","05:11","05:38","27","0","0","0","0","0"
"F9","07/11/2024","3138","N620FR","MIA","23:59","00:02","3","0","0","0","0","0"
"F9","07/11/2024","3155","N233FR","LAX","19:07","20:06","59","46","0","24","0","13"
"F9","07/11/2024","3162","N307FR","LGA","16:15","16:51","36","0","0","0","0","24"
"F9","07/11/2024","3174","N331FR","ORD","21:00","21:45","45","0","0","0","0","40"
"F9","07/11/2024","3230","N706FR","IAH","06:00","05:55","-5","0","0","0","0","0"
"F9","07/11/2024","3266","N710FR","PHL","11:00","10:51","-9","0","0","0","0","0"
"F9","07/11/2024","3276","N310FR","BMI","13:15","13:07","-8","0","0","0","0","0"
"F9","07/11/2024","3286","N236FR","CVG","07:48","07:47","-1","0","0","0","0","0"
"F9","07/11/2024","3294","N305FR","ATL","00:59","02:05","66","0","0","0","0","48"
"F9","07/11/2024","3302","N625FR","STL","16:45","16:33","-12","0","0","0","0","0"
"F9","07/11/2024","3312","N646FR","MCO","09:00","09:41","41","0","0","25","0","0"
"F9","07/11/2024","3340","N622FR","PHL","23:59","00:15","16","0","0","0","0","0"
"F9","07/11/2024","3376","N604FR","MCI","05:55","05:51","-4","0","0","0","0","0"
"F9","07/11/2024","3421","N613FR","ELP","19:36","19:33","-3","0","0","0","0","0"
"F9","07/11/2024","3439","N604FR","SFO","22:15","00:05","110","0","0","0","0","94"
"F9","07/11/2024","3467","N303FR","PHX","21:01","20:55","-6","0","0","0","0","0"
"F9","07/11/2024","3566","N645FR","DTW","12:47","12:46","-1","0","0","0","0","0"
"F9","07/11/2024","3981","N307FR","SLC","11:18","12:12","54","0","0","0","0","42"
"F9","07/11/2024","4030","N719FR","SAV","16:17","16:12","-5","0","0","0","0","0"
"F9","07/11/2024","4070","N723FR","DFW","15:23","15:13","-10","0","0","0","0","0"
"F9","07/11/2024","4235","N389FR","SLC","22:40","22:48","8","0","0","0","0","0"
"F9","07/11/2024","4251","N641FR","SLC","17:15","17:26","11","0","0","0","0","0"
"F9","07/11/2024","4344","N352FR","XNA","06:55","06:49","-6","0","0","0","0","0"
"F9","07/11/2024","4371","N344FR","SNA","16:16","17:47","91","0","0","0","0","68"
"F9","07/11/2024","4374","N706FR","PIT","13:06","13:23","17","0","0","0","0","0"
"F9","07/11/2024","4386","N711FR","CID","12:51","13:07","16","0","0","0","0","0"
"F9","07/11/2024","4576","N622FR","CMH","15:45","15:44","-1","0","0","0","0","0"
"F9","07/11/2024","4616","N350FR","MSP","16:05","16:44","39","28","0","0","0","3"
"F9","07/11/2024","4626","N620FR","MEM","15:52","15:55","3","0","0","0","0","0"
"F9","07/11/2024","4647","N708FR","SEA","17:42","18:02","20","16","0","2","0","4"
"F9","07/11/2024","4753","N230FR","PHX","23:30","23:18","-12","0","0","0","0","0"
"F9","07/11/2024","4776","N641FR","LIT","10:20","10:14","-6","0","0","0","0","0"
"F9","07/11/2024","4794","N723FR","FAR","09:15","09:03","-12","0","0","0","0","0"
"F9","07/11/2024","4856","N711FR","IAH","18:12","18:36","24","0","0","19","0","24"
"F9","07/11/2024","4967","N343FR","LAS","19:11","19:38","27","14","0","0","0","4"
"F9","07/11/2024","4989","N310FR","SAN","19:54","20:07","13","0","0","0","0","0"
"F9","07/12/2024","0686","N305FR","DCA","06:42","06:53","11","0","0","0","0","0"
"F9","07/12/2024","0688","N353FR","DCA","12:41","14:33","112","0","0","0","0","112"
"F9","07/12/2024","0690","N236FR","DCA","16:25","16:14","-11","0","0","21","0","0"
"F9","07/12/2024","0922","N343FR","MSY","18:10","17:59","-11","0","0","0","0","0"
"F9","07/12/2024","1066","N604FR","GRB","14:11","14:28","17","0","0","0","0","0"
"F9","07/12/2024","1114","N708FR","TPA","23:59","23:46","-13","0","0","0","0","0"
"F9","07/12/2024","1128","N236FR","OMA","11:14","11:11","-3","0","0","0","0","0"
"F9","07/12/2024","1130","N344FR","HOU","18:03","18:36","33","29","0","6","0","4"
"F9","07/12/2024","1150","N719FR","MSP","12:28","12:59","31","23","0","0","0","0"
"F9","07/12/2024","1175","N613FR","SEA","05:06","04:58","-8","0","0","0","0","0"
"F9","07/12/2024","1248","N702FR","GRR","12:56","12:46","-10","0","0","0","0","0"
"F9","07/12/2024","1261","N723FR","ONT","05:01","04:56","-5","0","0","0","0","0"
"F9","07/12/2024","1280","N723FR","MIA","18:59","18:53","-6","0","0","0","0","0"
"F9","07/12/2024","1292","N719FR","MSP","18:54","18:56","2","0","0","0","0","0"
"F9","07/12/2024","1402","N604FR","BNA","06:31","07:25","54","0","0","0","0","42"
"F9","07/12/2024","1439","N332FR","SLC","14:48","14:47","-1","0","0","0","0","0"
"F9","07/12/2024","1450","N641FR","ATL","06:45","06:44","-1","0","0","0","0","0"
"F9","07/12/2024","1499","N613FR","ONT","22:20","23:36","76","21","0","0","0","44"
"F9","07/12/2024","1560","N719FR","MSN","05:31","06:32","61","50","0","0","0","0"
"F9","07/12/2024","1608","N645FR","MKE","16:38","16:50","12","0","0","0","0","0"
"F9","07/12/2024","1678","N706FR","DSM","11:44","11:39","-5","0","0","0","0","0"
"F9","07/12/2024","1702","N708FR","SYR","14:11","14:10","-1","0","0","15","0","0"
"F9","07/12/2024","1734","N704FR","MCO","00:49","00:39","-10","0","0","0","0","0"
"F9","07/12/2024","1752","N347FR","CVG","20:24","20:22","-2","0","0","0","0","0"
"F9","07/12/2024","1789","N352FR","PDX","05:06","04:57","-9","0","0","0","0","0"
"F9","07/12/2024","1816","N236FR","AUS","05:01","04:59","-2","0","0","0","0","0"
"F9","07/12/2024","1819","N332FR","PHX","09:05","09:06","1","0","0","0","0","0"
"F9","07/12/2024","1864","N645FR","OKC","10:53","11:45","52","52","0","9","0","0"
"F9","07/12/2024","1918","N613FR","CLE","12:52","12:53","1","0","0","0","0","0"
"F9","07/12/2024","1993","N718FR","LAS","10:09","10:13","4","0","0","0","0","0"
"F9","07/12/2024","2015","N649FR","LAS","06:31","06:36","5","0","0","0","0","0"
"F9","07/12/2024","2105","N638FR","PHX","21:20","21:31","11","0","0","0","0","0"
"F9","07/12/2024","2108","N381FR","FSD","09:57","09:45","-12","0","0","0","0","0"
"F9","07/12/2024","2141","N336FR","PHX","14:40","14:31","-9","0","0","0","0","0"
"F9","07/12/2024","2148","N386FR","DFW","07:49","07:44","-5","0","0","0","0","0"
"F9","07/12/2024","2261","N709FR","ELP","17:43","17:42","-1","0","0","0","0","0"
"F9","07/12/2024","2348","N709FR","IND","10:05","09:57","-8","0","0","0","0","0"
"F9","07/12/2024","2349","N349FR","LAS","13:55","15:00","65","0","0","26","0","24"
"F9","07/12/2024","2356","N706FR","SAT","05:01","05:22","21","0","0","0","0","0"
"F9","07/12/2024","2374","N710FR","TYS","16:44","16:38","-6","0","0","0","0","0"
"F9","07/12/2024","2421","N715FR","SAN","17:54","17:52","-2","0","0","0","0","0"
"F9","07/12/2024","2429","","LAS","16:33","00:00","0","0","0","0","0","0"
"F9","07/12/2024","2438","N381FR","RDU","15:22","15:38","16","0","0","0","0","0"
"F9","07/12/2024","2454","N606FR","PNS","16:43","16:33","-10","0","0","0","0","0"
"F9","07/12/2024","2687","N649FR","PDX","22:00","21:50","-10","0","0","0","0","0"
"F9","07/12/2024","2746","N706FR","TPA","17:33","17:34","1","0","0","0","0","0"
"F9","07/12/2024","2752","","BUF","14:05","00:00","0","0","0","0","0","0"
"F9","07/12/2024","2817","N343FR","SAN","05:45","05:38","-7","0","0","24","0","0"
"F9","07/12/2024","2907","N612FR","ONT","19:42","20:35","53","0","0","0","0","39"
"F9","07/12/2024","3004","N711FR","CLT","05:15","05:28","13","0","0","0","0","0"
"F9","07/12/2024","3101","N343FR","MSO","12:14","12:17","3","0","0","0","0","0"
"F9","07/12/2024","3138","N709FR","MIA","23:59","00:37","38","0","0","0","0","30"
"F9","07/12/2024","3155","N624FR","LAX","19:07","21:16","129","126","0","0","0","0"
"F9","07/12/2024","3162","N305FR","LGA","16:15","16:36","21","0","0","0","0","0"
"F9","07/12/2024","3172","N334FR","ORD","20:10","20:00","-10","0","0","0","0","0"
"F9","07/12/2024","3206","","IAH","18:08","00:00","0","0","0","0","0","0"
"F9","07/12/2024","3230","N349FR","IAH","07:15","07:46","31","22","0","0","0","0"
"F9","07/12/2024","3266","N710FR","PHL","06:40","06:38","-2","0","0","0","0","0"
"F9","07/12/2024","3276","N644FR","BMI","11:51","11:37","-14","0","0","0","0","0"
"F9","07/12/2024","3294","N307FR","ATL","00:59","02:47","108","4","0","0","0","92"
"F9","07/12/2024","3302","N609FR","STL","06:15","06:04","-11","0","0","0","0","0"
"F9","07/12/2024","3312","N620FR","MCO","10:51","11:20","29","17","0","59","0","12"
"F9","07/12/2024","3340","N614FR","PHL","23:41","01:43","122","0","0","0","0","104"
"F9","07/12/2024","3376","N625FR","MCI","05:55","05:52","-3","0","0","0","0","0"
"F9","07/12/2024","3439","N625FR","SFO","22:15","22:01","-14","0","0","0","0","0"
"F9","07/12/2024","3566","N708FR","DTW","06:00","05:52","-8","0","0","0","0","0"
"F9","07/12/2024","3665","N389FR","SMF","14:55","14:43","-12","0","0","0","0","0"
"F9","07/12/2024","3718","N316FR","MDW","08:51","08:57","6","0","0","0","0","0"
"F9","07/12/2024","3843","N352FR","LAS","18:34","18:34","0","0","0","0","0","0"
"F9","07/12/2024","3861","N644FR","SLC","06:31","06:24","-7","0","0","0","0","0"
"F9","07/12/2024","4042","N324FR","SFO","06:31","06:26","-5","0","0","0","0","0"
"F9","07/12/2024","4070","N641FR","DFW","15:19","15:14","-5","0","0","0","0","0"
"F9","07/12/2024","4371","N389FR","SNA","08:13","08:06","-7","0","0","0","0","0"
"F9","07/12/2024","4386","N606FR","CID","10:20","10:11","-9","0","0","0","0","0"
"F9","07/12/2024","4464","N236FR","DFW","21:32","01:29","237","0","0","0","0","223"
"F9","07/12/2024","4647","N649FR","SEA","12:43","12:46","3","0","0","0","0","0"
"F9","07/12/2024","4721","N641FR","SLC","22:03","21:55","-8","0","0","63","0","0"
"F9","07/12/2024","4753","N307FR","PHX","23:30","02:41","191","0","0","0","0","183"
"F9","07/12/2024","4794","N723FR","FAR","12:06","11:55","-11","0","0","0","0","0"
"F9","07/12/2024","4927","N352FR","SAN","11:21","11:49","28","8","0","9","0","20"
"F9","07/12/2024","4989","N228FR","SAN","19:54","20:19","25","0","0","0","0","17"
"F9","07/13/2024","0686","N385FR","DCA","06:42","06:33","-9","0","0","0","0","0"
"F9","07/13/2024","0688","N343FR","DCA","12:41","12:36","-5","0","0","0","0","0"
"F9","07/13/2024","0690","N381FR","DCA","16:28","16:52","24","0","0","0","0","0"
"F9","07/13/2024","1093","N352FR","SFO","06:31","06:33","2","0","0","0","0","0"
"F9","07/13/2024","1114","N641FR","TPA","23:59","02:08","129","124","0","0","0","3"
"F9","07/13/2024","1128","N649FR","OMA","11:56","13:08","72","0","0","0","0","62"
"F9","07/13/2024","1150","N711FR","MSP","05:06","05:00","-6","0","0","0","0","0"
"F9","07/13/2024","1162","N343FR","HOU","05:01","04:54","-7","0","0","0","0","0"
"F9","07/13/2024","1175","N713FR","SEA","16:21","16:31","10","0","0","0","0","0"
"F9","07/13/2024","1248","N313FR","GRR","13:47","13:42","-5","0","0","0","0","0"
"F9","07/13/2024","1261","N624FR","ONT","10:31","10:28","-3","0","0","0","0","0"
"F9","07/13/2024","1280","N373FR","MIA","18:25","18:24","-1","0","0","0","0","0"
"F9","07/13/2024","1292","N613FR","MSP","18:51","19:46","55","0","0","0","0","39"
"F9","07/13/2024","1402","N649FR","BNA","17:19","18:11","52","0","0","0","0","45"
"F9","07/13/2024","1450","N711FR","ATL","11:01","12:11","70","0","0","19","0","70"
"F9","07/13/2024","1469","N344FR","LAS","13:55","13:50","-5","0","0","0","0","0"
"F9","07/13/2024","1499","N636FR","ONT","22:37","22:33","-4","0","0","0","0","0"
"F9","07/13/2024","1560","N619FR","MSN","05:01","04:51","-10","0","0","0","0","0"
"F9","07/13/2024","1608","N344FR","MKE","07:00","06:46","-14","0","0","0","0","0"
"F9","07/13/2024","1678","N704FR","DSM","10:36","11:01","25","24","0","0","0","0"
"F9","07/13/2024","1702","N644FR","SYR","13:24","14:59","95","2","0","0","0","88"
"F9","07/13/2024","1734","N645FR","MCO","00:49","00:49","0","0","0","0","0","0"
"F9","07/13/2024","1789","N649FR","PDX","06:00","05:55","-5","0","0","0","0","0"
"F9","07/13/2024","1819","N230FR","PHX","09:05","08:53","-12","0","0","0","0","0"
"F9","07/13/2024","1864","N362FR","OKC","09:50","09:40","-10","0","0","0","0","0"
"F9","07/13/2024","1993","N706FR","LAS","10:16","10:22","6","0","0","0","0","0"
"F9","07/13/2024","2015","N612FR","LAS","05:30","05:26","-4","0","0","0","0","0"
"F9","07/13/2024","2098","N359FR","SAT","18:47","22:22","215","0","0","0","0","198"
"F9","07/13/2024","2108","","FSD","13:37","00:00","0","0","0","0","0","0"
"F9","07/13/2024","2141","N378FR","PHX","14:32","14:24","-8","0","0","0","0","0"
"F9","07/13/2024","2148","N324FR","DFW","07:29","07:26","-3","0","0","0","0","0"
"F9","07/13/2024","2210","N353FR","MDW","09:41","10:00","19","1","0","1","0","18"
"F9","07/13/2024","2261","N715FR","ELP","12:57","12:50","-7","0","0","0","0","0"
"F9","07/13/2024","2348","N613FR","IND","05:16","06:09","53","0","0","0","0","42"
"F9","07/13/2024","2356","N606FR","SAT","05:11","05:27","16","0","0","0","0","0"
"F9","07/13/2024","2421","N641FR","SAN","15:25","16:32","67","0","0","0","0","61"
"F9","07/13/2024","2429","N646FR","LAS","15:55","16:03","8","0","0","0","0","0"
"F9","07/13/2024","2438","N362FR","RDU","15:20","15:08","-12","0","0","0","0","0"
"F9","07/13/2024","2454","N612FR","PNS","14:50","15:06","16","0","0","0","0","0"
"F9","07/13/2024","2632","N382FR","DFW","18:40","19:57","77","0","0","0","0","54"
"F9","07/13/2024","2687","N313FR","PDX","22:07","21:57","-10","0","0","35","0","0"
"F9","07/13/2024","2706","N709FR","BWI","10:58","11:14","16","7","0","9","0","9"
"F9","07/13/2024","2746","N607FR","TPA","17:22","17:14","-8","0","0","0","0","0"
"F9","07/13/2024","2752","N641FR","BUF","08:23","08:21","-2","0","0","0","0","0"
"F9","07/13/2024","2817","N305FR","SAN","05:45","05:54","9","0","0","0","0","0"
"F9","07/13/2024","2890","N715FR","AUS","18:29","19:37","68","5","0","0","0","50"
"F9","07/13/2024","3004","N712FR","CLT","05:31","05:28","-3","0","0","0","0","0"
"F9","07/13/2024","3101","","MSO","17:13","00:00","0","0","0","0","0","0"
"F9","07/13/2024","3138","N722FR","MIA","23:59","00:22","23","11","0","1","0","12"
"F9","07/13/2024","3155","","LAX","19:07","00:00","0","0","0","0","0","0"
"F9","07/13/2024","3162","N385FR","LGA","16:15","16:04","-11","0","0","0","0","0"
"F9","07/13/2024","3172","N389FR","ORD","19:15","19:25","10","0","0","0","0","0"
"F9","07/13/2024","3266","N713FR","PHL","06:45","06:39","-6","0","0","0","0","0"
"F9","07/13/2024","3286","N710FR","CVG","05:38","05:33","-5","0","0","0","0","0"
"F9","07/13/2024","3294","N719FR","ATL","00:59","00:56","-3","0","0","19","0","0"
"F9","07/13/2024","3302","N625FR","STL","06:15","06:28","13","0","0","0","0","0"
"F9","07/13/2024","3312","N604FR","MCO","10:46","11:03","17","0","0","0","0","0"
"F9","07/13/2024","3340","N713FR","PHL","23:59","00:06","7","0","0","0","0","0"
"F9","07/13/2024","3376","N604FR","MCI","05:01","05:13","12","0","0","0","0","0"
"F9","07/13/2024","3405","N711FR","SEA","19:26","20:39","73","0","0","0","0","60"
"F9","07/13/2024","3443","N343FR","SFO","22:25","22:25","0","0","0","0","0","0"
"F9","07/13/2024","3467","N704FR","PHX","16:53","16:57","4","0","0","0","0","0"
"F9","07/13/2024","3539","N710FR","LAS","23:00","01:53","173","0","0","0","0","153"
"F9","07/13/2024","3566","N629FR","DTW","12:31","12:23","-8","0","0","0","0","0"
"F9","07/13/2024","3665","N318FR","SMF","12:11","12:06","-5","0","0","0","0","0"
"F9","07/13/2024","3981","N381FR","SLC","11:14","11:11","-3","0","0","0","0","0"
"F9","07/13/2024","4053","N228FR","SAN","10:55","10:50","-5","0","0","0","0","0"
"F9","07/13/2024","4070","N619FR","DFW","11:53","11:45","-8","0","0","0","0","0"
"F9","07/13/2024","4235","N612FR","SLC","23:08","00:35","87","29","0","0","0","50"
"F9","07/13/2024","4344","N715FR","XNA","07:00","06:56","-4","0","0","0","0","0"
"F9","07/13/2024","4371","N342FR","SNA","07:00","06:56","-4","0","0","0","0","0"
"F9","07/13/2024","4386","N305FR","CID","12:26","12:25","-1","0","0","0","0","0"
"F9","07/13/2024","4611","N318FR","LAS","21:00","21:09","9","0","0","0","0","0"
"F9","07/13/2024","4638","N611FR","CLE","17:57","17:57","0","0","0","0","0","0"
"F9","07/13/2024","4721","N328FR","SLC","20:10","20:12","2","0","0","0","0","0"
"F9","07/13/2024","4753","N370FR","PHX","23:30","00:40","70","1","0","0","0","57"
"F9","07/13/2024","4794","N644FR","FAR","09:20","09:11","-9","0","0","0","0","0"
"F9","07/13/2024","4856","N619FR","IAH","17:50","17:58","8","0","0","72","0","8"
"F9","07/13/2024","4927","N613FR","SAN","12:55","13:26","31","0","0","0","0","15"
"F9","07/14/2024","0686","N342FR","DCA","06:42","06:39","-3","0","0","24","0","0"
"F9","07/14/2024","0688","N343FR","DCA","12:41","12:35","-6","0","0","0","0","0"
"F9","07/14/2024","0690","N382FR","DCA","16:25","16:14","-11","0","0","0","0","0"
"F9","07/14/2024","0922","N313FR","MSY","18:17","18:15","-2","0","0","0","0","0"
"F9","07/14/2024","1093","","SFO","05:11","00:00","0","0","0","0","0","0"
"F9","07/14/2024","1114","N626FR","TPA","23:59","00:14","15","0","0","0","0","0"
"F9","07/14/2024","1128","N612FR","OMA","08:29","08:23","-6","0","0","0","0","0"
"F9","07/14/2024","1150","N704FR","MSP","05:06","04:58","-8","0","0","0","0","0"
"F9","07/14/2024","1162","N343FR","HOU","05:22","05:20","-2","0","0","0","0","0"
"F9","07/14/2024","1175","N709FR","SEA","06:15","06:24","9","0","0","0","0","0"
"F9","07/14/2024","1228","N311FR","MDW","18:34","19:39","65","0","0","0","0","0"
"F9","07/14/2024","1261","N704FR","ONT","11:25","11:17","-8","0","0","0","0","0"
"F9","07/14/2024","1280","N720FR","MIA","18:59","19:16","17","0","0","0","0","0"
"F9","07/14/2024","1375","N230FR","PHX","05:11","05:02","-9","0","0","0","0","0"
"F9","07/14/2024","1402","N371FR","BNA","08:36","08:31","-5","0","0","0","0","0"
"F9","07/14/2024","1499","N615FR","ONT","22:40","22:52","12","0","0","0","0","0"
"F9","07/14/2024","1560","N715FR","MSN","06:00","05:49","-11","0","0","0","0","0"
"F9","07/14/2024","1678","N230FR","DSM","10:54","10:40","-14","0","0","0","0","0"
"F9","07/14/2024","1734","N352FR","MCO","00:49","01:36","47","12","0","0","0","24"
"F9","07/14/2024","1789","N385FR","PDX","06:05","05:53","-12","0","0","0","0","0"
"F9","07/14/2024","1816","N318FR","AUS","16:49","16:39","-10","0","0","0","0","0"
"F9","07/14/2024","1819","N366FR","PHX","08:51","09:03","12","0","0","0","0","0"
"F9","07/14/2024","1864","N381FR","OKC","09:57","09:50","-7","0","0","0","0","0"
"F9","07/14/2024","1918","N636FR","CLE","06:00","05:53","-7","0","0","0","0","0"
"F9","07/14/2024","1993","N322FR","LAS","10:59","10:57","-2","0","0","0","0","0"
"F9","07/14/2024","2015","N613FR","LAS","06:31","06:27","-4","0","0","0","0","0"
"F9","07/14/2024","2108","N712FR","FSD","13:09","14:19","70","0","0","4","0","70"
"F9","07/14/2024","2141","N336FR","PHX","14:50","16:50","120","0","0","0","0","108"
"F9","07/14/2024","2210","N316FR","MDW","08:36","11:35","179","179","0","7","0","0"
"F9","07/14/2024","2348","","IND","07:05","00:00","0","0","0","0","0","0"
"F9","07/14/2024","2349","","LAS","13:55","00:00","0","0","0","0","0","0"
"F9","07/14/2024","2382","N709FR","ORF","12:51","14:12","81","0","0","0","0","71"
"F9","07/14/2024","2429","N613FR","LAS","17:01","17:46","45","36","0","0","0","0"
"F9","07/14/2024","2438","N381FR","RDU","15:22","15:13","-9","0","0","0","0","0"
"F9","07/14/2024","2687","N370FR","PDX","22:16","22:03","-13","0","0","0","0","0"
"F9","07/14/2024","2706","N715FR","BWI","12:34","12:33","-1","0","0","0","0","0"
"F9","07/14/2024","2746","","TPA","14:12","00:00","0","0","0","0","0","0"
"F9","07/14/2024","2817","N313FR","SAN","05:41","05:48","7","0","0","0","0","0"
"F9","07/14/2024","3004","N711FR","CLT","05:01","05:00","-1","0","0","17","0","0"
"F9","07/14/2024","3138","N711FR","MIA","23:59","00:36","37","0","0","0","0","34"
"F9","07/14/2024","3155","N365FR","LAX","19:07","20:14","67","0","0","0","0","63"
"F9","07/14/2024","3162","N230FR","LGA","16:15","17:00","45","45","0","48","0","0"
"F9","07/14/2024","3174","N371FR","ORD","21:00","21:06","6","0","0","0","0","0"
"F9","07/14/2024","3230","N649FR","IAH","05:01","04:58","-3","0","0","0","0","0"
"F9","07/14/2024","3266","","PHL","10:55","00:00","0","0","0","0","0","0"
"F9","07/14/2024","3276","N385FR","BMI","13:15","13:05","-10","0","0","0","0","0"
"F9","07/14/2024","3286","N365FR","CVG","07:48","08:07","19","19","0","20","0","0"
"F9","07/14/2024","3294","N335FR","ATL","00:59","02:31","92","0","0","0","0","90"
"F9","07/14/2024","3302","N382FR","STL","09:40","09:31","-9","0","0","0","0","0"
"F9","07/14/2024","3312","N642FR","MCO","09:00","09:14","14","0","0","0","0","0"
"F9","07/14/2024","3376","N606FR","MCI","05:55","05:44","-11","0","0","0","0","0"
"F9","07/14/2024","3421","N701FR","ELP","19:25","21:08","103","0","0","0","0","96"
"F9","07/14/2024","3439","N715FR","SFO","22:15","22:56","41","36","0","0","0","0"
"F9","07/14/2024","3467","N343FR","PHX","21:01","21:40","39","2","0","70","0","37"
"F9","07/14/2024","3566","N649FR","DTW","12:32","12:31","-1","0","0","0","0","0"
"F9","07/14/2024","3708","N359FR","SAT","18:39","18:29","-10","0","0","0","0","0"
"F9","07/14/2024","3981","N311FR","SLC","11:14","13:11","117","34","0","0","0","83"
"F9","07/14/2024","4030","N619FR","SAV","14:29","15:51","82","4","0","0","0","69"
"F9","07/14/2024","4070","N612FR","DFW","13:58","13:57","-1","0","0","0","0","0"
"F9","07/14/2024","4235","N311FR","SLC","22:44","00:39","115","0","0","0","0","105"
"F9","07/14/2024","4251","N641FR","SLC","17:15","17:29","14","0","0","0","0","0"
"F9","07/14/2024","4344","N359FR","XNA","12:32","12:24","-8","0","0","0","0","0"
"F9","07/14/2024","4371","N311FR","SNA","15:57","18:11","134","0","0","3","0","134"
"F9","07/14/2024","4374","N615FR","PIT","13:46","14:20","34","0","0","0","0","23"
"F9","07/14/2024","4386","N313FR","CID","12:28","12:15","-13","0","0","0","0","0"
"F9","07/14/2024","4464","N615FR","DFW","07:30","07:50","20","10","0","5","0","10"
"F9","07/14/2024","4576","N704FR","CMH","16:01","18:02","121","0","0","24","0","121"
"F9","07/14/2024","4616","N718FR","MSP","16:06","15:53","-13","0","0","0","0","0"
"F9","07/14/2024","4626","N712FR","MEM","06:00","07:44","104","100","0","0","0","0"
"F9","07/14/2024","4647","N342FR","SEA","15:54","15:58","4","0","0","0","0","0"
"F9","07/14/2024","4753","N342FR","PHX","23:30","23:35","5","0","0","0","0","0"
"F9","07/14/2024","4776","N641FR","LIT","10:18","11:12","54","0","0","0","0","40"
"F9","07/14/2024","4794","N359FR","FAR","06:31","06:19","-12","0","0","0","0","0"
"F9","07/14/2024","4856","","IAH","18:38","00:00","0","0","0","0","0","0"
"F9","07/14/2024","4927","N701FR","SAN","12:21","14:16","115","0","0","0","0","104"
"F9","07/14/2024","4967","N712FR","LAS","19:13","20:28","75","0","0","4","0","75"
"F9","07/14/2024","4989","N378FR","SAN","19:54","20:38","44","0","0","0","0","31"
"F9","07/15/2024","0686","","DCA","06:42","00:00","0","0","0","0","0","0"
"F9","07/15/2024","0688","N359FR","DCA","12:41","13:25","44","39","0","1","0","5"
"F9","07/15/2024","0690","N381FR","DCA","16:28","18:28","120","0","0","0","0","106"
"F9","07/15/2024","1066","N709FR","GRB","11:41","11:34","-7","0","0","0","0","0"
"F9","07/15/2024","1114","N612FR","TPA","23:59","00:28","29","0","0","0","0","19"
"F9","07/15/2024","1128","N715FR","OMA","12:36","12:57","21","0","0","0","0","0"
"F9","07/15/2024","1150","N619FR","MSP","12:26","13:26","60","0","0","0","0","51"
"F9","07/15/2024","1162","N382FR","HOU","08:13","09:58","105","5","0","0","0","94"
"F9","07/15/2024","1175","N359FR","SEA","05:15","05:10","-5","0","0","0","0","0"
"F9","07/15/2024","1248","N642FR","GRR","13:06","13:24","18","0","0","0","0","0"
"F9","07/15/2024","1280","N709FR","MIA","18:59","20:36","97","9","0","0","0","86"
"F9","07/15/2024","1292","N715FR","MSP","18:53","19:05","12","0","0","0","0","0"
"F9","07/15/2024","1324","N704FR","DFW","05:30","05:22","-8","0","0","0","0","0"
"F9","07/15/2024","1402","N701FR","BNA","06:50","06:45","-5","0","0","0","0","0"
"F9","07/15/2024","1439","N313FR","SLC","14:48","17:24","156","0","0","0","0","136"
"F9","07/15/2024","1450","N644FR","ATL","06:45","06:57","12","0","0","0","0","0"
"F9","07/15/2024","1499","N637FR","ONT","22:30","22:59","29","0","0","0","0","15"
"F9","07/15/2024","1560","N313FR","MSN","05:06","05:02","-4","0","0","0","0","0"
"F9","07/15/2024","1608","N711FR","MKE","16:57","17:43","46","0","0","0","0","30"
"F9","07/15/2024","1678","N717FR","DSM","10:00","10:17","17","4","0","0","0","11"
"F9","07/15/2024","1702","N641FR","SYR","14:56","14:43","-13","0","0","0","0","0"
"F9","07/15/2024","1734","N621FR","MCO","00:49","00:46","-3","0","0","0","0","0"
"F9","07/15/2024","1789","","PDX","06:40","00:00","0","0","0","0","0","0"
"F9","07/15/2024","1816","N709FR","AUS","05:01","05:01","0","0","0","0","0","0"
"F9","07/15/2024","1819","N342FR","PHX","09:05","08:55","-10","0","0","0","0","0"
"F9","07/15/2024","1864","N615FR","OKC","05:01","05:46","45","5","0","0","0","28"
"F9","07/15/2024","1993","","LAS","10:09","00:00","0","0","0","0","0","0"
"F9","07/15/2024","2015","N370FR","LAS","06:31","06:26","-5","0","0","0","0","0"
"F9","07/15/2024","2098","N619FR","SAT","18:41","19:33","52","0","0","0","0","38"
"F9","07/15/2024","2105","N633FR","PHX","21:15","22:50","95","19","0","6","0","76"
"F9","07/15/2024","2108","N381FR","FSD","11:15","12:26","71","0","0","0","0","58"
"F9","07/15/2024","2141","N332FR","PHX","14:40","14:37","-3","0","0","0","0","0"
"F9","07/15/2024","2148","N311FR","DFW","07:49","08:21","32","13","0","0","0","14"
"F9","07/15/2024","2348","N717FR","IND","15:48","16:34","46","0","28","1","0","18"
"F9","07/15/2024","2349","N638FR","LAS","13:55","00:27","632","0","0","0","0","632"
"F9","07/15/2024","2374","N718FR","TYS","16:48","16:54","6","0","0","0","0","0"
"F9","07/15/2024","2421","","SAN","15:37","00:00","0","0","0","0","0","0"
"F9","07/15/2024","2429","N615FR","LAS","16:33","16:50","17","0","16","0","0","0"
"F9","07/15/2024","2438","N342FR","RDU","15:06","14:58","-8","0","0","0","0","0"
"F9","07/15/2024","2454","N719FR","PNS","16:45","17:55","70","0","69","0","0","0"
"F9","07/15/2024","2687","N336FR","PDX","22:10","00:13","123","1","0","0","0","108"
"F9","07/15/2024","2746","N607FR","TPA","17:22","17:45","23","0","0","8","0","23"
"F9","07/15/2024","2752","N311FR","BUF","12:36","20:13","457","4","0","12","0","453"
"F9","07/15/2024","2817","N715FR","SAN","05:38","06:11","33","0","0","0","0","29"
"F9","07/15/2024","2907","N704FR","ONT","17:23","20:08","165","2","0","0","0","154"
"F9","07/15/2024","3004","N612FR","CLT","05:31","05:41","10","0","0","0","0","0"
"F9","07/15/2024","3101","N704FR","MSO","10:53","12:07","74","32","0","37","0","42"
"F9","07/15/2024","3138","N717FR","MIA","23:59","00:12","13","7","0","15","0","6"
"F9","07/15/2024","3155","","LAX","19:07","00:00","0","0","0","0","0","0"
"F9","07/15/2024","3162","N382FR","LGA","16:15","18:06","111","0","0","24","0","111"
"F9","07/15/2024","3172","N389FR","ORD","20:05","22:39","154","0","0","22","0","154"
"F9","07/15/2024","3206","N701FR","IAH","14:26","14:27","1","1","0","63","0","0"
"F9","07/15/2024","3230","N619FR","IAH","05:11","06:40","89","80","0","0","0","0"
"F9","07/15/2024","3266","N719FR","PHL","06:41","06:56","15","0","0","0","0","0"
"F9","07/15/2024","3286","N606FR","CVG","05:33","05:34","1","0","0","0","0","0"
"F9","07/15/2024","3294","N304FR","ATL","00:59","00:50","-9","0","0","0","0","0"
"F9","07/15/2024","3302","N624FR","STL","06:15","06:11","-4","0","0","0","0","0"
"F9","07/15/2024","3312","N649FR","MCO","10:46","10:46","0","0","0","0","0","0"
"F9","07/15/2024","3340","N603FR","PHL","23:00","22:51","-9","0","0","0","0","0"
"F9","07/15/2024","3376","N313FR","MCI","09:45","11:19","94","0","0","0","0","85"
"F9","07/15/2024","3405","N638FR","SEA","14:05","16:42","157","0","3","10","0","154"
"F9","07/15/2024","3421","","ELP","18:59","00:00","0","0","0","0","0","0"
"F9","07/15/2024","3439","N701FR","SFO","22:15","23:03","48","0","0","0","0","38"
"F9","07/15/2024","3566","N641FR","DTW","06:41","06:38","-3","0","0","0","0","0"
"F9","07/15/2024","3667","","SMF","14:16","00:00","0","0","0","0","0","0"
"F9","07/15/2024","3718","","MDW","08:51","00:00","0","0","0","0","0","0"
"F9","07/15/2024","3843","N723FR","LAS","18:42","20:59","137","84","0","0","0","44"
"F9","07/15/2024","3861","N640FR","SLC","06:31","06:31","0","0","0","0","0","0"
"F9","07/15/2024","4042","N324FR","SFO","06:31","07:34","63","0","0","0","0","54"
"F9","07/15/2024","4070","N644FR","DFW","15:19","15:19","0","0","0","0","0","0"
"F9","07/15/2024","4371","N370FR","SNA","12:22","12:09","-13","0","0","0","0","0"
"F9","07/15/2024","4386","N615FR","CID","10:20","10:20","0","0","0","0","0","0"
"F9","07/15/2024","4464","","DFW","21:22","00:00","0","0","0","0","0","0"
"F9","07/15/2024","4721","N644FR","SLC","22:03","22:50","47","0","0","35","0","47"
"F9","07/15/2024","4753","N313FR","PHX","23:25","00:42","77","4","0","2","0","73"
"F9","07/15/2024","4794","N711FR","FAR","10:53","11:26","33","0","0","0","0","31"
"F9","07/15/2024","4856","","IAH","18:06","00:00","0","0","0","0","0","0"
"F9","07/15/2024","4927","N640FR","SAN","11:24","11:47","23","5","0","9","0","18"
"F9","07/15/2024","4989","N385FR","SAN","19:54","19:58","4","0","0","0","0","0"
"F9","07/16/2024","0686","N382FR","DCA","06:42","06:37","-5","0","0","0","0","0"
"F9","07/16/2024","0688","N311FR","DCA","12:41","12:37","-4","0","0","19","0","0"
"F9","07/16/2024","0690","N370FR","DCA","16:25","16:20","-5","0","0","24","0","0"
"F9","07/16/2024","1093","N311FR","SFO","05:25","05:17","-8","0","0","0","0","0"
"F9","07/16/2024","1114","N641FR","TPA","23:59","00:27","28","26","0","0","0","0"
"F9","07/16/2024","1128","N637FR","OMA","13:00","12:54","-6","0","0","0","0","0"
"F9","07/16/2024","1150","N359FR","MSP","05:01","04:52","-9","0","0","0","0","0"
"F9","07/16/2024","1162","N359FR","HOU","10:56","10:46","-10","0","0","0","0","0"
"F9","07/16/2024","1228","N343FR","MDW","17:26","19:06","100","5","0","0","0","82"
"F9","07/16/2024","1261","N637FR","ONT","06:10","06:08","-2","0","0","0","0","0"
"F9","07/16/2024","1282","N709FR","MIA","16:11","17:14","63","0","63","30","0","0"
"F9","07/16/2024","1324","N715FR","DFW","05:06","05:03","-3","0","0","0","0","0"
"F9","07/16/2024","1375","N704FR","PHX","05:01","04:56","-5","0","0","0","0","0"
"F9","07/16/2024","1402","N371FR","BNA","08:36","08:31","-5","0","0","0","0","0"
"F9","07/16/2024","1450","N370FR","ATL","06:51","06:55","4","0","0","0","0","0"
"F9","07/16/2024","1499","N616FR","ONT","22:40","23:06","26","8","0","0","0","14"
"F9","07/16/2024","1734","","MCO","00:49","00:00","0","0","0","0","0","0"
"F9","07/16/2024","1789","N606FR","PDX","05:06","04:59","-7","0","0","0","0","0"
"F9","07/16/2024","1816","N701FR","AUS","05:01","06:04","63","0","0","0","0","59"
"F9","07/16/2024","1918","N719FR","CLE","06:00","06:05","5","0","0","0","0","0"
"F9","07/16/2024","1993","N640FR","LAS","09:30","15:11","341","0","0","0","0","339"
"F9","07/16/2024","2015","N379FR","LAS","07:15","07:05","-10","0","0","0","0","0"
"F9","07/16/2024","2141","N387FR","PHX","14:50","15:08","18","0","0","0","0","17"
"F9","07/16/2024","2148","N235FR","DFW","09:10","09:05","-5","0","0","0","0","0"
"F9","07/16/2024","2261","N644FR","ELP","08:25","08:23","-2","0","0","0","0","0"
"F9","07/16/2024","2348","N358FR","IND","09:15","09:04","-11","0","0","0","0","0"
"F9","07/16/2024","2349","N361FR","LAS","13:55","14:09","14","0","0","0","0","0"
"F9","07/16/2024","2360","N715FR","MSY","17:49","18:34","45","0","0","0","0","37"
"F9","07/16/2024","2382","N606FR","ORF","12:36","12:34","-2","0","0","0","0","0"
"F9","07/16/2024","2429","N619FR","LAS","15:55","15:42","-13","0","0","0","0","0"
"F9","07/16/2024","2438","N381FR","RDU","15:20","15:18","-2","0","0","0","0","0"
"F9","07/16/2024","2632","N637FR","DFW","18:28","18:36","8","0","4","34","0","4"
"F9","07/16/2024","2687","N621FR","PDX","22:16","00:44","148","0","0","0","0","130"
"F9","07/16/2024","2706","N644FR","BWI","14:17","14:09","-8","0","0","0","0","0"
"F9","07/16/2024","2946","N366FR","MDW","13:46","14:04","18","0","0","0","0","0"
"F9","07/16/2024","3004","N711FR","CLT","05:11","05:06","-5","0","0","0","0","0"
"F9","07/16/2024","3138","N711FR","MIA","23:59","00:30","31","0","0","0","0","26"
"F9","07/16/2024","3155","N336FR","LAX","19:07","19:44","37","33","0","0","0","0"
"F9","07/16/2024","3162","N358FR","LGA","16:15","16:14","-1","0","0","68","0","0"
"F9","07/16/2024","3174","N371FR","ORD","21:00","21:31","31","0","0","0","0","0"
"F9","07/16/2024","3206","N324FR","IAH","08:36","08:34","-2","0","0","0","0","0"
"F9","07/16/2024","3228","N708FR","IAH","17:17","17:14","-3","0","0","0","0","0"
"F9","07/16/2024","3266","N720FR","PHL","10:55","10:55","0","0","0","0","0","0"
"F9","07/16/2024","3276","N379FR","BMI","13:13","13:03","-10","0","0","0","0","0"
"F9","07/16/2024","3286","N322FR","CVG","07:48","07:46","-2","0","0","0","0","0"
"F9","07/16/2024","3294","N705FR","ATL","00:59","01:38","39","0","0","0","0","36"
"F9","07/16/2024","3302","N701FR","STL","11:41","12:22","41","1","0","0","0","36"
"F9","07/16/2024","3312","N620FR","MCO","10:21","10:31","10","0","0","0","0","0"
"F9","07/16/2024","3340","","PHL","23:59","00:00","0","0","0","0","0","0"
"F9","07/16/2024","3376","N718FR","MCI","05:35","05:56","21","0","0","0","0","0"
"F9","07/16/2024","3405","N379FR","SEA","17:41","19:44","123","0","0","2","0","123"
"F9","07/16/2024","3439","N720FR","SFO","22:14","22:10","-4","0","0","0","0","0"
"F9","07/16/2024","3467","N229FR","PHX","20:12","20:58","46","0","0","31","0","46"
"F9","07/16/2024","3566","N625FR","DTW","12:31","12:33","2","0","0","0","0","0"
"F9","07/16/2024","3981","N342FR","SLC","11:14","12:03","49","0","0","0","0","40"
"F9","07/16/2024","4030","N332FR","SAV","15:52","16:58","66","60","0","0","0","0"
"F9","07/16/2024","4070","N616FR","DFW","12:37","12:45","8","0","0","0","0","0"
"F9","07/16/2024","4235","N356FR","SLC","22:36","00:23","107","0","0","0","0","107"
"F9","07/16/2024","4344","N715FR","XNA","11:46","11:40","-6","0","0","0","0","0"
"F9","07/16/2024","4371","","SNA","18:34","00:00","0","0","0","0","0","0"
"F9","07/16/2024","4374","N641FR","PIT","06:00","05:59","-1","0","0","0","0","0"
"F9","07/16/2024","4386","N704FR","CID","11:01","10:49","-12","0","0","0","0","0"
"F9","07/16/2024","4576","N641FR","CMH","14:44","14:42","-2","0","0","0","0","0"
"F9","07/16/2024","4611","N606FR","LAS","22:38","22:30","-8","0","0","0","0","0"
"F9","07/16/2024","4616","N230FR","MSP","15:15","15:06","-9","0","0","0","0","0"
"F9","07/16/2024","4626","N382FR","MEM","15:43","17:19","96","0","96","40","0","0"
"F9","07/16/2024","4721","N310FR","SLC","18:00","19:04","64","63","0","0","0","0"
"F9","07/16/2024","4753","N382FR","PHX","23:30","00:50","80","0","0","0","0","74"
"F9","07/16/2024","4776","N708FR","LIT","10:40","10:31","-9","0","0","0","0","0"
"F9","07/16/2024","4794","N381FR","FAR","09:55","09:45","-10","0","0","0","0","0"
"F9","07/16/2024","4927","N704FR","SAN","17:21","17:23","2","0","0","0","0","0"
"F9","07/16/2024","4967","N710FR","LAS","18:22","20:02","100","0","0","0","0","89"
"F9","07/16/2024","4989","N341FR","SAN","19:54","21:04","70","0","0","0","0","62"
"F9","07/17/2024","0686","N238FR","DCA","06:42","06:37","-5","0","0","0","0","0"
"F9","07/17/2024","0688","N326FR","DCA","12:41","12:36","-5","0","0","0","0","0"
"F9","07/17/2024","0690","N381FR","DCA","16:25","16:22","-3","0","0","0","0","0"
"F9","07/17/2024","1066","N311FR","GRB","09:15","09:04","-11","0","0","0","0","0"
"F9","07/17/2024","1114","N708FR","TPA","23:59","24:00","1","1","0","15","0","0"
"F9","07/17/2024","1128","N381FR","OMA","11:22","11:12","-10","0","0","0","0","0"
"F9","07/17/2024","1130","N379FR","HOU","18:20","20:49","149","47","0","0","0","100"
"F9","07/17/2024","1150","N701FR","MSP","05:06","05:06","0","0","0","0","0","0"
"F9","07/17/2024","1175","N624FR","SEA","05:01","04:56","-5","0","0","0","0","0"
"F9","07/17/2024","1248","N619FR","GRR","13:52","13:48","-4","0","0","0","0","0"
"F9","07/17/2024","1261","N718FR","ONT","06:00","05:59","-1","0","0","0","0","0"
"F9","07/17/2024","1282","N711FR","MIA","18:59","21:07","128","0","0","0","0","111"
"F9","07/17/2024","1292","N642FR","MSP","18:54","19:04","10","0","0","0","0","0"
"F9","07/17/2024","1402","N356FR","BNA","08:13","08:11","-2","0","0","0","0","0"
"F9","07/17/2024","1450","N621FR","ATL","06:36","07:40","64","8","0","9","0","56"
"F9","07/17/2024","1499","N718FR","ONT","22:20","22:17","-3","0","0","0","0","0"
"F9","07/17/2024","1560","N310FR","MSN","12:16","12:03","-13","0","0","0","0","0"
"F9","07/17/2024","1608","N332FR","MKE","05:20","05:10","-10","0","0","0","0","0"
"F9","07/17/2024","1678","N379FR","DSM","12:26","12:23","-3","0","0","0","0","0"
"F9","07/17/2024","1702","N232FR","SYR","15:05","15:04","-1","0","0","0","0","0"
"F9","07/17/2024","1734","N704FR","MCO","00:49","01:03","14","0","0","0","0","0"
"F9","07/17/2024","1816","N642FR","AUS","05:01","04:52","-9","0","0","0","0","0"
"F9","07/17/2024","1918","N711FR","CLE","11:07","11:08","1","0","0","0","0","0"
"F9","07/17/2024","1993","N344FR","LAS","06:00","05:56","-4","0","0","0","0","0"
"F9","07/17/2024","2015","N313FR","LAS","09:59","09:49","-10","0","0","0","0","0"
"F9","07/17/2024","2105","N328FR","PHX","20:05","20:12","7","0","0","0","0","0"
"F9","07/17/2024","2108","N624FR","FSD","12:47","13:19","32","24","0","0","0","6"
"F9","07/17/2024","2141","N387FR","PHX","14:40","15:55","75","0","75","7","0","0"
"F9","07/17/2024","2148","N370FR","DFW","09:45","09:47","2","0","0","13","0","2"
"F9","07/17/2024","2348","N708FR","IND","06:31","06:19","-12","0","0","0","0","0"
"F9","07/17/2024","2374","N708FR","TYS","13:57","13:50","-7","0","0","0","0","0"
"F9","07/17/2024","2421","N609FR","SAN","16:36","16:41","5","0","0","0","0","0"
"F9","07/17/2024","2429","N637FR","LAS","15:55","16:29","34","7","0","0","0","19"
"F9","07/17/2024","2438","N332FR","RDU","15:55","17:26","91","91","0","20","0","0"
"F9","07/17/2024","2454","N710FR","PNS","16:23","16:32","9","9","0","16","0","0"
"F9","07/17/2024","2577","N356FR","SNA","15:30","15:37","7","0","0","0","0","0"
"F9","07/17/2024","2632","","DFW","18:36","00:00","0","0","0","0","0","0"
"F9","07/17/2024","2687","N356FR","PDX","22:16","22:09","-7","0","0","0","0","0"
"F9","07/17/2024","2746","N311FR","TPA","17:59","20:06","127","122","0","0","0","0"
"F9","07/17/2024","2817","N326FR","SAN","06:00","06:10","10","0","0","0","0","0"
"F9","07/17/2024","3004","N715FR","CLT","05:01","05:47","46","46","0","19","0","0"
"F9","07/17/2024","3101","N344FR","MSO","12:16","12:03","-13","0","0","0","0","0"
"F9","07/17/2024","3138","N719FR","MIA","23:46","02:34","168","18","0","0","0","141"
"F9","07/17/2024","3155","","LAX","19:07","00:00","0","0","0","0","0","0"
"F9","07/17/2024","3162","N612FR","LGA","16:15","16:34","19","2","0","41","0","17"
"F9","07/17/2024","3172","N371FR","ORD","20:10","21:37","87","1","0","0","0","86"
"F9","07/17/2024","3228","N642FR","IAH","11:44","11:38","-6","0","0","0","0","0"
"F9","07/17/2024","3230","N379FR","IAH","05:11","05:06","-5","0","0","0","0","0"
"F9","07/17/2024","3266","N637FR","PHL","06:05","06:05","0","0","0","0","0","0"
"F9","07/17/2024","3286","N720FR","CVG","05:33","05:47","14","0","0","0","0","0"
"F9","07/17/2024","3294","N343FR","ATL","00:59","01:58","59","0","0","0","0","52"
"F9","07/17/2024","3302","N606FR","STL","06:15","06:10","-5","0","0","0","0","0"
"F9","07/17/2024","3312","N640FR","MCO","11:10","11:13","3","0","0","0","0","0"
"F9","07/17/2024","3340","N713FR","PHL","23:56","06:56","420","0","0","7","0","420"
"F9","07/17/2024","3405","N358FR","SEA","18:47","20:33","106","20","0","0","0","82"
"F9","07/17/2024","3421","N709FR","ELP","18:09","21:25","196","25","0","0","0","169"
"F9","07/17/2024","3439","N621FR","SFO","22:14","23:35","81","0","0","0","0","75"
"F9","07/17/2024","3566","N624FR","DTW","16:22","19:38","196","0","0","0","0","191"
"F9","07/17/2024","3665","N710FR","SMF","09:25","09:22","-3","0","0","0","0","0"
"F9","07/17/2024","3708","N701FR","SAT","17:42","17:53","11","0","0","0","0","0"
"F9","07/17/2024","3718","N386FR","MDW","08:51","08:41","-10","0","0","0","0","0"
"F9","07/17/2024","3981","N341FR","SLC","11:00","10:57","-3","0","0","0","0","0"
"F9","07/17/2024","4042","N359FR","SFO","06:31","06:36","5","0","0","0","0","0"
"F9","07/17/2024","4070","N621FR","DFW","15:11","17:20","129","0","0","0","0","113"
"F9","07/17/2024","4386","N701FR","CID","11:24","11:14","-10","0","0","0","0","0"
"F9","07/17/2024","4464","N367FR","DFW","07:39","07:26","-13","0","0","0","0","0"
"F9","07/17/2024","4611","N312FR","LAS","20:59","21:11","12","0","0","0","0","0"
"F9","07/17/2024","4721","N639FR","SLC","22:38","22:30","-8","0","0","33","0","0"
"F9","07/17/2024","4753","","PHX","23:30","00:00","0","0","0","0","0","0"
"F9","07/17/2024","4794","N612FR","FAR","10:18","10:07","-11","0","0","0","0","0"
"F9","07/17/2024","4828","N232FR","MCI","09:45","09:37","-8","0","0","0","0","0"
"F9","07/17/2024","4927","N718FR","SAN","12:47","12:37","-10","0","0","0","0","0"
"F9","07/17/2024","4981","N312FR","LAS","13:55","13:47","-8","0","0","40","0","0"
"F9","07/18/2024","0686","N350FR","DCA","06:42","06:36","-6","0","0","0","0","0"
"F9","07/18/2024","0688","N326FR","DCA","12:41","12:36","-5","0","0","0","0","0"
"F9","07/18/2024","0690","","DCA","16:28","00:00","0","0","0","0","0","0"
"F9","07/18/2024","1093","N624FR","SFO","05:01","04:59","-2","0","0","0","0","0"
"F9","07/18/2024","1114","N718FR","TPA","23:59","02:06","127","9","0","0","0","100"
"F9","07/18/2024","1128","","OMA","12:52","00:00","0","0","0","0","0","0"
"F9","07/18/2024","1150","N718FR","MSP","05:01","05:05","4","0","0","0","0","0"
"F9","07/18/2024","1162","N232FR","HOU","05:22","05:12","-10","0","0","35","0","0"
"F9","07/18/2024","1175","N639FR","SEA","08:25","08:36","11","0","0","0","0","0"
"F9","07/18/2024","1261","","ONT","09:41","00:00","0","0","0","0","0","0"
"F9","07/18/2024","1280","N717FR","MIA","17:29","21:22","233","132","0","0","0","84"
"F9","07/18/2024","1324","N616FR","DFW","06:14","06:13","-1","0","0","0","0","0"
"F9","07/18/2024","1402","N371FR","BNA","08:36","08:21","-15","0","0","0","0","0"
"F9","07/18/2024","1450","N356FR","ATL","10:36","11:26","50","0","0","41","0","50"
"F9","07/18/2024","1499","N720FR","ONT","22:37","23:41","64","0","0","0","0","46"
"F9","07/18/2024","1678","N359FR","DSM","10:51","12:55","124","0","0","0","0","117"
"F9","07/18/2024","1734","N715FR","MCO","00:49","02:25","96","48","0","0","0","22"
"F9","07/18/2024","1789","N359FR","PDX","06:05","05:51","-14","0","0","0","0","0"
"F9","07/18/2024","1816","","AUS","17:10","00:00","0","0","0","0","0","0"
"F9","07/18/2024","1819","N337FR","PHX","08:51","08:50","-1","0","0","0","0","0"
"F9","07/18/2024","1864","N381FR","OKC","09:45","09:50","5","0","0","0","0","0"
"F9","07/18/2024","1918","N621FR","CLE","06:00","07:00","60","0","0","0","0","41"
"F9","07/18/2024","1993","N383FR","LAS","10:36","10:25","-11","0","0","0","0","0"
"F9","07/18/2024","2015","N612FR","LAS","06:31","06:22","-9","0","0","0","0","0"
"F9","07/18/2024","2098","","SAT","15:49","00:00","0","0","0","0","0","0"
"F9","07/18/2024","2108","N238FR","FSD","12:33","12:31","-2","0","0","0","0","0"
"F9","07/18/2024","2141","N229FR","PHX","14:50","14:37","-13","0","0","0","0","0"
"F9","07/18/2024","2261","N356FR","ELP","05:01","06:17","76","47","0","0","0","17"
"F9","07/18/2024","2348","N701FR","IND","05:06","04:58","-8","0","0","0","0","0"
"F9","07/18/2024","2349","N350FR","LAS","13:55","15:50","115","22","0","15","0","93"
"F9","07/18/2024","2360","","MSY","18:11","00:00","0","0","0","0","0","0"
"F9","07/18/2024","2382","N709FR","ORF","06:00","05:58","-2","0","0","0","0","0"
"F9","07/18/2024","2429","N612FR","LAS","17:01","20:54","233","223","0","0","0","0"
"F9","07/18/2024","2438","N381FR","RDU","15:06","16:00","54","54","0","79","0","0"
"F9","07/18/2024","2687","N232FR","PDX","22:07","23:04","57","44","0","0","0","0"
"F9","07/18/2024","2706","","BWI","07:05","00:00","0","0","0","0","0","0"
"F9","07/18/2024","2746","N624FR","TPA","12:05","12:34","29","7","0","2","0","22"
"F9","07/18/2024","2780","N324FR","MDW","07:40","07:32","-8","0","0","0","0","0"
"F9","07/18/2024","2817","N710FR","SAN","05:38","05:35","-3","0","0","0","0","0"
"F9","07/18/2024","3004","N642FR","CLT","05:11","05:07","-4","0","0","0","0","0"
"F9","07/18/2024","3138","","MIA","23:59","00:00","0","0","0","0","0","0"
"F9","07/18/2024","3155","","LAX","19:07","00:00","0","0","0","0","0","0"
"F9","07/18/2024","3162","","LGA","16:15","00:00","0","0","0","0","0","0"
"F9","07/18/2024","3174","","ORD","21:00","00:00","0","0","0","0","0","0"
"F9","07/18/2024","3230","N609FR","IAH","06:00","07:40","100","0","0","107","0","0"
"F9","07/18/2024","3266","N625FR","PHL","11:00","11:52","52","0","0","0","0","36"
"F9","07/18/2024","3276","N332FR","BMI","13:15","14:05","50","0","0","0","0","34"
"F9","07/18/2024","3286","","CVG","07:48","00:00","0","0","0","0","0","0"
"F9","07/18/2024","3294","N343FR","ATL","00:59","01:42","43","0","0","0","0","17"
"F9","07/18/2024","3302","","STL","16:45","00:00","0","0","0","0","0","0"
"F9","07/18/2024","3312","N640FR","MCO","09:00","09:17","17","0","0","0","0","0"
"F9","07/18/2024","3340","","PHL","23:59","00:00","0","0","0","0","0","0"
"F9","07/18/2024","3376","N720FR","MCI","05:55","05:41","-14","0","0","0","0","0"
"F9","07/18/2024","3421","","ELP","19:36","00:00","0","0","0","0","0","0"
"F9","07/18/2024","3439","N644FR","SFO","22:15","22:04","-11","0","0","0","0","0"
"F9","07/18/2024","3467","","PHX","21:01","00:00","0","0","0","0","0","0"
"F9","07/18/2024","3566","N616FR","DTW","12:47","13:05","18","0","0","0","0","0"
"F9","07/18/2024","3949","","LAS","22:38","00:00","0","0","0","0","0","0"
"F9","07/18/2024","3981","N326FR","SLC","11:18","11:54","36","0","0","0","0","31"
"F9","07/18/2024","4030","","SAV","16:17","00:00","0","0","0","0","0","0"
"F9","07/18/2024","4070","N719FR","DFW","15:23","15:36","13","13","0","32","0","0"
"F9","07/18/2024","4235","","SLC","22:40","00:00","0","0","0","0","0","0"
"F9","07/18/2024","4251","","SLC","17:15","00:00","0","0","0","0","0","0"
"F9","07/18/2024","4344","N238FR","XNA","06:55","07:31","36","25","0","0","0","0"
"F9","07/18/2024","4371","","SNA","16:16","00:00","0","0","0","0","0","0"
"F9","07/18/2024","4374","N609FR","PIT","13:06","15:06","120","0","0","0","0","115"
"F9","07/18/2024","4386","N710FR","CID","12:51","12:42","-9","0","0","0","0","0"
"F9","07/18/2024","4576","N709FR","CMH","15:45","15:40","-5","0","0","0","0","0"
"F9","07/18/2024","4616","","MSP","16:05","00:00","0","0","0","0","0","0"
"F9","07/18/2024","4626","N718FR","MEM","15:52","16:06","14","0","0","0","0","0"
"F9","07/18/2024","4647","","SEA","17:42","00:00","0","0","0","0","0","0"
"F9","07/18/2024","4753","","PHX","23:30","00:00","0","0","0","0","0","0"
"F9","07/18/2024","4776","N708FR","LIT","10:20","10:12","-8","0","0","0","0","0"
"F9","07/18/2024","4794","N718FR","FAR","09:15","10:42","87","0","0","0","0","77"
"F9","07/18/2024","4927","N701FR","SAN","12:37","12:26","-11","0","0","0","0","0"
"F9","07/18/2024","4967","","LAS","19:11","00:00","0","0","0","0","0","0"
"F9","07/18/2024","4989","","SAN","19:54","00:00","0","0","0","0","0","0"
"F9","07/19/2024","0686","N316FR","DCA","06:42","07:52","70","59","0","0","0","0"
"F9","07/19/2024","0688","N332FR","DCA","12:41","13:32","51","39","0","0","0","0"
"F9","07/19/2024","0690","N393FR","DCA","16:25","16:22","-3","0","0","0","0","0"
"F9","07/19/2024","0922","N381FR","MSY","18:10","18:56","46","0","0","0","0","30"
"F9","07/19/2024","1066","N713FR","GRB","14:11","13:59","-12","0","0","0","0","0"
"F9","07/19/2024","1114","N702FR","TPA","23:59","00:50","51","0","0","0","0","49"
"F9","07/19/2024","1128","N393FR","OMA","11:14","11:04","-10","0","0","0","0","0"
"F9","07/19/2024","1130","","HOU","18:03","00:00","0","0","0","0","0","0"
"F9","07/19/2024","1150","N609FR","MSP","12:28","13:26","58","8","0","0","0","35"
"F9","07/19/2024","1175","N625FR","SEA","05:06","05:10","4","0","0","0","0","0"
"F9","07/19/2024","1248","N708FR","GRR","12:56","17:54","298","14","0","0","0","280"
"F9","07/19/2024","1280","N606FR","MIA","18:59","21:00","121","7","0","0","0","101"
"F9","07/19/2024","1292","N609FR","MSP","18:54","19:46","52","0","0","0","0","42"
"F9","07/19/2024","1324","N708FR","DFW","05:30","06:01","31","15","0","0","0","0"
"F9","07/19/2024","1402","N713FR","BNA","06:31","06:30","-1","0","0","0","0","0"
"F9","07/19/2024","1439","N304FR","SLC","14:48","16:55","127","0","0","0","0","122"
"F9","07/19/2024","1450","N645FR","ATL","06:45","07:56","71","61","0","0","0","0"
"F9","07/19/2024","1499","N713FR","ONT","22:20","22:15","-5","0","0","0","0","0"
"F9","07/19/2024","1560","N379FR","MSN","05:31","07:01","90","90","0","0","0","0"
"F9","07/19/2024","1608","N711FR","MKE","16:38","16:29","-9","0","0","0","0","0"
"F9","07/19/2024","1678","N708FR","DSM","11:44","11:40","-4","0","0","0","0","0"
"F9","07/19/2024","1702","","SYR","14:11","00:00","0","0","0","0","0","0"
"F9","07/19/2024","1734","","MCO","00:49","00:00","0","0","0","0","0","0"
"F9","07/19/2024","1752","N229FR","CVG","20:24","20:33","9","9","0","7","0","0"
"F9","07/19/2024","1789","N346FR","PDX","05:06","06:22","76","62","0","0","0","0"
"F9","07/19/2024","1816","N393FR","AUS","05:01","05:32","31","16","0","0","0","0"
"F9","07/19/2024","1819","N304FR","PHX","09:05","11:26","141","109","0","0","0","19"
"F9","07/19/2024","1864","N711FR","OKC","10:53","10:47","-6","0","0","0","0","0"
"F9","07/19/2024","1918","N625FR","CLE","12:52","14:04","72","52","0","0","0","4"
"F9","07/19/2024","1993","N718FR","LAS","10:09","11:58","109","0","0","0","0","93"
"F9","07/19/2024","2015","N644FR","LAS","06:31","07:48","77","47","0","0","0","22"
"F9","07/19/2024","2105","N720FR","PHX","21:20","21:40","20","0","0","0","0","0"
"F9","07/19/2024","2108","","FSD","09:57","00:00","0","0","0","0","0","0"
"F9","07/19/2024","2141","N238FR","PHX","14:40","15:02","22","0","0","0","0","0"
"F9","07/19/2024","2148","N232FR","DFW","07:49","08:21","32","24","0","0","0","0"
"F9","07/19/2024","2261","N702FR","ELP","17:43","18:48","65","23","0","19","0","42"
"F9","07/19/2024","2348","N702FR","IND","10:05","11:21","76","0","0","0","0","63"
"F9","07/19/2024","2349","N308FR","LAS","13:55","13:45","-10","0","0","0","0","0"
"F9","07/19/2024","2356","N702FR","SAT","05:01","05:35","34","15","0","0","0","0"
"F9","07/19/2024","2374","N639FR","TYS","16:44","17:28","44","3","0","10","0","41"
"F9","07/19/2024","2429","N721FR","LAS","16:33","16:33","0","0","0","0","0","0"
"F9","07/19/2024","2438","N341FR","RDU","15:22","16:42","80","75","0","0","0","0"
"F9","07/19/2024","2454","N611FR","PNS","16:43","17:17","34","25","0","0","0","0"
"F9","07/19/2024","2687","N633FR","PDX","22:00","22:09","9","0","0","0","0","0"
"F9","07/19/2024","2746","N722FR","TPA","17:21","18:56","95","8","0","39","0","87"
"F9","07/19/2024","2752","N343FR","BUF","14:05","14:38","33","4","0","0","0","28"
"F9","07/19/2024","2817","N332FR","SAN","05:45","05:54","9","0","0","0","0","0"
"F9","07/19/2024","2907","N612FR","ONT","19:42","19:38","-4","0","0","0","0","0"
"F9","07/19/2024","3004","N719FR","CLT","05:15","05:46","31","19","0","0","0","0"
"F9","07/19/2024","3101","N346FR","MSO","12:14","12:43","29","0","0","0","0","25"
"F9","07/19/2024","3138","N624FR","MIA","23:59","00:02","3","0","0","0","0","0"
"F9","07/19/2024","3155","N312FR","LAX","19:07","20:19","72","0","0","0","0","56"
"F9","07/19/2024","3162","N316FR","LGA","16:15","16:51","36","18","0","3","0","18"
"F9","07/19/2024","3172","N379FR","ORD","20:10","22:08","118","118","0","2","0","0"
"F9","07/19/2024","3206","N709FR","IAH","18:08","18:21","13","0","0","0","0","0"
"F9","07/19/2024","3230","N343FR","IAH","07:15","07:39","24","0","0","0","0","0"
"F9","07/19/2024","3266","N639FR","PHL","06:40","07:29","49","40","0","0","0","0"
"F9","07/19/2024","3276","N710FR","BMI","11:51","12:47","56","0","0","0","0","47"
"F9","07/19/2024","3294","","ATL","00:59","00:00","0","0","0","0","0","0"
"F9","07/19/2024","3302","N701FR","STL","06:15","07:04","49","39","0","0","0","0"
"F9","07/19/2024","3312","","MCO","10:51","00:00","0","0","0","0","0","0"
"F9","07/19/2024","3340","N607FR","PHL","23:41","23:37","-4","0","0","0","0","0"
"F9","07/19/2024","3376","N720FR","MCI","05:55","06:48","53","44","0","0","0","0"
"F9","07/19/2024","3439","N644FR","SFO","22:15","22:13","-2","0","0","0","0","0"
"F9","07/19/2024","3539","N322FR","LAS","22:48","23:15","27","16","0","0","0","0"
"F9","07/19/2024","3566","N624FR","DTW","06:00","09:06","186","173","0","0","0","0"
"F9","07/19/2024","3665","N624FR","SMF","14:55","16:31","96","0","0","0","0","85"
"F9","07/19/2024","3718","N390FR","MDW","08:51","09:48","57","52","0","0","0","0"
"F9","07/19/2024","3843","N710FR","LAS","18:33","19:24","51","0","0","0","0","43"
"F9","07/19/2024","3861","N710FR","SLC","06:31","08:20","109","95","0","0","0","0"
"F9","07/19/2024","4042","N356FR","SFO","06:31","07:35","64","50","0","0","0","0"
"F9","07/19/2024","4070","N645FR","DFW","15:19","16:58","99","19","0","0","0","64"
"F9","07/19/2024","4371","N238FR","SNA","08:13","08:45","32","0","0","0","0","15"
"F9","07/19/2024","4386","N611FR","CID","10:20","10:33","13","0","0","0","0","0"
"F9","07/19/2024","4464","N332FR","DFW","21:32","22:33","61","0","0","0","0","42"
"F9","07/19/2024","4647","N644FR","SEA","12:43","13:48","65","1","0","0","0","58"
"F9","07/19/2024","4721","N645FR","SLC","22:03","23:24","81","0","0","32","0","81"
"F9","07/19/2024","4794","N379FR","FAR","12:06","13:22","76","0","0","0","0","64"
"F9","07/19/2024","4927","N381FR","SAN","11:21","12:07","46","0","0","0","0","39"
"F9","07/19/2024","4989","N346FR","SAN","19:50","19:57","7","0","0","0","0","0"
"F9","07/20/2024","0686","N233FR","DCA","06:42","06:34","-8","0","0","0","0","0"
"F9","07/20/2024","0688","N322FR","DCA","12:41","13:28","47","25","0","0","0","12"
"F9","07/20/2024","0690","N339FR","DCA","16:28","17:30","62","40","0","0","0","0"
"F9","07/20/2024","1114","N639FR","TPA","23:59","01:55","116","0","0","5","0","116"
"F9","07/20/2024","1128","N639FR","OMA","11:56","11:50","-6","0","0","0","0","0"
"F9","07/20/2024","1150","N316FR","MSP","05:06","04:57","-9","0","0","0","0","0"
"F9","07/20/2024","1162","N343FR","HOU","05:01","04:59","-2","0","0","0","0","0"
"F9","07/20/2024","1175","N723FR","SEA","16:21","16:41","20","0","0","0","0","19"
"F9","07/20/2024","1248","N326FR","GRR","13:47","14:45","58","47","0","0","0","0"
"F9","07/20/2024","1280","N388FR","MIA","18:25","18:30","5","0","0","0","0","0"
"F9","07/20/2024","1292","N709FR","MSP","18:51","19:16","25","0","0","0","0","24"
"F9","07/20/2024","1402","N639FR","BNA","17:19","18:12","53","11","0","0","0","39"
"F9","07/20/2024","1450","N316FR","ATL","11:01","10:56","-5","0","0","0","0","0"
"F9","07/20/2024","1469","N371FR","LAS","13:55","16:20","145","0","0","0","0","131"
"F9","07/20/2024","1499","N625FR","ONT","22:37","22:44","7","0","0","0","0","0"
"F9","07/20/2024","1560","N605FR","MSN","05:01","05:07","6","0","0","0","0","0"
"F9","07/20/2024","1608","N356FR","MKE","07:00","07:42","42","36","0","0","0","0"
"F9","07/20/2024","1678","N723FR","DSM","10:36","11:01","25","25","0","0","0","0"
"F9","07/20/2024","1702","N629FR","SYR","13:29","13:32","3","0","0","0","0","0"
"F9","07/20/2024","1734","N710FR","MCO","00:49","01:08","19","0","0","0","0","0"
"F9","07/20/2024","1789","N633FR","PDX","06:00","05:52","-8","0","0","0","0","0"
"F9","07/20/2024","1819","N351FR","PHX","09:05","08:55","-10","0","0","0","0","0"
"F9","07/20/2024","1864","N393FR","OKC","09:50","09:45","-5","0","0","0","0","0"
"F9","07/20/2024","1993","N702FR","LAS","10:16","10:47","31","0","0","0","0","0"
"F9","07/20/2024","2015","N713FR","LAS","05:30","05:26","-4","0","0","0","0","0"
"F9","07/20/2024","2098","N621FR","SAT","18:47","22:33","226","213","0","0","0","0"
"F9","07/20/2024","2108","N356FR","FSD","13:37","14:21","44","13","0","0","0","28"
"F9","07/20/2024","2141","N378FR","PHX","14:32","14:40","8","0","0","0","0","0"
"F9","07/20/2024","2148","N301FR","DFW","07:29","07:19","-10","0","0","0","0","0"
"F9","07/20/2024","2210","N324FR","MDW","09:41","09:29","-12","0","0","0","0","0"
"F9","07/20/2024","2261","N709FR","ELP","12:57","12:51","-6","0","0","0","0","0"
"F9","07/20/2024","2348","N625FR","IND","05:16","05:19","3","0","0","0","0","0"
"F9","07/20/2024","2356","N639FR","SAT","05:11","05:01","-10","0","0","0","0","0"
"F9","07/20/2024","2374","N343FR","TYS","12:26","12:16","-10","0","0","0","0","0"
"F9","07/20/2024","2429","N705FR","LAS","15:55","15:55","0","0","0","0","0","0"
"F9","07/20/2024","2438","N393FR","RDU","15:20","15:50","30","0","0","0","0","19"
"F9","07/20/2024","2454","N713FR","PNS","14:50","14:54","4","0","0","0","0","0"
"F9","07/20/2024","2632","N711FR","DFW","18:40","18:36","-4","0","0","0","0","0"
"F9","07/20/2024","2687","N326FR","PDX","22:07","22:29","22","0","0","0","0","0"
"F9","07/20/2024","2706","N624FR","BWI","10:58","10:45","-13","0","0","0","0","0"
"F9","07/20/2024","2746","N641FR","TPA","17:22","18:17","55","11","0","6","0","44"
"F9","07/20/2024","2752","N645FR","BUF","08:23","08:34","11","0","0","0","0","0"
"F9","07/20/2024","2817","N322FR","SAN","05:45","05:33","-12","0","0","0","0","0"
"F9","07/20/2024","2890","N605FR","AUS","18:29","18:59","30","19","0","0","0","0"
"F9","07/20/2024","3004","N609FR","CLT","05:31","05:32","1","0","0","0","0","0"
"F9","07/20/2024","3101","N645FR","MSO","17:13","17:09","-4","0","0","28","0","0"
"F9","07/20/2024","3138","N715FR","MIA","23:59","01:18","79","0","16","0","0","59"
"F9","07/20/2024","3155","N373FR","LAX","19:07","19:05","-2","0","0","0","0","0"
"F9","07/20/2024","3162","N233FR","LGA","16:15","16:05","-10","0","0","0","0","0"
"F9","07/20/2024","3172","N356FR","ORD","19:15","20:06","51","24","0","0","0","26"
"F9","07/20/2024","3230","N621FR","IAH","05:06","06:27","81","69","0","0","0","0"
"F9","07/20/2024","3266","N719FR","PHL","06:45","06:54","9","0","0","0","0","0"
"F9","07/20/2024","3286","N706FR","CVG","05:38","05:33","-5","0","0","0","0","0"
"F9","07/20/2024","3294","N359FR","ATL","00:59","01:28","29","0","0","0","0","0"
"F9","07/20/2024","3302","N644FR","STL","06:15","06:09","-6","0","0","0","0","0"
"F9","07/20/2024","3312","N710FR","MCO","10:46","10:43","-3","0","0","0","0","0"
"F9","07/20/2024","3340","N611FR","PHL","23:59","00:39","40","33","0","0","0","0"
"F9","07/20/2024","3405","N303FR","SEA","19:26","19:35","9","0","0","0","0","0"
"F9","07/20/2024","3443","N322FR","SFO","22:25","00:50","145","0","0","0","0","123"
"F9","07/20/2024","3467","N719FR","PHX","16:53","16:49","-4","0","0","0","0","0"
"F9","07/20/2024","3539","N351FR","LAS","23:00","23:55","55","0","0","0","0","33"
"F9","07/20/2024","3566","N633FR","DTW","12:31","13:30","59","7","0","2","0","52"
"F9","07/20/2024","3665","N383FR","SMF","12:11","12:15","4","0","0","0","0","0"
"F9","07/20/2024","3981","N339FR","SLC","11:14","11:05","-9","0","0","0","0","0"
"F9","07/20/2024","4042","N358FR","SFO","06:31","06:28","-3","0","0","0","0","0"
"F9","07/20/2024","4053","N341FR","SAN","10:55","11:35","40","0","0","0","0","26"
"F9","07/20/2024","4070","N605FR","DFW","11:53","11:55","2","0","0","0","0","0"
"F9","07/20/2024","4235","N624FR","SLC","23:08","00:17","69","56","0","0","0","0"
"F9","07/20/2024","4344","N709FR","XNA","07:00","06:51","-9","0","0","0","0","0"
"F9","07/20/2024","4371","N326FR","SNA","07:00","06:52","-8","0","0","0","0","0"
"F9","07/20/2024","4386","N711FR","CID","12:26","12:16","-10","0","0","0","0","0"
"F9","07/20/2024","4611","N378FR","LAS","21:00","20:51","-9","0","0","0","0","0"
"F9","07/20/2024","4638","N364FR","CLE","17:57","19:50","113","0","0","0","0","93"
"F9","07/20/2024","4721","N343FR","SLC","20:10","22:17","127","0","0","138","0","15"
"F9","07/20/2024","4753","N380FR","PHX","23:30","00:32","62","6","0","0","0","50"
"F9","07/20/2024","4794","N612FR","FAR","09:20","09:11","-9","0","0","0","0","0"
"F9","07/20/2024","4856","N612FR","IAH","17:50","17:44","-6","0","0","31","0","0"
"F9","07/20/2024","4927","N625FR","SAN","12:55","13:12","17","17","0","26","0","0"
"F9","07/21/2024","0686","N328FR","DCA","06:42","06:34","-8","0","0","0","0","0"
"F9","07/21/2024","0688","N379FR","DCA","12:41","13:47","66","0","0","0","0","66"
"F9","07/21/2024","0690","N233FR","DCA","16:25","19:43","198","0","0","0","0","186"
"F9","07/21/2024","0922","N303FR","MSY","18:17","19:44","87","0","0","0","0","82"
"F9","07/21/2024","1093","N609FR","SFO","05:11","05:57","46","31","0","0","0","0"
"F9","07/21/2024","1114","N610FR","TPA","23:59","23:58","-1","0","0","0","0","0"
"F9","07/21/2024","1128","N624FR","OMA","08:29","08:16","-13","0","0","0","0","0"
"F9","07/21/2024","1150","N706FR","MSP","05:06","04:57","-9","0","0","0","0","0"
"F9","07/21/2024","1162","N303FR","HOU","05:41","05:31","-10","0","0","0","0","0"
"F9","07/21/2024","1175","N625FR","SEA","06:15","07:01","46","16","0","0","0","7"
"F9","07/21/2024","1228","N326FR","MDW","18:34","19:19","45","6","0","0","0","31"
"F9","07/21/2024","1261","N706FR","ONT","11:25","11:43","18","18","0","24","0","0"
"F9","07/21/2024","1280","N606FR","MIA","18:59","19:45","46","11","0","0","0","34"
"F9","07/21/2024","1375","N233FR","PHX","05:11","08:24","193","190","0","0","0","0"
"F9","07/21/2024","1402","N368FR","BNA","08:36","08:31","-5","0","0","0","0","0"
"F9","07/21/2024","1450","N367FR","ATL","10:36","10:28","-8","0","0","0","0","0"
"F9","07/21/2024","1499","N624FR","ONT","22:40","22:32","-8","0","0","0","0","0"
"F9","07/21/2024","1560","N605FR","MSN","06:00","05:52","-8","0","0","0","0","0"
"F9","07/21/2024","1678","N233FR","DSM","10:54","14:30","216","1","0","2","0","215"
"F9","07/21/2024","1734","N358FR","MCO","00:49","01:52","63","0","0","0","0","32"
"F9","07/21/2024","1789","N351FR","PDX","06:05","06:35","30","0","0","0","0","16"
"F9","07/21/2024","1816","N390FR","AUS","16:49","18:22","93","1","0","17","0","92"
"F9","07/21/2024","1819","N380FR","PHX","08:51","08:38","-13","0","0","0","0","0"
"F9","07/21/2024","1864","N339FR","OKC","09:57","09:48","-9","0","0","0","0","0"
"F9","07/21/2024","1918","N612FR","CLE","06:00","06:25","25","0","0","0","0","0"
"F9","07/21/2024","1993","N383FR","LAS","10:59","10:47","-12","0","0","0","0","0"
"F9","07/21/2024","2015","N719FR","LAS","06:31","06:26","-5","0","0","0","0","0"
"F9","07/21/2024","2108","N606FR","FSD","13:09","14:06","57","0","0","0","0","53"
"F9","07/21/2024","2141","N382FR","PHX","14:50","15:19","29","15","0","12","0","14"
"F9","07/21/2024","2348","N645FR","IND","07:05","07:01","-4","0","0","0","0","0"
"F9","07/21/2024","2349","N354FR","LAS","13:55","14:50","55","0","0","0","0","46"
"F9","07/21/2024","2382","","ORF","12:51","00:00","0","0","0","0","0","0"
"F9","07/21/2024","2429","N723FR","LAS","17:01","17:59","58","58","0","6","0","0"
"F9","07/21/2024","2438","N339FR","RDU","15:22","15:22","0","0","0","0","0","0"
"F9","07/21/2024","2687","N379FR","PDX","22:16","22:36","20","0","0","0","0","0"
"F9","07/21/2024","2706","N609FR","BWI","12:34","12:56","22","0","0","0","0","0"
"F9","07/21/2024","2746","N625FR","TPA","14:12","14:11","-1","0","0","0","0","0"
"F9","07/21/2024","3004","N713FR","CLT","05:01","05:29","28","0","0","0","0","0"
"F9","07/21/2024","3138","N719FR","MIA","23:59","00:10","11","0","0","0","0","0"
"F9","07/21/2024","3155","N329FR","LAX","19:07","20:18","71","24","0","18","0","47"
"F9","07/21/2024","3162","N629FR","LGA","16:15","17:21","66","3","0","0","0","58"
"F9","07/21/2024","3174","N368FR","ORD","21:00","21:04","4","0","0","0","0","0"
"F9","07/21/2024","3230","","IAH","05:01","00:00","0","0","0","0","0","0"
"F9","07/21/2024","3266","N604FR","PHL","10:55","12:41","106","30","0","14","0","76"
"F9","07/21/2024","3276","N351FR","BMI","13:15","13:49","34","0","0","0","0","29"
"F9","07/21/2024","3286","N322FR","CVG","07:48","07:51","3","0","0","0","0","0"
"F9","07/21/2024","3294","N334FR","ATL","00:59","03:25","146","117","0","0","0","23"
"F9","07/21/2024","3302","","STL","09:00","00:00","0","0","0","0","0","0"
"F9","07/21/2024","3312","","MCO","09:00","00:00","0","0","0","0","0","0"
"F9","07/21/2024","3340","N646FR","PHL","23:59","00:43","44","0","0","0","0","41"
"F9","07/21/2024","3376","N711FR","MCI","05:55","05:51","-4","0","0","0","0","0"
"F9","07/21/2024","3421","N715FR","ELP","19:25","21:07","102","0","0","0","0","99"
"F9","07/21/2024","3439","N609FR","SFO","22:15","22:29","14","0","0","0","0","0"
"F9","07/21/2024","3467","N387FR","PHX","21:01","21:50","49","0","0","0","0","40"
"F9","07/21/2024","3566","N605FR","DTW","12:32","12:30","-2","0","0","0","0","0"
"F9","07/21/2024","3708","N621FR","SAT","18:39","19:25","46","0","0","0","0","35"
"F9","07/21/2024","3981","N393FR","SLC","11:14","13:20","126","126","0","10","0","0"
"F9","07/21/2024","4030","N645FR","SAV","14:29","15:12","43","0","0","0","0","43"
"F9","07/21/2024","4070","N709FR","DFW","13:58","15:22","84","0","0","73","0","8"
"F9","07/21/2024","4251","N626FR","SLC","17:15","20:10","175","39","0","20","0","136"
"F9","07/21/2024","4344","N621FR","XNA","12:32","12:30","-2","0","0","0","0","0"
"F9","07/21/2024","4371","N328FR","SNA","15:17","15:39","22","0","0","0","0","17"
"F9","07/21/2024","4374","N624FR","PIT","13:46","13:42","-4","0","0","0","0","0"
"F9","07/21/2024","4386","N303FR","CID","12:28","12:36","8","8","0","7","0","0"
"F9","07/21/2024","4464","N709FR","DFW","07:30","07:33","3","3","0","15","0","0"
"F9","07/21/2024","4576","N393FR","CMH","16:01","18:10","129","0","0","34","0","129"
"F9","07/21/2024","4616","N317FR","MSP","16:13","17:05","52","2","0","0","0","49"
"F9","07/21/2024","4626","N606FR","MEM","06:00","05:55","-5","0","0","0","0","0"
"F9","07/21/2024","4647","N370FR","SEA","15:54","16:32","38","0","0","0","0","24"
"F9","07/21/2024","4721","N328FR","SLC","22:04","22:44","40","24","0","0","0","6"
"F9","07/21/2024","4753","N370FR","PHX","23:30","23:32","2","0","0","0","0","0"
"F9","07/21/2024","4776","N715FR","LIT","10:18","14:13","235","0","0","0","0","222"
"F9","07/21/2024","4794","N621FR","FAR","06:31","07:02","31","21","0","0","0","0"
"F9","07/21/2024","4856","N706FR","IAH","18:38","18:35","-3","0","0","22","0","0"
"F9","07/21/2024","4927","N719FR","SAN","12:21","17:10","289","0","0","0","0","271"
"F9","07/21/2024","4967","","LAS","19:13","00:00","0","0","0","0","0","0"
"F9","07/21/2024","4989","N331FR","SAN","19:54","20:58","64","0","0","0","0","51"
"F9","07/22/2024","0686","N351FR","DCA","06:42","06:42","0","0","0","0","0","0"
"F9","07/22/2024","0688","N343FR","DCA","12:41","12:43","2","2","0","16","0","0"
"F9","07/22/2024","0690","N339FR","DCA","16:28","16:54","26","23","0","0","0","0"
"F9","07/22/2024","1066","N604FR","GRB","11:41","11:34","-7","0","0","0","0","0"
"F9","07/22/2024","1114","N615FR","TPA","23:59","01:42","103","0","0","0","0","83"
"F9","07/22/2024","1128","N650FR","OMA","16:45","19:42","177","3","0","1","0","174"
"F9","07/22/2024","1150","N629FR","MSP","12:26","12:17","-9","0","0","0","0","0"
"F9","07/22/2024","1162","N344FR","HOU","08:13","08:13","0","0","0","0","0","0"
"F9","07/22/2024","1175","N343FR","SEA","05:15","05:15","0","0","0","0","0","0"
"F9","07/22/2024","1248","N718FR","GRR","13:06","15:03","117","108","0","4","0","9"
"F9","07/22/2024","1280","N606FR","MIA","18:59","20:13","74","0","0","0","0","53"
"F9","07/22/2024","1292","N609FR","MSP","18:53","21:44","171","0","0","0","0","150"
"F9","07/22/2024","1324","N706FR","DFW","05:30","05:24","-6","0","0","0","0","0"
"F9","07/22/2024","1402","N713FR","BNA","06:50","06:45","-5","0","0","0","0","0"
"F9","07/22/2024","1439","N304FR","SLC","14:48","14:44","-4","0","0","0","0","0"
"F9","07/22/2024","1450","N711FR","ATL","06:45","06:46","1","0","0","0","0","0"
"F9","07/22/2024","1499","N612FR","ONT","22:30","22:27","-3","0","0","0","0","0"
"F9","07/22/2024","1560","N303FR","MSN","05:06","04:56","-10","0","0","0","0","0"
"F9","07/22/2024","1608","N604FR","MKE","16:57","18:50","113","13","0","0","0","90"
"F9","07/22/2024","1678","N723FR","DSM","09:35","09:25","-10","0","0","0","0","0"
"F9","07/22/2024","1702","N624FR","SYR","14:56","14:53","-3","0","0","0","0","0"
"F9","07/22/2024","1734","N636FR","MCO","00:49","00:42","-7","0","0","0","0","0"
"F9","07/22/2024","1789","N609FR","PDX","06:40","06:32","-8","0","0","0","0","0"
"F9","07/22/2024","1816","N604FR","AUS","05:01","05:03","2","0","0","0","0","0"
"F9","07/22/2024","1819","N380FR","PHX","09:05","08:54","-11","0","0","0","0","0"
"F9","07/22/2024","1864","N626FR","OKC","05:01","04:52","-9","0","0","0","0","0"
"F9","07/22/2024","1993","N642FR","LAS","10:09","09:59","-10","0","0","0","0","0"
"F9","07/22/2024","2015","N230FR","LAS","06:31","06:25","-6","0","0","0","0","0"
"F9","07/22/2024","2098","N629FR","SAT","18:41","18:40","-1","0","0","0","0","0"
"F9","07/22/2024","2105","N720FR","PHX","21:15","21:05","-10","0","0","0","0","0"
"F9","07/22/2024","2108","N339FR","FSD","11:15","10:58","-17","0","0","0","0","0"
"F9","07/22/2024","2141","N344FR","PHX","14:40","16:45","125","28","0","0","0","92"
"F9","07/22/2024","2148","N393FR","DFW","07:49","08:15","26","23","0","0","0","0"
"F9","07/22/2024","2348","N610FR","IND","11:00","10:56","-4","0","0","0","0","0"
"F9","07/22/2024","2349","N322FR","LAS","13:55","14:03","8","0","0","0","0","0"
"F9","07/22/2024","2374","N705FR","TYS","16:48","16:44","-4","0","0","0","0","0"
"F9","07/22/2024","2421","N380FR","SAN","15:37","15:36","-1","0","0","0","0","0"
"F9","07/22/2024","2429","N719FR","LAS","16:33","19:00","147","54","0","0","0","78"
"F9","07/22/2024","2438","N233FR","RDU","15:06","14:57","-9","0","0","0","0","0"
"F9","07/22/2024","2454","N645FR","PNS","16:10","16:10","0","0","0","0","0","0"
"F9","07/22/2024","2687","N650FR","PDX","22:10","00:42","152","0","0","0","0","140"
"F9","07/22/2024","2746","N625FR","TPA","17:22","17:22","0","0","0","0","0","0"
"F9","07/22/2024","2752","N706FR","BUF","12:36","12:27","-9","0","0","0","0","0"
"F9","07/22/2024","2817","N645FR","SAN","06:45","06:42","-3","0","0","0","0","0"
"F9","07/22/2024","2907","N626FR","ONT","17:23","17:17","-6","0","0","0","0","0"
"F9","07/22/2024","3004","N621FR","CLT","05:31","05:27","-4","0","0","0","0","0"
"F9","07/22/2024","3101","N626FR","MSO","10:53","10:38","-15","0","0","0","0","0"
"F9","07/22/2024","3138","N713FR","MIA","23:59","00:08","9","0","0","0","0","0"
"F9","07/22/2024","3155","N358FR","LAX","19:07","19:37","30","30","0","17","0","0"
"F9","07/22/2024","3162","N351FR","LGA","16:15","17:31","76","0","0","76","0","0"
"F9","07/22/2024","3172","N328FR","ORD","20:05","20:09","4","0","0","0","0","0"
"F9","07/22/2024","3206","N713FR","IAH","14:26","14:41","15","15","0","87","0","0"
"F9","07/22/2024","3230","N629FR","IAH","05:11","05:07","-4","0","0","0","0","0"
"F9","07/22/2024","3266","N709FR","PHL","06:41","06:35","-6","0","0","0","0","0"
"F9","07/22/2024","3286","N715FR","CVG","05:33","05:34","1","0","0","0","0","0"
"F9","07/22/2024","3294","N312FR","ATL","00:59","00:52","-7","0","0","0","0","0"
"F9","07/22/2024","3302","N722FR","STL","06:15","06:07","-8","0","0","0","0","0"
"F9","07/22/2024","3312","N605FR","MCO","10:46","10:44","-2","0","0","0","0","0"
"F9","07/22/2024","3340","N646FR","PHL","23:00","22:55","-5","0","0","0","0","0"
"F9","07/22/2024","3376","N233FR","MCI","09:45","09:43","-2","0","0","0","0","0"
"F9","07/22/2024","3405","N609FR","SEA","14:05","13:56","-9","0","0","0","0","0"
"F9","07/22/2024","3421","N230FR","ELP","18:59","19:20","21","0","0","0","0","0"
"F9","07/22/2024","3439","N715FR","SFO","22:15","23:11","56","0","0","0","0","47"
"F9","07/22/2024","3566","N624FR","DTW","06:41","06:37","-4","0","0","0","0","0"
"F9","07/22/2024","3667","N303FR","SMF","11:50","11:39","-11","0","0","0","0","0"
"F9","07/22/2024","3718","N316FR","MDW","08:51","08:45","-6","0","0","19","0","0"
"F9","07/22/2024","3843","N610FR","LAS","18:42","18:43","1","0","0","0","0","0"
"F9","07/22/2024","3861","N326FR","SLC","06:31","06:22","-9","0","0","0","0","0"
"F9","07/22/2024","4042","N379FR","SFO","06:31","06:27","-4","0","0","0","0","0"
"F9","07/22/2024","4070","N711FR","DFW","15:19","17:48","149","138","0","0","0","0"
"F9","07/22/2024","4371","N230FR","SNA","12:22","12:20","-2","0","0","0","0","0"
"F9","07/22/2024","4386","N705FR","CID","10:20","10:18","-2","0","0","0","0","0"
"F9","07/22/2024","4464","N343FR","DFW","21:22","23:45","143","0","0","0","0","126"
"F9","07/22/2024","4721","N711FR","SLC","22:03","00:16","133","0","0","0","0","128"
"F9","07/22/2024","4753","N370FR","PHX","23:25","00:02","37","0","0","0","0","29"
"F9","07/22/2024","4794","N719FR","FAR","10:53","11:56","63","0","0","0","0","55"
"F9","07/22/2024","4856","N326FR","IAH","18:06","18:14","8","4","0","44","0","4"
"F9","07/22/2024","4917","N723FR","SJC","15:26","15:23","-3","0","0","0","0","0"
"F9","07/22/2024","4927","N326FR","SAN","11:24","11:55","31","0","0","0","0","0"
"F9","07/22/2024","4989","N303FR","SAN","19:54","20:13","19","0","0","0","0","0"
"F9","07/23/2024","0686","N351FR","DCA","06:42","06:43","1","0","0","0","0","0"
"F9","07/23/2024","0688","N334FR","DCA","12:41","12:39","-2","0","0","0","0","0"
"F9","07/23/2024","0690","N233FR","DCA","16:25","16:50","25","0","0","0","0","0"
"F9","07/23/2024","1093","N334FR","SFO","05:25","05:21","-4","0","0","0","0","0"
"F9","07/23/2024","1114","N713FR","TPA","23:59","00:01","2","0","0","0","0","0"
"F9","07/23/2024","1128","N612FR","OMA","13:00","12:51","-9","0","0","0","0","0"
"F9","07/23/2024","1175","N715FR","SEA","06:36","06:47","11","0","0","0","0","0"
"F9","07/23/2024","1228","N370FR","MDW","17:26","18:00","34","0","0","4","0","34"
"F9","07/23/2024","1261","N612FR","ONT","06:10","06:13","3","0","0","0","0","0"
"F9","07/23/2024","1282","N603FR","MIA","16:21","16:24","3","0","0","0","0","0"
"F9","07/23/2024","1375","N709FR","PHX","05:01","04:55","-6","0","0","0","0","0"
"F9","07/23/2024","1402","N301FR","BNA","08:36","08:26","-10","0","0","0","0","0"
"F9","07/23/2024","1450","N230FR","ATL","06:51","06:50","-1","0","0","0","0","0"
"F9","07/23/2024","1499","N701FR","ONT","22:40","22:34","-6","0","0","0","0","0"
"F9","07/23/2024","1734","N645FR","MCO","00:49","00:53","4","0","0","0","0","0"
"F9","07/23/2024","1789","N629FR","PDX","05:06","05:04","-2","0","0","0","0","0"
"F9","07/23/2024","1816","N701FR","AUS","05:01","05:40","39","39","0","3","0","0"
"F9","07/23/2024","1864","N706FR","OKC","14:45","14:39","-6","0","0","0","0","0"
"F9","07/23/2024","1918","N609FR","CLE","06:00","05:53","-7","0","0","0","0","0"
"F9","07/23/2024","1993","N650FR","LAS","09:30","09:30","0","0","0","0","0","0"
"F9","07/23/2024","2015","N310FR","LAS","07:15","07:00","-15","0","0","0","0","0"
"F9","07/23/2024","2141","N344FR","PHX","14:50","14:36","-14","0","0","0","0","0"
"F9","07/23/2024","2148","N317FR","DFW","09:10","09:00","-10","0","0","0","0","0"
"F9","07/23/2024","2261","N711FR","ELP","08:25","08:25","0","0","0","0","0","0"
"F9","07/23/2024","2348","N316FR","IND","09:15","09:06","-9","0","0","0","0","0"
"F9","07/23/2024","2349","N322FR","LAS","13:55","13:58","3","0","0","0","0","0"
"F9","07/23/2024","2360","N612FR","MSY","17:49","18:36","47","0","0","0","0","26"
"F9","07/23/2024","2382","N629FR","ORF","12:36","12:42","6","0","0","0","0","0"
"F9","07/23/2024","2429","N646FR","LAS","15:55","16:15","20","0","0","0","0","0"
"F9","07/23/2024","2438","N230FR","RDU","15:20","15:24","4","0","0","0","0","0"
"F9","07/23/2024","2632","N604FR","DFW","18:28","18:35","7","0","0","0","0","0"
"F9","07/23/2024","2687","N334FR","PDX","22:16","22:08","-8","0","0","0","0","0"
"F9","07/23/2024","2706","N711FR","BWI","14:17","14:09","-8","0","0","0","0","0"
"F9","07/23/2024","2817","N626FR","SAN","06:45","07:41","56","56","0","13","0","0"
"F9","07/23/2024","2946","N369FR","MDW","13:46","13:38","-8","0","0","0","0","0"
"F9","07/23/2024","3004","N717FR","CLT","05:11","05:04","-7","0","0","15","0","0"
"F9","07/23/2024","3138","N622FR","MIA","23:59","00:13","14","12","0","2","0","2"
"F9","07/23/2024","3155","N310FR","LAX","19:07","19:58","51","0","0","0","0","38"
"F9","07/23/2024","3162","N351FR","LGA","16:15","16:28","13","0","0","0","0","0"
"F9","07/23/2024","3174","N301FR","ORD","21:00","21:11","11","0","0","0","0","0"
"F9","07/23/2024","3206","N326FR","IAH","08:36","08:31","-5","0","0","29","0","0"
"F9","07/23/2024","3266","N701FR","PHL","10:55","11:49","54","0","0","0","0","41"
"F9","07/23/2024","3276","N310FR","BMI","13:13","12:57","-16","0","0","0","0","0"
"F9","07/23/2024","3286","N379FR","CVG","07:48","07:47","-1","0","0","0","0","0"
"F9","07/23/2024","3294","N640FR","ATL","00:59","01:19","20","0","0","0","0","19"
"F9","07/23/2024","3302","N335FR","STL","11:41","11:31","-10","0","0","0","0","0"
"F9","07/23/2024","3312","N613FR","MCO","10:21","10:10","-11","0","0","0","0","0"
"F9","07/23/2024","3340","N704FR","PHL","23:59","00:42","43","37","0","0","0","0"
"F9","07/23/2024","3376","N723FR","MCI","05:35","05:37","2","0","0","0","0","0"
"F9","07/23/2024","3405","N639FR","SEA","17:41","17:33","-8","0","0","0","0","0"
"F9","07/23/2024","3439","N723FR","SFO","22:14","00:23","129","0","0","0","0","108"
"F9","07/23/2024","3467","N354FR","PHX","20:12","19:56","-16","0","0","0","0","0"
"F9","07/23/2024","3566","N605FR","DTW","12:31","12:38","7","7","0","20","0","0"
"F9","07/23/2024","3981","N233FR","SLC","11:14","11:35","21","0","0","0","0","0"
"F9","07/23/2024","4030","N624FR","SAV","15:52","16:12","20","0","0","0","0","0"
"F9","07/23/2024","4070","N713FR","DFW","12:37","12:27","-10","0","0","0","0","0"
"F9","07/23/2024","4235","N380FR","SLC","22:36","22:49","13","0","0","0","0","0"
"F9","07/23/2024","4344","N604FR","XNA","11:46","11:36","-10","0","0","0","0","0"
"F9","07/23/2024","4371","N316FR","SNA","18:34","18:21","-13","0","0","0","0","0"
"F9","07/23/2024","4374","N706FR","PIT","06:00","06:26","26","19","0","0","0","0"
"F9","07/23/2024","4544","N709FR","CID","18:03","18:01","-2","0","0","0","0","0"
"F9","07/23/2024","4576","N715FR","CMH","14:44","15:13","29","0","0","0","0","0"
"F9","07/23/2024","4616","N343FR","MSP","15:15","15:19","4","0","0","0","0","0"
"F9","07/23/2024","4626","N380FR","MEM","15:43","15:41","-2","0","0","0","0","0"
"F9","07/23/2024","4721","N335FR","SLC","18:00","18:08","8","0","0","0","0","0"
"F9","07/23/2024","4753","N364FR","PHX","23:30","01:40","130","0","0","13","0","130"
"F9","07/23/2024","4776","N639FR","LIT","10:40","10:32","-8","0","0","0","0","0"
"F9","07/23/2024","4794","N339FR","FAR","09:55","09:45","-10","0","0","0","0","0"
"F9","07/23/2024","4917","N626FR","SJC","16:14","16:35","21","0","0","0","0","16"
"F9","07/23/2024","4927","N709FR","SAN","11:01","10:53","-8","0","0","0","0","0"
"F9","07/23/2024","4967","N339FR","LAS","18:22","18:11","-11","0","0","0","0","0"
"F9","07/23/2024","4989","N303FR","SAN","19:54","19:47","-7","0","0","0","0","0"
"F9","07/24/2024","0686","N384FR","DCA","06:42","06:40","-2","0","0","0","0","0"
"F9","07/24/2024","0688","N230FR","DCA","12:41","12:47","6","0","0","0","0","0"
"F9","07/24/2024","0690","N232FR","DCA","16:25","17:31","66","3","0","0","0","37"
"F9","07/24/2024","1066","N701FR","GRB","09:15","09:10","-5","0","0","0","0","0"
"F9","07/24/2024","1114","N637FR","TPA","23:59","00:16","17","0","0","0","0","0"
"F9","07/24/2024","1128","N232FR","OMA","11:22","12:10","48","0","0","0","0","39"
"F9","07/24/2024","1130","N351FR","HOU","18:20","18:52","32","0","0","0","0","26"
"F9","07/24/2024","1150","N706FR","MSP","05:06","05:15","9","0","0","0","0","0"
"F9","07/24/2024","1175","N629FR","SEA","05:01","05:35","34","23","0","0","0","0"
"F9","07/24/2024","1248","N605FR","GRR","13:52","13:54","2","2","0","21","0","0"
"F9","07/24/2024","1261","N334FR","ONT","06:00","07:29","89","70","0","0","0","0"
"F9","07/24/2024","1282","N603FR","MIA","18:55","19:57","62","0","0","0","0","44"
"F9","07/24/2024","1292","N622FR","MSP","18:51","20:18","87","0","0","0","0","72"
"F9","07/24/2024","1402","N380FR","BNA","08:13","08:12","-1","0","0","0","0","0"
"F9","07/24/2024","1450","N723FR","ATL","06:36","08:05","89","46","0","0","0","32"
"F9","07/24/2024","1499","N640FR","ONT","22:20","22:20","0","0","0","0","0","0"
"F9","07/24/2024","1560","N351FR","MSN","12:16","12:14","-2","0","0","0","0","0"
"F9","07/24/2024","1608","N351FR","MKE","05:20","05:10","-10","0","0","0","0","0"
"F9","07/24/2024","1678","N712FR","DSM","12:26","13:17","51","0","0","0","0","47"
"F9","07/24/2024","1702","N233FR","SYR","15:05","15:55","50","0","0","0","0","32"
"F9","07/24/2024","1734","N709FR","MCO","00:49","02:07","78","61","0","0","0","0"
"F9","07/24/2024","1789","N232FR","PDX","05:06","04:59","-7","0","0","0","0","0"
"F9","07/24/2024","1816","N626FR","AUS","05:01","05:06","5","0","0","0","0","0"
"F9","07/24/2024","1819","N378FR","PHX","09:00","09:31","31","5","0","0","0","17"
"F9","07/24/2024","1918","N622FR","CLE","11:07","11:11","4","0","0","0","0","0"
"F9","07/24/2024","1993","N705FR","LAS","06:00","06:47","47","42","0","0","0","0"
"F9","07/24/2024","2015","N358FR","LAS","09:59","09:50","-9","0","0","0","0","0"
"F9","07/24/2024","2105","N383FR","PHX","20:05","19:58","-7","0","0","0","0","0"
"F9","07/24/2024","2108","N705FR","FSD","12:47","12:45","-2","0","0","26","0","0"
"F9","07/24/2024","2141","N303FR","PHX","14:40","14:29","-11","0","0","0","0","0"
"F9","07/24/2024","2148","","DFW","09:45","00:00","0","0","0","0","0","0"
"F9","07/24/2024","2348","N715FR","IND","06:31","07:05","34","27","0","0","0","0"
"F9","07/24/2024","2374","N715FR","TYS","13:57","14:24","27","0","0","0","0","0"
"F9","07/24/2024","2421","N711FR","SAN","16:40","17:14","34","0","0","0","0","0"
"F9","07/24/2024","2429","N612FR","LAS","15:55","16:56","61","0","0","0","0","52"
"F9","07/24/2024","2438","N384FR","RDU","15:55","16:04","9","9","0","58","0","0"
"F9","07/24/2024","2454","N701FR","PNS","16:23","16:33","10","0","0","0","0","0"
"F9","07/24/2024","2577","N380FR","SNA","15:30","15:53","23","16","0","0","0","0"
"F9","07/24/2024","2632","N722FR","DFW","18:36","18:58","22","0","0","0","0","0"
"F9","07/24/2024","2687","N626FR","PDX","22:16","23:34","78","73","0","0","0","0"
"F9","07/24/2024","2746","N228FR","TPA","17:59","17:56","-3","0","0","0","0","0"
"F9","07/24/2024","2752","N637FR","BUF","12:15","15:33","198","0","0","0","0","185"
"F9","07/24/2024","2817","N612FR","SAN","06:45","07:11","26","0","0","0","0","0"
"F9","07/24/2024","3004","N624FR","CLT","05:01","05:22","21","15","0","0","0","0"
"F9","07/24/2024","3101","N334FR","MSO","12:16","13:10","54","0","0","0","0","45"
"F9","07/24/2024","3138","N636FR","MIA","23:46","01:22","96","1","0","6","0","95"
"F9","07/24/2024","3155","N304FR","LAX","19:07","19:35","28","18","0","0","0","0"
"F9","07/24/2024","3162","N607FR","LGA","16:15","17:36","81","0","0","94","0","0"
"F9","07/24/2024","3172","N364FR","ORD","20:10","20:05","-5","0","0","0","0","0"
"F9","07/24/2024","3228","N616FR","IAH","11:41","12:28","47","26","0","0","0","0"
"F9","07/24/2024","3266","N607FR","PHL","06:05","05:55","-10","0","0","0","0","0"
"F9","07/24/2024","3286","N717FR","CVG","05:33","06:20","47","34","0","0","0","0"
"F9","07/24/2024","3294","N322FR","ATL","00:59","02:29","90","69","0","0","0","0"
"F9","07/24/2024","3302","N639FR","STL","06:15","06:45","30","21","0","0","0","0"
"F9","07/24/2024","3312","N706FR","MCO","11:10","11:23","13","0","0","0","0","0"
"F9","07/24/2024","3340","N624FR","PHL","23:56","00:46","50","0","0","0","0","37"
"F9","07/24/2024","3405","N370FR","SEA","18:47","20:21","94","0","0","0","0","76"
"F9","07/24/2024","3421","N712FR","ELP","18:09","18:40","31","0","0","0","0","0"
"F9","07/24/2024","3439","N715FR","SFO","22:15","22:03","-12","0","0","0","0","0"
"F9","07/24/2024","3566","N629FR","DTW","16:22","18:22","120","120","0","11","0","0"
"F9","07/24/2024","3665","N711FR","SMF","09:30","09:28","-2","0","0","0","0","0"
"F9","07/24/2024","3708","N705FR","SAT","17:42","18:44","62","0","0","0","0","38"
"F9","07/24/2024","3718","N381FR","MDW","08:51","09:26","35","0","0","19","0","35"
"F9","07/24/2024","3981","N354FR","SLC","11:00","10:54","-6","0","0","0","0","0"
"F9","07/24/2024","4042","N382FR","SFO","06:31","06:26","-5","0","0","0","0","0"
"F9","07/24/2024","4048","N339FR","LAS","13:55","13:55","0","0","0","0","0","0"
"F9","07/24/2024","4070","N640FR","DFW","15:11","15:52","41","0","0","0","0","27"
"F9","07/24/2024","4386","N722FR","CID","11:24","11:15","-9","0","0","0","0","0"
"F9","07/24/2024","4464","N238FR","DFW","07:39","07:36","-3","0","0","0","0","0"
"F9","07/24/2024","4611","N328FR","LAS","20:59","21:58","59","0","0","0","0","50"
"F9","07/24/2024","4721","N718FR","SLC","22:38","22:35","-3","0","0","0","0","0"
"F9","07/24/2024","4753","N316FR","PHX","23:30","01:28","118","0","0","0","0","108"
"F9","07/24/2024","4794","N316FR","FAR","10:18","10:15","-3","0","0","0","0","0"
"F9","07/24/2024","4828","N233FR","MCI","09:45","10:30","45","43","0","0","0","0"
"F9","07/24/2024","4917","N316FR","SJC","16:14","16:03","-11","0","0","0","0","0"
"F9","07/25/2024","0686","","DCA","06:42","00:00","0","0","0","0","0","0"
"F9","07/25/2024","0688","N715FR","DCA","12:41","12:49","8","0","0","0","0","0"
"F9","07/25/2024","0690","N384FR","DCA","16:28","16:36","8","0","0","0","0","0"
"F9","07/25/2024","1114","N631FR","TPA","23:59","23:58","-1","0","0","34","0","0"
"F9","07/25/2024","1128","N712FR","OMA","12:52","13:41","49","49","0","14","0","0"
"F9","07/25/2024","1150","N650FR","MSP","05:01","07:22","141","135","0","0","0","0"
"F9","07/25/2024","1162","N334FR","HOU","05:22","05:37","15","15","0","3","0","0"
"F9","07/25/2024","1175","N718FR","SEA","08:25","08:37","12","0","0","0","0","0"
"F9","07/25/2024","1228","N381FR","MDW","18:34","19:01","27","15","0","0","0","0"
"F9","07/25/2024","1261","N380FR","ONT","09:41","09:37","-4","0","0","0","0","0"
"F9","07/25/2024","1280","N606FR","MIA","17:42","17:47","5","0","0","0","0","0"
"F9","07/25/2024","1324","N640FR","DFW","06:14","06:10","-4","0","0","0","0","0"
"F9","07/25/2024","1375","","PHX","05:11","00:00","0","0","0","0","0","0"
"F9","07/25/2024","1402","N310FR","BNA","08:36","08:32","-4","0","0","0","0","0"
"F9","07/25/2024","1450","N316FR","ATL","10:36","11:10","34","18","0","3","0","16"
"F9","07/25/2024","1499","N650FR","ONT","22:37","23:08","31","0","0","0","0","25"
"F9","07/25/2024","1560","N613FR","MSN","11:20","11:40","20","8","0","13","0","12"
"F9","07/25/2024","1678","N370FR","DSM","10:51","10:41","-10","0","0","0","0","0"
"F9","07/25/2024","1734","N721FR","MCO","00:49","00:46","-3","0","0","0","0","0"
"F9","07/25/2024","1789","N230FR","PDX","06:05","06:02","-3","0","0","0","0","0"
"F9","07/25/2024","1816","N358FR","AUS","17:10","17:57","47","45","0","0","0","0"
"F9","07/25/2024","1819","N365FR","PHX","08:51","08:45","-6","0","0","0","0","0"
"F9","07/25/2024","1864","N232FR","OKC","09:45","10:12","27","0","0","0","0","24"
"F9","07/25/2024","1918","N622FR","CLE","06:00","05:48","-12","0","0","0","0","0"
"F9","07/25/2024","1993","N353FR","LAS","10:36","10:31","-5","0","0","0","0","0"
"F9","07/25/2024","2015","N701FR","LAS","06:31","06:28","-3","0","0","0","0","0"
"F9","07/25/2024","2098","N380FR","SAT","15:49","15:45","-4","0","0","0","0","0"
"F9","07/25/2024","2108","N334FR","FSD","12:33","12:31","-2","0","0","0","0","0"
"F9","07/25/2024","2141","N720FR","PHX","14:50","15:04","14","0","0","11","0","14"
"F9","07/25/2024","2261","N370FR","ELP","05:01","04:55","-6","0","0","0","0","0"
"F9","07/25/2024","2348","N712FR","IND","05:06","05:04","-2","0","0","0","0","0"
"F9","07/25/2024","2349","N304FR","LAS","13:55","14:20","25","0","0","0","0","21"
"F9","07/25/2024","2360","N722FR","MSY","18:11","18:02","-9","0","0","0","0","0"
"F9","07/25/2024","2382","N629FR","ORF","06:00","06:01","1","0","0","0","0","0"
"F9","07/25/2024","2429","N637FR","LAS","17:01","17:10","9","9","0","7","0","0"
"F9","07/25/2024","2438","N232FR","RDU","15:06","14:59","-7","0","0","0","0","0"
"F9","07/25/2024","2687","N379FR","PDX","22:07","21:56","-11","0","0","0","0","0"
"F9","07/25/2024","2706","N722FR","BWI","07:05","07:54","49","49","0","9","0","0"
"F9","07/25/2024","2746","N650FR","TPA","12:05","13:03","58","0","0","12","0","58"
"F9","07/25/2024","2780","N311FR","MDW","07:40","07:52","12","0","0","0","0","0"
"F9","07/25/2024","2817","N233FR","SAN","08:05","08:46","41","26","0","0","0","0"
"F9","07/25/2024","3004","N607FR","CLT","05:11","05:09","-2","0","0","0","0","0"
"F9","07/25/2024","3138","N611FR","MIA","23:59","00:40","41","3","0","0","0","33"
"F9","07/25/2024","3155","N316FR","LAX","19:07","19:52","45","12","0","0","0","24"
"F9","07/25/2024","3162","N336FR","LGA","16:15","17:15","60","47","0","0","0","0"
"F9","07/25/2024","3174","N230FR","ORD","21:00","21:13","13","0","0","0","0","0"
"F9","07/25/2024","3230","N611FR","IAH","08:05","09:54","109","0","0","10","0","109"
"F9","07/25/2024","3266","N636FR","PHL","11:00","11:52","52","0","0","0","0","44"
"F9","07/25/2024","3276","N230FR","BMI","13:15","13:06","-9","0","0","0","0","0"
"F9","07/25/2024","3286","N378FR","CVG","07:48","07:56","8","8","0","12","0","0"
"F9","07/25/2024","3294","N382FR","ATL","00:59","01:41","42","31","0","0","0","0"
"F9","07/25/2024","3302","N611FR","STL","16:45","17:21","36","0","0","0","0","29"
"F9","07/25/2024","3312","N605FR","MCO","09:00","08:54","-6","0","0","0","0","0"
"F9","07/25/2024","3340","N614FR","PHL","23:59","23:53","-6","0","0","30","0","0"
"F9","07/25/2024","3376","N711FR","MCI","05:55","05:50","-5","0","0","0","0","0"
"F9","07/25/2024","3421","N369FR","ELP","19:36","19:36","0","0","0","0","0","0"
"F9","07/25/2024","3439","N711FR","SFO","22:15","22:09","-6","0","0","0","0","0"
"F9","07/25/2024","3467","N310FR","PHX","21:01","21:12","11","0","0","5","0","11"
"F9","07/25/2024","3566","N640FR","DTW","12:47","12:53","6","0","0","0","0","0"
"F9","07/25/2024","3981","N384FR","SLC","11:18","11:35","17","0","0","0","0","0"
"F9","07/25/2024","4030","N705FR","SAV","16:17","16:31","14","0","0","0","0","0"
"F9","07/25/2024","4070","N629FR","DFW","15:23","15:37","14","0","0","0","0","0"
"F9","07/25/2024","4235","N380FR","SLC","22:40","22:59","19","0","0","0","0","0"
"F9","07/25/2024","4251","N701FR","SLC","17:15","17:18","3","0","0","0","0","0"
"F9","07/25/2024","4344","N369FR","XNA","06:55","06:46","-9","0","0","0","0","0"
"F9","07/25/2024","4371","N233FR","SNA","16:16","17:42","86","0","0","0","0","86"
"F9","07/25/2024","4374","N717FR","PIT","13:07","13:02","-5","0","0","0","0","0"
"F9","07/25/2024","4386","N369FR","CID","12:51","12:47","-4","0","0","0","0","0"
"F9","07/25/2024","4576","N626FR","CMH","15:45","15:59","14","0","0","0","0","0"
"F9","07/25/2024","4616","N370FR","MSP","16:05","16:04","-1","0","0","0","0","0"
"F9","07/25/2024","4626","N717FR","MEM","06:00","05:58","-2","0","0","0","0","0"
"F9","07/25/2024","4647","N334FR","SEA","17:42","18:17","35","0","0","1","0","35"
"F9","07/25/2024","4753","N387FR","PHX","23:30","23:23","-7","0","0","0","0","0"
"F9","07/25/2024","4776","N637FR","LIT","10:20","10:26","6","0","0","0","0","0"
"F9","07/25/2024","4794","N715FR","FAR","06:15","06:07","-8","0","0","0","0","0"
"F9","07/25/2024","4856","N613FR","IAH","18:12","18:07","-5","0","0","0","0","0"
"F9","07/25/2024","4917","N718FR","SJC","15:52","16:37","45","0","0","4","0","45"
"F9","07/25/2024","4967","N235FR","LAS","19:11","20:09","58","4","0","0","0","48"
"F9","07/25/2024","4989","N383FR","SAN","19:54","19:51","-3","0","0","0","0","0"
"F9","07/26/2024","0686","N381FR","DCA","06:42","06:32","-10","0","0","0","0","0"
"F9","07/26/2024","0688","N336FR","DCA","12:41","12:36","-5","0","0","0","0","0"
"F9","07/26/2024","0690","N381FR","DCA","16:25","16:43","18","18","0","6","0","0"
"F9","07/26/2024","0922","N232FR","MSY","18:10","18:22","12","0","0","26","0","12"
"F9","07/26/2024","1066","N701FR","GRB","14:11","14:10","-1","0","0","0","0","0"
"F9","07/26/2024","1114","N624FR","TPA","23:59","00:51","52","43","0","0","0","0"
"F9","07/26/2024","1128","N235FR","OMA","11:14","11:49","35","26","0","0","0","0"
"F9","07/26/2024","1130","N335FR","HOU","18:03","17:59","-4","0","0","56","0","0"
"F9","07/26/2024","1150","N702FR","MSP","12:28","12:26","-2","0","0","0","0","0"
"F9","07/26/2024","1175","N718FR","SEA","05:06","05:06","0","0","0","0","0","0"
"F9","07/26/2024","1248","N622FR","GRR","12:56","13:44","48","0","0","0","0","37"
"F9","07/26/2024","1280","N609FR","MIA","18:59","21:07","128","0","0","0","0","121"
"F9","07/26/2024","1292","N702FR","MSP","18:54","18:54","0","0","0","0","0","0"
"F9","07/26/2024","1402","N650FR","BNA","06:31","06:27","-4","0","0","0","0","0"
"F9","07/26/2024","1439","N358FR","SLC","14:48","14:58","10","0","0","0","0","0"
"F9","07/26/2024","1499","N613FR","ONT","22:20","22:18","-2","0","0","0","0","0"
"F9","07/26/2024","1560","N702FR","MSN","05:31","05:41","10","10","0","5","0","0"
"F9","07/26/2024","1608","N716FR","MKE","17:11","17:24","13","0","0","0","0","0"
"F9","07/26/2024","1678","N611FR","DSM","10:53","10:49","-4","0","0","0","0","0"
"F9","07/26/2024","1702","N624FR","SYR","14:11","14:00","-11","0","0","15","0","0"
"F9","07/26/2024","1734","N334FR","MCO","00:49","01:25","36","0","0","0","0","26"
"F9","07/26/2024","1752","N328FR","CVG","20:24","22:07","103","0","0","6","0","103"
"F9","07/26/2024","1789","N336FR","PDX","05:06","04:56","-10","0","0","0","0","0"
"F9","07/26/2024","1816","N235FR","AUS","05:01","05:02","1","0","0","0","0","0"
"F9","07/26/2024","1819","N358FR","PHX","09:05","08:54","-11","0","0","0","0","0"
"F9","07/26/2024","1864","N715FR","OKC","11:44","11:47","3","0","0","0","0","0"
"F9","07/26/2024","1918","N718FR","CLE","12:52","12:52","0","0","0","0","0","0"
"F9","07/26/2024","1993","N717FR","LAS","10:09","09:59","-10","0","0","0","0","0"
"F9","07/26/2024","2015","N613FR","LAS","06:31","06:30","-1","0","0","0","0","0"
"F9","07/26/2024","2105","N718FR","PHX","21:30","21:19","-11","0","0","0","0","0"
"F9","07/26/2024","2108","N384FR","FSD","09:57","09:49","-8","0","0","0","0","0"
"F9","07/26/2024","2141","N353FR","PHX","14:40","14:30","-10","0","0","0","0","0"
"F9","07/26/2024","2148","N324FR","DFW","07:49","07:43","-6","0","0","0","0","0"
"F9","07/26/2024","2261","N612FR","ELP","17:42","17:33","-9","0","0","0","0","0"
"F9","07/26/2024","2348","N612FR","IND","10:05","09:56","-9","0","0","0","0","0"
"F9","07/26/2024","2349","N369FR","LAS","13:55","13:45","-10","0","0","0","0","0"
"F9","07/26/2024","2356","N722FR","SAT","05:01","04:56","-5","0","0","0","0","0"
"F9","07/26/2024","2374","N712FR","TYS","16:44","17:43","59","0","0","11","0","59"
"F9","07/26/2024","2421","N611FR","SAN","16:38","16:38","0","0","0","0","0","0"
"F9","07/26/2024","2429","N638FR","LAS","16:33","16:25","-8","0","0","0","0","0"
"F9","07/26/2024","2438","N380FR","RDU","15:22","15:13","-9","0","0","0","0","0"
"F9","07/26/2024","2454","N631FR","PNS","16:43","17:02","19","0","19","26","0","0"
"F9","07/26/2024","2687","N720FR","PDX","22:00","21:48","-12","0","0","0","0","0"
"F9","07/26/2024","2746","N715FR","TPA","17:33","18:32","59","0","59","36","0","0"
"F9","07/26/2024","2752","N328FR","BUF","14:05","13:54","-11","0","0","0","0","0"
"F9","07/26/2024","2817","N629FR","SAN","06:45","06:40","-5","0","0","0","0","0"
"F9","07/26/2024","2907","N606FR","ONT","19:42","19:32","-10","0","0","0","0","0"
"F9","07/26/2024","3004","N705FR","CLT","05:15","05:08","-7","0","0","0","0","0"
"F9","07/26/2024","3101","N335FR","MSO","12:14","11:55","-19","0","0","0","0","0"
"F9","07/26/2024","3138","","MIA","23:59","00:00","0","0","0","0","0","0"
"F9","07/26/2024","3155","N304FR","LAX","19:07","20:12","65","0","0","10","0","65"
"F9","07/26/2024","3162","N235FR","LGA","16:15","17:56","101","73","0","36","0","28"
"F9","07/26/2024","3172","N316FR","ORD","20:10","19:56","-14","0","0","0","0","0"
"F9","07/26/2024","3206","N722FR","IAH","18:08","18:11","3","3","0","20","0","0"
"F9","07/26/2024","3230","N701FR","IAH","07:15","07:16","1","1","0","34","0","0"
"F9","07/26/2024","3266","N712FR","PHL","06:40","08:20","100","97","0","0","0","0"
"F9","07/26/2024","3276","N233FR","BMI","12:29","13:13","44","35","0","0","0","0"
"F9","07/26/2024","3294","N382FR","ATL","00:59","01:21","22","0","0","0","0","0"
"F9","07/26/2024","3302","N711FR","STL","06:15","06:09","-6","0","0","0","0","0"
"F9","07/26/2024","3312","N640FR","MCO","10:51","10:51","0","0","0","0","0","0"
"F9","07/26/2024","3340","N641FR","PHL","23:41","23:44","3","0","0","0","0","0"
"F9","07/26/2024","3376","N626FR","MCI","05:55","05:49","-6","0","0","0","0","0"
"F9","07/26/2024","3439","N626FR","SFO","22:15","21:59","-16","0","0","41","0","0"
"F9","07/26/2024","3539","N359FR","LAS","22:48","22:46","-2","0","0","0","0","0"
"F9","07/26/2024","3566","N624FR","DTW","06:00","06:00","0","0","0","0","0","0"
"F9","07/26/2024","3665","N384FR","SMF","14:55","15:02","7","0","0","0","0","0"
"F9","07/26/2024","3718","N301FR","MDW","08:51","08:54","3","0","0","0","0","0"
"F9","07/26/2024","3843","N379FR","LAS","18:34","19:22","48","25","0","0","0","9"
"F9","07/26/2024","3861","N715FR","SLC","06:31","06:21","-10","0","0","0","0","0"
"F9","07/26/2024","4042","N356FR","SFO","06:31","06:22","-9","0","0","0","0","0"
"F9","07/26/2024","4070","N650FR","DFW","15:19","15:16","-3","0","0","0","0","0"
"F9","07/26/2024","4344","N722FR","XNA","11:53","11:43","-10","0","0","0","0","0"
"F9","07/26/2024","4371","N380FR","SNA","08:13","08:03","-10","0","0","0","0","0"
"F9","07/26/2024","4386","N631FR","CID","10:20","10:30","10","0","0","0","0","0"
"F9","07/26/2024","4464","N233FR","DFW","21:32","22:43","71","61","0","0","0","0"
"F9","07/26/2024","4647","N613FR","SEA","12:43","12:36","-7","0","0","0","0","0"
"F9","07/26/2024","4721","N650FR","SLC","22:03","22:30","27","4","0","30","0","23"
"F9","07/26/2024","4753","N341FR","PHX","23:30","01:39","129","0","0","0","0","118"
"F9","07/26/2024","4794","N369FR","FAR","06:41","06:29","-12","0","0","0","0","0"
"F9","07/26/2024","4917","N629FR","SJC","16:07","15:58","-9","0","0","0","0","0"
"F9","07/26/2024","4927","N232FR","SAN","11:21","11:20","-1","0","0","0","0","0"
"F9","07/26/2024","4989","N343FR","SAN","19:50","19:45","-5","0","0","0","0","0"
"F9","07/27/2024","0686","N232FR","DCA","06:42","06:40","-2","0","0","0","0","0"
"F9","07/27/2024","0688","N356FR","DCA","12:41","12:36","-5","0","0","0","0","0"
"F9","07/27/2024","0690","N309FR","DCA","16:28","16:46","18","0","0","0","0","0"
"F9","07/27/2024","1063","N365FR","SMF","12:11","12:05","-6","0","0","0","0","0"
"F9","07/27/2024","1114","N631FR","TPA","23:59","00:27","28","0","0","0","0","16"
"F9","07/27/2024","1128","N723FR","OMA","11:56","11:53","-3","0","0","0","0","0"
"F9","07/27/2024","1150","N359FR","MSP","05:06","05:05","-1","0","0","0","0","0"
"F9","07/27/2024","1162","N356FR","HOU","05:01","04:51","-10","0","0","0","0","0"
"F9","07/27/2024","1248","N235FR","GRR","13:47","13:51","4","0","0","0","0","0"
"F9","07/27/2024","1261","N650FR","ONT","08:23","08:15","-8","0","0","0","0","0"
"F9","07/27/2024","1280","N335FR","MIA","18:25","19:36","71","24","0","0","0","39"
"F9","07/27/2024","1292","N720FR","MSP","18:41","18:46","5","0","0","0","0","0"
"F9","07/27/2024","1402","N723FR","BNA","17:19","17:19","0","0","0","0","0","0"
"F9","07/27/2024","1450","N359FR","ATL","11:01","11:08","7","0","0","0","0","0"
"F9","07/27/2024","1469","N386FR","LAS","13:55","13:56","1","0","0","0","0","0"
"F9","07/27/2024","1499","N606FR","ONT","22:37","23:06","29","0","0","4","0","29"
"F9","07/27/2024","1560","N716FR","MSN","05:01","04:58","-3","0","0","0","0","0"
"F9","07/27/2024","1608","N235FR","MKE","07:00","06:51","-9","0","0","0","0","0"
"F9","07/27/2024","1678","N649FR","DSM","10:36","10:21","-15","0","0","0","0","0"
"F9","07/27/2024","1702","N612FR","SYR","13:24","13:15","-9","0","0","0","0","0"
"F9","07/27/2024","1734","N709FR","MCO","00:49","01:59","70","0","0","0","0","52"
"F9","07/27/2024","1789","N612FR","PDX","06:00","05:47","-13","0","0","0","0","0"
"F9","07/27/2024","1819","N361FR","PHX","09:05","09:17","12","0","0","7","0","12"
"F9","07/27/2024","1864","N371FR","OKC","09:50","09:38","-12","0","0","0","0","0"
"F9","07/27/2024","1993","N624FR","LAS","10:16","10:10","-6","0","0","0","0","0"
"F9","07/27/2024","2015","N712FR","LAS","05:30","05:35","5","0","0","0","0","0"
"F9","07/27/2024","2108","N384FR","FSD","13:37","13:24","-13","0","0","0","0","0"
"F9","07/27/2024","2141","N313FR","PHX","14:32","16:06","94","0","0","0","0","93"
"F9","07/27/2024","2148","N350FR","DFW","07:29","07:27","-2","0","0","0","0","0"
"F9","07/27/2024","2210","N381FR","MDW","09:41","09:36","-5","0","0","0","0","0"
"F9","07/27/2024","2261","N720FR","ELP","12:47","13:07","20","0","0","0","0","0"
"F9","07/27/2024","2348","N720FR","IND","05:16","06:05","49","31","0","0","0","7"
"F9","07/27/2024","2356","N723FR","SAT","05:11","05:12","1","0","0","0","0","0"
"F9","07/27/2024","2374","N631FR","TYS","16:11","16:07","-4","0","0","0","0","0"
"F9","07/27/2024","2421","N606FR","SAN","15:25","15:23","-2","0","0","0","0","0"
"F9","07/27/2024","2429","N711FR","LAS","15:55","15:39","-16","0","0","0","0","0"
"F9","07/27/2024","2438","N371FR","RDU","15:20","15:20","0","0","0","0","0","0"
"F9","07/27/2024","2454","N712FR","PNS","14:50","14:43","-7","0","0","0","0","0"
"F9","07/27/2024","2632","N702FR","DFW","18:40","19:40","60","60","0","7","0","0"
"F9","07/27/2024","2687","N313FR","PDX","22:07","21:54","-13","0","0","0","0","0"
"F9","07/27/2024","2706","N701FR","BWI","10:58","10:52","-6","0","0","0","0","0"
"F9","07/27/2024","2746","N607FR","TPA","17:22","17:26","4","0","0","0","0","0"
"F9","07/27/2024","2752","N650FR","BUF","15:30","15:25","-5","0","0","0","0","0"
"F9","07/27/2024","2817","N631FR","SAN","06:45","06:34","-11","0","0","0","0","0"
"F9","07/27/2024","2890","N649FR","AUS","16:29","16:39","10","0","0","0","0","0"
"F9","07/27/2024","2946","N363FR","MDW","18:34","18:37","3","0","0","0","0","0"
"F9","07/27/2024","3004","N613FR","CLT","05:31","05:30","-1","0","0","0","0","0"
"F9","07/27/2024","3101","N611FR","MSO","13:42","13:32","-10","0","0","0","0","0"
"F9","07/27/2024","3138","N619FR","MIA","23:59","00:11","12","0","0","0","0","0"
"F9","07/27/2024","3155","N230FR","LAX","19:07","18:58","-9","0","0","0","0","0"
"F9","07/27/2024","3162","N232FR","LGA","16:15","16:13","-2","0","0","0","0","0"
"F9","07/27/2024","3172","N336FR","ORD","19:15","19:05","-10","0","0","0","0","0"
"F9","07/27/2024","3230","N702FR","IAH","05:06","05:04","-2","0","0","0","0","0"
"F9","07/27/2024","3266","N722FR","PHL","06:45","07:37","52","48","0","0","0","0"
"F9","07/27/2024","3286","N714FR","CVG","05:38","05:28","-10","0","0","0","0","0"
"F9","07/27/2024","3294","N629FR","ATL","00:59","01:33","34","0","0","0","0","28"
"F9","07/27/2024","3302","N626FR","STL","06:15","06:08","-7","0","0","0","0","0"
"F9","07/27/2024","3312","N709FR","MCO","10:46","12:58","132","16","0","0","0","113"
"F9","07/27/2024","3340","N714FR","PHL","23:59","23:58","-1","0","0","0","0","0"
"F9","07/27/2024","3405","N305FR","SEA","19:26","20:16","50","11","0","2","0","39"
"F9","07/27/2024","3443","N356FR","SFO","22:25","22:15","-10","0","0","17","0","0"
"F9","07/27/2024","3467","N722FR","PHX","16:53","17:06","13","0","0","0","0","0"
"F9","07/27/2024","3566","N640FR","DTW","12:31","12:25","-6","0","0","0","0","0"
"F9","07/27/2024","3981","N313FR","SLC","11:14","11:02","-12","0","0","0","0","0"
"F9","07/27/2024","4042","N348FR","SFO","06:31","06:26","-5","0","0","0","0","0"
"F9","07/27/2024","4070","N716FR","DFW","11:53","11:47","-6","0","0","0","0","0"
"F9","07/27/2024","4235","N611FR","SLC","23:08","00:19","71","58","0","0","0","0"
"F9","07/27/2024","4344","N606FR","XNA","09:20","09:13","-7","0","0","0","0","0"
"F9","07/27/2024","4371","N384FR","SNA","07:00","06:45","-15","0","0","0","0","0"
"F9","07/27/2024","4386","N702FR","CID","12:26","12:13","-13","0","0","0","0","0"
"F9","07/27/2024","4611","N235FR","LAS","21:00","20:57","-3","0","0","22","0","0"
"F9","07/27/2024","4638","N719FR","CLE","17:57","17:47","-10","0","0","0","0","0"
"F9","07/27/2024","4721","N377FR","SLC","20:10","21:19","69","69","0","23","0","0"
"F9","07/27/2024","4753","N361FR","PHX","23:30","23:30","0","0","0","0","0","0"
"F9","07/27/2024","4794","N611FR","FAR","06:31","06:21","-10","0","0","0","0","0"
"F9","07/27/2024","4856","N716FR","IAH","18:29","18:32","3","0","0","0","0","0"
"F9","07/27/2024","4917","N309FR","SJC","07:40","07:28","-12","0","0","0","0","0"
"F9","07/27/2024","4927","N358FR","SAN","10:55","11:16","21","21","0","1","0","0"
"F9","07/27/2024","4989","N384FR","SAN","19:13","18:58","-15","0","0","18","0","0"
"F9","07/28/2024","0686","N313FR","DCA","06:42","06:39","-3","0","0","0","0","0"
"F9","07/28/2024","0688","N232FR","DCA","12:41","19:54","433","0","0","0","0","0"
"F9","07/28/2024","0690","N305FR","DCA","16:25","16:25","0","0","0","0","0","0"
"F9","07/28/2024","0922","N384FR","MSY","18:17","18:08","-9","0","0","0","0","0"
"F9","07/28/2024","1093","N702FR","SFO","05:11","05:05","-6","0","0","0","0","0"
"F9","07/28/2024","1114","N626FR","TPA","23:59","00:03","4","0","0","0","0","0"
"F9","07/28/2024","1128","N611FR","OMA","08:29","08:16","-13","0","0","0","0","0"
"F9","07/28/2024","1150","N384FR","MSP","05:06","05:14","8","0","0","0","0","0"
"F9","07/28/2024","1162","N383FR","HOU","05:41","05:36","-5","0","0","0","0","0"
"F9","07/28/2024","1175","N649FR","SEA","06:15","06:02","-13","0","0","0","0","0"
"F9","07/28/2024","1228","N363FR","MDW","18:34","19:04","30","0","0","0","0","0"
"F9","07/28/2024","1280","N701FR","MIA","18:59","19:00","1","0","0","0","0","0"
"F9","07/28/2024","1402","N365FR","BNA","08:36","09:42","66","66","0","4","0","0"
"F9","07/28/2024","1450","N334FR","ATL","10:36","11:18","42","42","0","46","0","0"
"F9","07/28/2024","1499","N611FR","ONT","22:40","22:35","-5","0","0","0","0","0"
"F9","07/28/2024","1560","N606FR","MSN","06:00","05:56","-4","0","0","0","0","0"
"F9","07/28/2024","1678","N305FR","DSM","10:54","10:43","-11","0","0","0","0","0"
"F9","07/28/2024","1734","N348FR","MCO","00:49","00:58","9","0","0","0","0","0"
"F9","07/28/2024","1789","N356FR","PDX","06:05","06:03","-2","0","0","0","0","0"
"F9","07/28/2024","1816","N371FR","AUS","16:49","16:47","-2","0","0","0","0","0"
"F9","07/28/2024","1819","N343FR","PHX","08:51","08:48","-3","0","0","0","0","0"
"F9","07/28/2024","1864","N309FR","OKC","09:57","09:49","-8","0","0","0","0","0"
"F9","07/28/2024","1918","N613FR","CLE","06:00","05:50","-10","0","0","0","0","0"
"F9","07/28/2024","1993","N304FR","LAS","10:59","10:55","-4","0","0","0","0","0"
"F9","07/28/2024","2015","N612FR","LAS","06:31","07:01","30","28","0","0","0","0"
"F9","07/28/2024","2108","N650FR","FSD","13:09","13:04","-5","0","0","0","0","0"
"F9","07/28/2024","2141","N309FR","PHX","14:50","16:53","123","119","0","6","0","4"
"F9","07/28/2024","2210","N381FR","MDW","08:36","08:38","2","2","0","14","0","0"
"F9","07/28/2024","2261","N305FR","ELP","05:01","04:51","-10","0","0","0","0","0"
"F9","07/28/2024","2348","N712FR","IND","07:05","12:35","330","330","0","1","0","0"
"F9","07/28/2024","2349","N337FR","LAS","13:55","13:50","-5","0","0","0","0","0"
"F9","07/28/2024","2382","N606FR","ORF","12:51","12:48","-3","0","0","0","0","0"
"F9","07/28/2024","2429","N712FR","LAS","17:01","19:56","175","0","0","0","0","169"
"F9","07/28/2024","2438","N308FR","RDU","15:22","16:17","55","19","0","0","0","26"
"F9","07/28/2024","2687","N723FR","PDX","22:16","22:08","-8","0","0","0","0","0"
"F9","07/28/2024","2706","N702FR","BWI","12:34","12:28","-6","0","0","0","0","0"
"F9","07/28/2024","2746","N722FR","TPA","14:12","14:59","47","18","0","26","0","29"
"F9","07/28/2024","2817","N603FR","SAN","06:20","06:14","-6","0","0","0","0","0"
"F9","07/28/2024","3004","N720FR","CLT","05:01","04:58","-3","0","0","0","0","0"
"F9","07/28/2024","3138","N722FR","MIA","23:59","01:12","73","5","0","0","0","60"
"F9","07/28/2024","3155","N238FR","LAX","19:07","19:34","27","4","0","3","0","23"
"F9","07/28/2024","3162","N326FR","LGA","16:15","16:13","-2","0","0","18","0","0"
"F9","07/28/2024","3174","N365FR","ORD","21:00","21:31","31","0","0","5","0","31"
"F9","07/28/2024","3230","N701FR","IAH","05:01","04:53","-8","0","0","0","0","0"
"F9","07/28/2024","3266","N636FR","PHL","10:55","11:06","11","0","0","20","0","11"
"F9","07/28/2024","3276","N356FR","BMI","13:15","13:12","-3","0","0","0","0","0"
"F9","07/28/2024","3286","N346FR","CVG","07:48","08:14","26","26","0","2","0","0"
"F9","07/28/2024","3294","N344FR","ATL","00:59","00:54","-5","0","0","0","0","0"
"F9","07/28/2024","3302","N308FR","STL","09:00","09:37","37","0","0","0","0","23"
"F9","07/28/2024","3312","N644FR","MCO","09:00","08:58","-2","0","0","0","0","0"
"F9","07/28/2024","3340","N614FR","PHL","23:59","23:52","-7","0","0","17","0","0"
"F9","07/28/2024","3376","N723FR","MCI","05:55","05:57","2","2","0","20","0","0"
"F9","07/28/2024","3439","N702FR","SFO","22:15","22:09","-6","0","0","0","0","0"
"F9","07/28/2024","3467","N341FR","PHX","21:01","21:31","30","12","0","0","0","14"
"F9","07/28/2024","3566","N624FR","DTW","12:32","13:17","45","0","0","0","0","39"
"F9","07/28/2024","3708","N612FR","SAT","18:39","19:16","37","0","0","0","0","19"
"F9","07/28/2024","3949","N606FR","LAS","22:38","22:39","1","0","0","0","0","0"
"F9","07/28/2024","3981","N371FR","SLC","11:14","11:14","0","0","0","0","0","0"
"F9","07/28/2024","4030","","SAV","14:29","00:00","0","0","0","0","0","0"
"F9","07/28/2024","4070","N649FR","DFW","13:58","14:16","18","0","0","0","0","0"
"F9","07/28/2024","4251","N631FR","SLC","17:15","17:05","-10","0","0","0","0","0"
"F9","07/28/2024","4344","N232FR","XNA","12:32","12:21","-11","0","0","0","0","0"
"F9","07/28/2024","4371","N310FR","SNA","15:17","15:09","-8","0","0","0","0","0"
"F9","07/28/2024","4374","N611FR","PIT","13:46","14:04","18","0","0","0","0","16"
"F9","07/28/2024","4386","N384FR","CID","12:28","12:18","-10","0","0","0","0","0"
"F9","07/28/2024","4464","N722FR","DFW","07:30","08:46","76","64","0","0","0","0"
"F9","07/28/2024","4576","N716FR","CMH","16:01","16:27","26","0","0","0","0","0"
"F9","07/28/2024","4616","N373FR","MSP","16:13","16:22","9","0","0","0","0","0"
"F9","07/28/2024","4626","N650FR","MEM","06:00","05:52","-8","0","0","0","0","0"
"F9","07/28/2024","4647","N313FR","SEA","15:54","15:47","-7","0","0","0","0","0"
"F9","07/28/2024","4721","N383FR","SLC","22:04","21:52","-12","0","0","0","0","0"
"F9","07/28/2024","4753","N329FR","PHX","23:30","23:57","27","11","0","0","0","11"
"F9","07/28/2024","4776","N631FR","LIT","10:18","10:09","-9","0","0","0","0","0"
"F9","07/28/2024","4794","N232FR","FAR","06:31","06:33","2","0","0","0","0","0"
"F9","07/28/2024","4856","N650FR","IAH","18:38","18:32","-6","0","0","0","0","0"
"F9","07/28/2024","4917","N603FR","SJC","15:54","15:49","-5","0","0","0","0","0"
"F9","07/28/2024","4927","N701FR","SAN","12:21","12:10","-11","0","0","0","0","0"
"F9","07/28/2024","4967","N334FR","LAS","19:13","21:00","107","0","0","0","0","97"
"F9","07/28/2024","4989","N353FR","SAN","19:54","19:50","-4","0","0","29","0","0"
"F9","07/29/2024","0686","N326FR","DCA","06:42","07:21","39","27","0","0","0","0"
"F9","07/29/2024","0688","N349FR","DCA","12:41","12:47","6","0","0","31","0","6"
"F9","07/29/2024","0690","N308FR","DCA","16:28","16:25","-3","0","0","0","0","0"
"F9","07/29/2024","1066","N611FR","GRB","11:41","11:50","9","0","0","0","0","0"
"F9","07/29/2024","1114","N716FR","TPA","23:59","00:18","19","0","0","0","0","0"
"F9","07/29/2024","1128","N717FR","OMA","16:45","17:32","47","0","0","0","0","27"
"F9","07/29/2024","1150","N650FR","MSP","12:26","12:26","0","0","0","18","0","0"
"F9","07/29/2024","1162","N383FR","HOU","08:13","09:09","56","0","0","0","0","34"
"F9","07/29/2024","1175","N349FR","SEA","05:15","05:11","-4","0","0","0","0","0"
"F9","07/29/2024","1248","N719FR","GRR","13:06","13:05","-1","0","0","0","0","0"
"F9","07/29/2024","1280","N611FR","MIA","18:59","19:13","14","0","0","0","0","0"
"F9","07/29/2024","1292","N629FR","MSP","18:53","19:24","31","0","0","0","0","27"
"F9","07/29/2024","1324","N702FR","DFW","05:30","06:01","31","15","0","0","0","6"
"F9","07/29/2024","1402","N723FR","BNA","06:50","06:49","-1","0","0","0","0","0"
"F9","07/29/2024","1439","N383FR","SLC","14:48","15:36","48","0","0","0","0","32"
"F9","07/29/2024","1450","N603FR","ATL","06:45","06:45","0","0","0","80","0","0"
"F9","07/29/2024","1499","N613FR","ONT","22:30","22:26","-4","0","0","0","0","0"
"F9","07/29/2024","1560","N334FR","MSN","05:06","05:20","14","0","0","0","0","0"
"F9","07/29/2024","1608","N705FR","MKE","16:57","17:05","8","0","0","0","0","0"
"F9","07/29/2024","1678","N639FR","DSM","09:35","09:25","-10","0","0","0","0","0"
"F9","07/29/2024","1702","N720FR","SYR","14:56","14:51","-5","0","0","0","0","0"
"F9","07/29/2024","1734","N714FR","MCO","00:49","01:33","44","31","0","0","0","0"
"F9","07/29/2024","1789","N606FR","PDX","06:40","06:30","-10","0","0","0","0","0"
"F9","07/29/2024","1816","N611FR","AUS","05:01","06:00","59","44","0","0","0","7"
"F9","07/29/2024","1819","N380FR","PHX","09:05","08:59","-6","0","0","0","0","0"
"F9","07/29/2024","1864","N612FR","OKC","05:01","04:54","-7","0","0","0","0","0"
"F9","07/29/2024","1918","N615FR","CLE","11:53","21:21","568","542","0","0","0","0"
"F9","07/29/2024","1993","N620FR","LAS","10:09","10:07","-2","0","0","0","0","0"
"F9","07/29/2024","2015","N313FR","LAS","06:31","06:47","16","16","0","5","0","0"
"F9","07/29/2024","2098","N650FR","SAT","18:41","18:50","9","0","0","0","0","0"
"F9","07/29/2024","2105","N606FR","PHX","21:15","21:57","42","0","0","0","0","36"
"F9","07/29/2024","2108","N308FR","FSD","11:15","11:04","-11","0","0","0","0","0"
"F9","07/29/2024","2141","N232FR","PHX","14:40","14:59","19","0","0","0","0","19"
"F9","07/29/2024","2148","N373FR","DFW","07:49","07:36","-13","0","0","0","0","0"
"F9","07/29/2024","2348","N612FR","IND","11:00","10:55","-5","0","0","0","0","0"
"F9","07/29/2024","2349","N305FR","LAS","13:55","13:59","4","0","0","0","0","0"
"F9","07/29/2024","2374","N626FR","TYS","16:48","17:08","20","0","0","0","0","0"
"F9","07/29/2024","2421","N723FR","SAN","15:37","15:36","-1","0","0","27","0","0"
"F9","07/29/2024","2438","N370FR","RDU","15:06","14:56","-10","0","0","0","0","0"
"F9","07/29/2024","2454","N649FR","PNS","16:10","16:16","6","0","0","0","0","0"
"F9","07/29/2024","2687","N349FR","PDX","22:10","22:30","20","0","0","0","0","0"
"F9","07/29/2024","2746","N607FR","TPA","17:22","18:51","89","23","0","0","0","42"
"F9","07/29/2024","2752","N702FR","BUF","12:36","12:57","21","0","0","0","0","0"
"F9","07/29/2024","2817","N649FR","SAN","06:45","06:39","-6","0","0","0","0","0"
"F9","07/29/2024","2907","N616FR","ONT","17:23","18:57","94","13","0","0","0","81"
"F9","07/29/2024","3004","N716FR","CLT","05:31","05:31","0","0","0","0","0","0"
"F9","07/29/2024","3101","N616FR","MSO","10:53","13:02","129","104","0","0","0","0"
"F9","07/29/2024","3138","N717FR","MIA","23:59","23:53","-6","0","0","19","0","0"
"F9","07/29/2024","3155","N305FR","LAX","19:07","19:57","50","0","0","0","0","43"
"F9","07/29/2024","3162","N326FR","LGA","16:15","16:19","4","0","0","0","0","0"
"F9","07/29/2024","3172","N313FR","ORD","20:05","20:22","17","16","0","0","0","0"
"F9","07/29/2024","3230","N650FR","IAH","05:11","05:05","-6","0","0","0","0","0"
"F9","07/29/2024","3266","N717FR","PHL","06:41","06:57","16","16","0","49","0","0"
"F9","07/29/2024","3286","N619FR","CVG","05:33","05:26","-7","0","0","0","0","0"
"F9","07/29/2024","3294","N363FR","ATL","00:59","01:18","19","0","0","0","0","0"
"F9","07/29/2024","3302","N631FR","STL","06:15","06:06","-9","0","0","0","0","0"
"F9","07/29/2024","3312","N722FR","MCO","10:46","11:18","32","0","0","0","0","0"
"F9","07/29/2024","3340","N619FR","PHL","23:00","23:22","22","0","0","0","0","0"
"F9","07/29/2024","3376","N232FR","MCI","09:45","09:29","-16","0","0","0","0","0"
"F9","07/29/2024","3405","N606FR","SEA","14:05","13:58","-7","0","0","0","0","0"
"F9","07/29/2024","3421","N334FR","ELP","18:59","19:26","27","25","0","0","0","2"
"F9","07/29/2024","3439","N711FR","SFO","22:15","22:14","-1","0","0","16","0","0"
"F9","07/29/2024","3566","N720FR","DTW","06:41","06:31","-10","0","0","0","0","0"
"F9","07/29/2024","3667","N334FR","SMF","11:50","12:45","55","49","0","0","0","0"
"F9","07/29/2024","3718","N341FR","MDW","08:51","08:41","-10","0","0","0","0","0"
"F9","07/29/2024","3843","N612FR","LAS","18:42","18:57","15","0","0","0","0","0"
"F9","07/29/2024","3861","N356FR","SLC","06:31","07:56","85","85","0","0","0","0"
"F9","07/29/2024","4042","N384FR","SFO","06:31","06:25","-6","0","0","0","0","0"
"F9","07/29/2024","4070","N603FR","DFW","15:19","17:46","147","0","0","15","0","147"
"F9","07/29/2024","4371","N313FR","SNA","12:22","12:19","-3","0","0","0","0","0"
"F9","07/29/2024","4386","N626FR","CID","10:20","10:09","-11","0","0","0","0","0"
"F9","07/29/2024","4464","N307FR","DFW","21:22","22:45","83","0","0","0","0","63"
"F9","07/29/2024","4721","N644FR","SLC","22:03","00:01","118","0","0","0","0","117"
"F9","07/29/2024","4753","N384FR","PHX","23:25","23:33","8","0","0","10","0","8"
"F9","07/29/2024","4794","N705FR","FAR","10:53","10:49","-4","0","0","0","0","0"
"F9","07/29/2024","4856","N310FR","IAH","18:06","18:28","22","8","0","0","0","11"
"F9","07/29/2024","4917","N639FR","SJC","15:26","15:14","-12","0","0","0","0","0"
"F9","07/29/2024","4927","N356FR","SAN","11:24","12:38","74","0","0","0","0","57"
"F9","07/29/2024","4989","N375FR","SAN","19:54","20:09","15","0","0","6","0","15"
"F9","07/30/2024","0686","N349FR","DCA","06:42","06:39","-3","0","0","0","0","0"
"F9","07/30/2024","0688","N343FR","DCA","12:41","12:31","-10","0","0","0","0","0"
"F9","07/30/2024","0690","N349FR","DCA","16:25","16:26","1","0","0","0","0","0"
"F9","07/30/2024","1093","N343FR","SFO","05:25","05:35","10","0","0","0","0","0"
"F9","07/30/2024","1114","N720FR","TPA","23:59","23:55","-4","0","0","0","0","0"
"F9","07/30/2024","1128","N613FR","OMA","13:00","13:15","15","0","0","0","0","0"
"F9","07/30/2024","1150","N326FR","MSP","05:01","05:00","-1","0","0","0","0","0"
"F9","07/30/2024","1162","N326FR","HOU","10:56","11:12","16","0","0","0","0","0"
"F9","07/30/2024","1175","N702FR","SEA","06:36","06:37","1","0","0","0","0","0"
"F9","07/30/2024","1228","N308FR","MDW","17:26","17:16","-10","0","0","0","0","0"
"F9","07/30/2024","1261","N613FR","ONT","06:10","06:14","4","0","0","0","0","0"
"F9","07/30/2024","1282","N624FR","MIA","16:21","19:00","159","136","0","0","0","0"
"F9","07/30/2024","1402","N379FR","BNA","08:36","08:35","-1","0","0","0","0","0"
"F9","07/30/2024","1450","N310FR","ATL","06:51","06:41","-10","0","0","0","0","0"
"F9","07/30/2024","1499","N718FR","ONT","22:40","22:37","-3","0","0","0","0","0"
"F9","07/30/2024","1734","N639FR","MCO","00:49","00:40","-9","0","0","0","0","0"
"F9","07/30/2024","1789","N609FR","PDX","05:06","05:19","13","0","0","0","0","0"
"F9","07/30/2024","1816","N614FR","AUS","05:01","05:05","4","0","0","0","0","0"
"F9","07/30/2024","1864","N711FR","OKC","14:45","14:49","4","0","0","0","0","0"
"F9","07/30/2024","1918","N616FR","CLE","06:00","05:55","-5","0","0","0","0","0"
"F9","07/30/2024","1993","N650FR","LAS","09:30","09:38","8","0","0","0","0","0"
"F9","07/30/2024","2015","N328FR","LAS","07:15","07:03","-12","0","0","0","0","0"
"F9","07/30/2024","2141","N382FR","PHX","14:50","14:45","-5","0","0","0","0","0"
"F9","07/30/2024","2148","N381FR","DFW","09:10","09:09","-1","0","0","0","0","0"
"F9","07/30/2024","2261","N644FR","ELP","08:25","08:24","-1","0","0","0","0","0"
"F9","07/30/2024","2348","N373FR","IND","09:15","09:12","-3","0","0","0","0","0"
"F9","07/30/2024","2349","N377FR","LAS","13:55","14:01","6","0","0","0","0","0"
"F9","07/30/2024","2360","N609FR","MSY","17:49","19:54","125","16","0","0","0","89"
"F9","07/30/2024","2382","N702FR","ORF","12:36","14:23","107","0","0","6","0","107"
"F9","07/30/2024","2429","N650FR","LAS","15:55","15:44","-11","0","0","0","0","0"
"F9","07/30/2024","2438","N317FR","RDU","15:20","15:17","-3","0","0","0","0","0"
"F9","07/30/2024","2632","N613FR","DFW","18:28","18:27","-1","0","0","0","0","0"
"F9","07/30/2024","2687","N343FR","PDX","22:16","22:24","8","0","0","0","0","0"
"F9","07/30/2024","2706","N644FR","BWI","14:17","14:16","-1","0","0","40","0","0"
"F9","07/30/2024","2817","N626FR","SAN","06:45","06:43","-2","0","0","0","0","0"
"F9","07/30/2024","2946","N328FR","MDW","13:46","13:51","5","0","0","0","0","0"
"F9","07/30/2024","3004","N603FR","CLT","05:11","05:11","0","0","0","0","0","0"
"F9","07/30/2024","3138","N644FR","MIA","23:59","00:33","34","5","0","0","0","20"
"F9","07/30/2024","3155","N232FR","LAX","19:07","19:40","33","24","0","0","0","0"
"F9","07/30/2024","3162","N373FR","LGA","16:15","17:41","86","0","0","91","0","19"
"F9","07/30/2024","3174","N379FR","ORD","21:00","21:39","39","1","0","2","0","38"
"F9","07/30/2024","3206","N366FR","IAH","08:36","08:38","2","0","0","0","0","0"
"F9","07/30/2024","3228","N716FR","IAH","17:17","18:04","47","47","0","42","0","0"
"F9","07/30/2024","3266","N720FR","PHL","10:55","11:06","11","0","0","0","0","0"
"F9","07/30/2024","3276","N370FR","BMI","13:13","13:03","-10","0","0","0","0","0"
"F9","07/30/2024","3286","N334FR","CVG","07:48","08:20","32","20","0","0","0","0"
"F9","07/30/2024","3294","N705FR","ATL","00:59","02:43","104","88","0","0","0","0"
"F9","07/30/2024","3302","N614FR","STL","11:41","11:43","2","0","0","0","0","0"
"F9","07/30/2024","3312","N706FR","MCO","10:21","12:28","127","113","0","0","0","0"
"F9","07/30/2024","3340","N619FR","PHL","23:59","06:03","364","0","0","22","0","364"
"F9","07/30/2024","3376","N718FR","MCI","05:35","05:33","-2","0","0","0","0","0"
"F9","07/30/2024","3405","N383FR","SEA","17:41","17:59","18","17","0","0","0","0"
"F9","07/30/2024","3439","N701FR","SFO","22:14","22:17","3","0","0","0","0","0"
"F9","07/30/2024","3467","N378FR","PHX","20:12","20:18","6","0","0","0","0","0"
"F9","07/30/2024","3566","N717FR","DTW","12:31","12:40","9","0","0","0","0","0"
"F9","07/30/2024","3981","N308FR","SLC","11:14","11:35","21","17","0","0","0","0"
"F9","07/30/2024","4030","N615FR","SAV","15:52","15:49","-3","0","0","37","0","0"
"F9","07/30/2024","4070","N708FR","DFW","12:37","12:27","-10","0","0","0","0","0"
"F9","07/30/2024","4235","N356FR","SLC","22:36","22:31","-5","0","0","0","0","0"
"F9","07/30/2024","4344","N609FR","XNA","11:46","12:38","52","0","0","0","0","39"
"F9","07/30/2024","4371","N354FR","SNA","18:34","19:13","39","0","0","0","0","26"
"F9","07/30/2024","4374","N711FR","PIT","06:00","05:57","-3","0","0","0","0","0"
"F9","07/30/2024","4544","N723FR","CID","18:03","18:43","40","0","0","0","0","0"
"F9","07/30/2024","4576","N336FR","CMH","14:44","18:01","197","0","0","0","0","174"
"F9","07/30/2024","4611","N636FR","LAS","22:38","22:29","-9","0","0","0","0","0"
"F9","07/30/2024","4616","N310FR","MSP","15:15","15:27","12","0","0","0","0","0"
"F9","07/30/2024","4626","N356FR","MEM","15:43","15:49","6","0","0","0","0","0"
"F9","07/30/2024","4721","N326FR","SLC","18:00","21:51","231","223","0","0","0","0"
"F9","07/30/2024","4753","N362FR","PHX","23:30","01:38","128","123","0","0","0","0"
"F9","07/30/2024","4776","N716FR","LIT","10:40","10:43","3","0","0","0","0","0"
"F9","07/30/2024","4794","N336FR","FAR","09:55","11:36","101","101","0","1","0","0"
"F9","07/30/2024","4917","N626FR","SJC","16:14","16:20","6","0","0","0","0","0"
"F9","07/30/2024","4927","N723FR","SAN","11:01","11:11","10","0","0","0","0","0"
"F9","07/30/2024","4967","N614FR","LAS","18:22","19:36","74","52","0","0","0","11"
"F9","07/30/2024","4989","N363FR","SAN","19:54","20:25","31","0","0","0","0","23"
"F9","07/31/2024","0686","N354FR","DCA","06:42","06:50","8","0","0","0","0","0"
"F9","07/31/2024","0688","N385FR","DCA","12:41","13:23","42","42","0","2","0","0"
"F9","07/31/2024","0690","N354FR","DCA","16:25","16:55","30","0","0","0","0","0"
"F9","07/31/2024","1066","N708FR","GRB","09:15","09:12","-3","0","0","0","0","0"
"F9","07/31/2024","1114","N614FR","TPA","23:59","00:53","54","0","0","0","0","38"
"F9","07/31/2024","1128","N381FR","OMA","11:22","11:18","-4","0","0","0","0","0"
"F9","07/31/2024","1130","N376FR","HOU","18:20","19:11","51","35","0","0","0","0"
"F9","07/31/2024","1150","N614FR","MSP","05:06","05:12","6","0","0","0","0","0"
"F9","07/31/2024","1175","N718FR","SEA","05:01","05:13","12","0","0","0","0","0"
"F9","07/31/2024","1248","N714FR","GRR","13:52","15:27","95","29","0","0","0","60"
"F9","07/31/2024","1261","N701FR","ONT","06:00","05:59","-1","0","0","0","0","0"
"F9","07/31/2024","1282","N615FR","MIA","18:59","21:24","145","0","0","0","0","135"
"F9","07/31/2024","1292","N624FR","MSP","18:51","19:37","46","0","0","66","0","27"
"F9","07/31/2024","1402","N373FR","BNA","08:13","08:31","18","0","0","0","0","0"
"F9","07/31/2024","1450","N609FR","ATL","06:36","06:40","4","0","0","0","0","0"
"F9","07/31/2024","1499","N649FR","ONT","22:20","22:32","12","0","0","0","0","0"
"F9","07/31/2024","1560","N343FR","MSN","12:16","13:16","60","0","0","0","0","56"
"F9","07/31/2024","1608","N343FR","MKE","05:20","06:32","72","52","0","0","0","3"
"F9","07/31/2024","1678","N723FR","DSM","12:26","12:34","8","0","0","0","0","0"
"F9","07/31/2024","1702","N347FR","SYR","15:05","16:02","57","32","0","0","0","20"
"F9","07/31/2024","1734","N639FR","MCO","00:49","01:07","18","13","0","9","0","5"
"F9","07/31/2024","1789","N308FR","PDX","05:06","05:00","-6","0","0","0","0","0"
"F9","07/31/2024","1816","N615FR","AUS","05:01","04:54","-7","0","0","0","0","0"
"F9","07/31/2024","1819","N644FR","PHX","09:00","21:02","722","19","0","6","0","703"
"F9","07/31/2024","1918","N644FR","CLE","11:07","11:11","4","0","0","0","0","0"
"F9","07/31/2024","2015","N382FR","LAS","09:59","09:47","-12","0","0","0","0","0"
"F9","07/31/2024","2105","N375FR","PHX","20:05","22:41","156","0","0","0","0","151"
"F9","07/31/2024","2108","N718FR","FSD","12:47","13:33","46","0","0","0","0","31"
"F9","07/31/2024","2141","N363FR","PHX","14:40","14:45","5","0","0","0","0","0"
"F9","07/31/2024","2148","N388FR","DFW","09:45","10:50","65","59","0","0","0","0"
"F9","07/31/2024","2348","N716FR","IND","06:31","06:52","21","20","0","0","0","0"
"F9","07/31/2024","2374","N716FR","TYS","13:57","14:30","33","0","0","0","0","16"
"F9","07/31/2024","2421","N704FR","SAN","16:40","17:43","63","3","0","6","0","60"
"F9","07/31/2024","2429","N622FR","LAS","15:55","16:16","21","0","0","0","0","0"
"F9","07/31/2024","2438","N373FR","RDU","15:55","15:56","1","0","0","0","0","0"
"F9","07/31/2024","2454","N720FR","PNS","16:23","17:15","52","0","0","0","0","38"
"F9","07/31/2024","2577","N305FR","SNA","15:30","15:29","-1","0","0","0","0","0"
"F9","07/31/2024","2632","N718FR","DFW","18:36","19:00","24","24","0","6","0","0"
"F9","07/31/2024","2687","N313FR","PDX","22:16","22:24","8","0","0","0","0","0"
"F9","07/31/2024","2746","N356FR","TPA","17:59","20:22","143","32","0","0","0","105"
"F9","07/31/2024","2752","N634FR","BUF","12:15","12:22","7","0","0","0","0","0"
"F9","07/31/2024","2817","N603FR","SAN","06:45","06:57","12","0","0","0","0","0"
"F9","07/31/2024","3004","N629FR","CLT","05:01","05:02","1","0","0","0","0","0"
"F9","07/31/2024","3101","N308FR","MSO","12:16","12:42","26","6","0","0","0","10"
"F9","07/31/2024","3138","N629FR","MIA","23:46","23:52","6","0","0","0","0","0"
"F9","07/31/2024","3155","N372FR","LAX","19:07","20:36","89","1","0","0","0","76"
"F9","07/31/2024","3162","N708FR","LGA","16:15","17:07","52","0","0","19","0","46"
"F9","07/31/2024","3172","N343FR","ORD","20:10","20:40","30","30","0","33","0","0"
"F9","07/31/2024","3228","N615FR","IAH","11:41","11:52","11","0","0","0","0","0"
"F9","07/31/2024","3266","N622FR","PHL","06:05","06:24","19","0","0","0","0","0"
"F9","07/31/2024","3286","N613FR","CVG","05:33","05:46","13","0","0","0","0","0"
"F9","07/31/2024","3294","N383FR","ATL","00:59","02:58","119","90","0","0","0","15"
"F9","07/31/2024","3302","N702FR","STL","06:15","06:01","-14","0","0","0","0","0"
"F9","07/31/2024","3312","N626FR","MCO","11:10","11:21","11","0","0","0","0","0"
"F9","07/31/2024","3340","N641FR","PHL","23:56","00:12","16","8","0","27","0","8"
"F9","07/31/2024","3405","N308FR","SEA","18:47","19:07","20","0","0","0","0","0"
"F9","07/31/2024","3421","N723FR","ELP","18:09","19:07","58","29","0","0","0","19"
"F9","07/31/2024","3439","N716FR","SFO","22:15","22:19","4","0","0","0","0","0"
"F9","07/31/2024","3539","N385FR","LAS","23:00","22:53","-7","0","0","0","0","0"
"F9","07/31/2024","3566","N711FR","DTW","16:22","17:52","90","90","0","2","0","0"
"F9","07/31/2024","3665","N704FR","SMF","09:30","10:46","76","62","0","0","0","0"
"F9","07/31/2024","3708","N614FR","SAT","17:42","18:14","32","20","0","0","0","0"
"F9","07/31/2024","3718","N384FR","MDW","08:51","09:44","53","53","0","8","0","0"
"F9","07/31/2024","3981","N317FR","SLC","11:00","12:17","77","4","0","0","0","63"
"F9","07/31/2024","4042","N370FR","SFO","06:31","06:55","24","0","0","0","0","0"
"F9","07/31/2024","4070","","DFW","15:11","00:00","0","0","0","0","0","0"
"F9","07/31/2024","4386","N614FR","CID","11:24","11:17","-7","0","0","0","0","0"
"F9","07/31/2024","4464","N235FR","DFW","07:39","07:51","12","0","0","0","0","0"
"F9","07/31/2024","4611","N371FR","LAS","20:59","21:29","30","0","0","0","0","17"
"F9","07/31/2024","4721","N631FR","SLC","22:38","22:46","8","0","0","0","0","0"
"F9","07/31/2024","4753","N336FR","PHX","23:30","03:05","215","0","0","236","0","0"
"F9","07/31/2024","4794","N720FR","FAR","10:18","10:26","8","6","0","48","0","2"
"F9","07/31/2024","4828","N349FR","MCI","09:45","09:50","5","0","0","0","0","0"
"F9","07/31/2024","4917","N616FR","SJC","16:14","16:12","-2","0","0","0","0","0"
"F9","07/31/2024","4927","N701FR","SAN","12:47","12:45","-2","0","0","0","0","0"
"F9","07/31/2024","4981","N377FR","LAS","13:55","14:21","26","26","0","1","0","0"
"F9","08/01/2024","0686","N305FR","DCA","06:42","06:52","10","0","0","0","0","0"
"F9","08/01/2024","0688","N385FR","DCA","12:41","12:39","-2","0","0","0","0","0"
"F9","08/01/2024","0690","N376FR","DCA","16:28","16:25","-3","0","0","0","0","0"
"F9","08/01/2024","1093","N624FR","SFO","05:01","04:58","-3","0","0","0","0","0"
"F9","08/01/2024","1114","N613FR","TPA","23:59","00:24","25","0","0","0","0","0"
"F9","08/01/2024","1128","N649FR","OMA","12:52","13:09","17","17","0","3","0","0"
"F9","08/01/2024","1150","N644FR","MSP","05:01","05:00","-1","0","0","0","0","0"
"F9","08/01/2024","1162","N385FR","HOU","05:22","05:20","-2","0","0","0","0","0"
"F9","08/01/2024","1175","N631FR","SEA","08:25","08:38","13","0","0","0","0","0"
"F9","08/01/2024","1228","N381FR","MDW","18:34","19:48","74","14","0","26","0","60"
"F9","08/01/2024","1261","N354FR","ONT","09:41","12:11","150","0","0","0","0","139"
"F9","08/01/2024","1280","N629FR","MIA","17:42","18:25","43","13","0","0","0","21"
"F9","08/01/2024","1324","N649FR","DFW","06:14","06:18","4","0","0","0","0","0"
"F9","08/01/2024","1375","N376FR","PHX","05:11","05:11","0","0","0","0","0","0"
"F9","08/01/2024","1402","N361FR","BNA","08:36","08:35","-1","0","0","0","0","0"
"F9","08/01/2024","1450","N323FR","ATL","10:36","10:41","5","5","0","47","0","0"
"F9","08/01/2024","1499","N620FR","ONT","22:37","22:33","-4","0","0","0","0","0"
"F9","08/01/2024","1560","N629FR","MSN","11:20","11:22","2","0","0","0","0","0"
"F9","08/01/2024","1678","N373FR","DSM","10:51","11:35","44","1","0","0","0","34"
"F9","08/01/2024","1734","N718FR","MCO","00:49","01:44","55","0","0","0","0","46"
"F9","08/01/2024","1789","N313FR","PDX","06:05","06:00","-5","0","0","0","0","0"
"F9","08/01/2024","1816","N330FR","AUS","17:10","17:42","32","32","0","0","0","0"
"F9","08/01/2024","1819","N324FR","PHX","08:51","09:08","17","0","0","0","0","0"
"F9","08/01/2024","1864","N347FR","OKC","09:45","09:36","-9","0","0","0","0","0"
"F9","08/01/2024","1918","N616FR","CLE","06:00","06:28","28","0","0","0","0","0"
"F9","08/01/2024","1993","N349FR","LAS","10:36","10:45","9","0","0","0","0","0"
"F9","08/01/2024","2015","N723FR","LAS","06:31","06:22","-9","0","0","0","0","0"
"F9","08/01/2024","2098","N305FR","SAT","15:49","15:50","1","0","0","0","0","0"
"F9","08/01/2024","2108","N308FR","FSD","12:33","12:55","22","0","0","0","0","0"
"F9","08/01/2024","2141","N317FR","PHX","14:50","14:45","-5","0","0","0","0","0"
"F9","08/01/2024","2261","N349FR","ELP","05:01","05:14","13","0","0","0","0","0"
"F9","08/01/2024","2348","N603FR","IND","05:06","07:04","118","107","0","0","0","0"
"F9","08/01/2024","2349","N337FR","LAS","13:55","13:50","-5","0","0","0","0","0"
"F9","08/01/2024","2360","N649FR","MSY","18:11","18:48","37","0","0","0","0","22"
"F9","08/01/2024","2382","N609FR","ORF","06:00","16:33","633","56","0","0","0","576"
"F9","08/01/2024","2429","N723FR","LAS","17:01","17:14","13","0","0","0","0","0"
"F9","08/01/2024","2438","N399FR","RDU","15:06","15:05","-1","0","0","0","0","0"
"F9","08/01/2024","2687","N385FR","PDX","22:07","21:54","-13","0","0","0","0","0"
"F9","08/01/2024","2706","N720FR","BWI","07:05","07:41","36","32","0","0","0","0"
"F9","08/01/2024","2746","N652FR","TPA","12:05","11:57","-8","0","0","0","0","0"
"F9","08/01/2024","2780","N328FR","MDW","07:40","08:07","27","27","0","10","0","0"
"F9","08/01/2024","2817","N701FR","SAN","08:05","08:09","4","0","0","0","0","0"
"F9","08/01/2024","3004","N613FR","CLT","05:11","05:03","-8","0","0","0","0","0"
"F9","08/01/2024","3138","N723FR","MIA","23:59","00:01","2","0","0","0","0","0"
"F9","08/01/2024","3155","N230FR","LAX","19:07","19:38","31","18","0","0","0","0"
"F9","08/01/2024","3162","N369FR","LGA","16:15","17:55","100","0","0","149","0","0"
"F9","08/01/2024","3174","N361FR","ORD","21:00","21:18","18","1","0","0","0","15"
"F9","08/01/2024","3230","N704FR","IAH","08:05","09:05","60","49","0","0","0","0"
"F9","08/01/2024","3266","N644FR","PHL","11:00","11:11","11","0","0","0","0","0"
"F9","08/01/2024","3276","N313FR","BMI","13:15","13:14","-1","0","0","0","0","0"
"F9","08/01/2024","3286","N348FR","CVG","07:48","08:10","22","15","0","10","0","7"
"F9","08/01/2024","3294","N370FR","ATL","00:59","01:08","9","0","0","0","0","0"
"F9","08/01/2024","3302","N631FR","STL","16:45","16:40","-5","0","0","0","0","0"
"F9","08/01/2024","3312","N626FR","MCO","09:00","09:11","11","0","0","0","0","0"
"F9","08/01/2024","3340","N719FR","PHL","23:59","01:44","105","63","0","22","0","42"
"F9","08/01/2024","3376","N708FR","MCI","05:55","05:50","-5","0","0","0","0","0"
"F9","08/01/2024","3421","N624FR","ELP","19:36","19:54","18","18","0","1","0","0"
"F9","08/01/2024","3439","","SFO","22:15","00:00","0","0","0","0","0","0"
"F9","08/01/2024","3467","N362FR","PHX","21:01","20:57","-4","0","0","0","0","0"
"F9","08/01/2024","3566","N634FR","DTW","12:47","13:52","65","14","0","2","0","51"
"F9","08/01/2024","3949","N373FR","LAS","22:38","23:38","60","0","0","0","0","39"
"F9","08/01/2024","3981","N376FR","SLC","11:18","11:08","-10","0","0","0","0","0"
"F9","08/01/2024","4030","N720FR","SAV","16:17","17:10","53","3","0","0","0","38"
"F9","08/01/2024","4070","N704FR","DFW","15:23","16:17","54","0","0","0","0","43"
"F9","08/01/2024","4235","N305FR","SLC","22:40","22:37","-3","0","0","0","0","0"
"F9","08/01/2024","4251","N614FR","SLC","17:15","17:46","31","7","0","1","0","24"
"F9","08/01/2024","4344","N308FR","XNA","06:55","06:48","-7","0","0","0","0","0"
"F9","08/01/2024","4371","N373FR","SNA","16:16","17:19","63","39","0","0","0","9"
"F9","08/01/2024","4374","N610FR","PIT","13:07","13:35","28","0","0","0","0","0"
"F9","08/01/2024","4386","N624FR","CID","12:51","12:53","2","0","0","0","0","0"
"F9","08/01/2024","4576","N701FR","CMH","15:45","18:14","149","15","0","16","0","134"
"F9","08/01/2024","4616","N360FR","MSP","16:05","15:55","-10","0","0","0","0","0"
"F9","08/01/2024","4626","N634FR","MEM","06:00","06:11","11","0","0","0","0","0"
"F9","08/01/2024","4647","N308FR","SEA","17:42","18:25","43","0","0","0","0","37"
"F9","08/01/2024","4753","N334FR","PHX","23:30","23:21","-9","0","0","25","0","0"
"F9","08/01/2024","4776","N614FR","LIT","10:20","10:41","21","0","0","0","0","15"
"F9","08/01/2024","4794","N716FR","FAR","06:15","06:15","0","0","0","0","0","0"
"F9","08/01/2024","4856","N615FR","IAH","18:12","18:17","5","5","0","13","0","0"
"F9","08/01/2024","4917","N716FR","SJC","15:52","15:54","2","0","0","0","0","0"
"F9","08/01/2024","4927","N603FR","SAN","12:37","14:36","119","0","0","0","0","106"
"F9","08/01/2024","4967","N323FR","LAS","19:11","19:15","4","0","0","0","0","0"
"F9","08/01/2024","4989","N313FR","SAN","19:54","20:29","35","26","0","0","0","0"
"F9","08/02/2024","0686","N323FR","DCA","06:42","07:12","30","0","0","0","0","0"
"F9","08/02/2024","0688","N369FR","DCA","12:41","12:36","-5","0","0","0","0","0"
"F9","08/02/2024","0690","","DCA","16:25","00:00","0","0","0","0","0","0"
"F9","08/02/2024","0922","N631FR","MSY","18:10","18:16","6","6","0","26","0","0"
"F9","08/02/2024","1066","N624FR","GRB","14:11","13:59","-12","0","0","0","0","0"
"F9","08/02/2024","1114","N702FR","TPA","23:59","00:31","32","0","0","0","0","21"
"F9","08/02/2024","1128","N354FR","OMA","11:14","11:01","-13","0","0","0","0","0"
"F9","08/02/2024","1130","N388FR","HOU","18:03","18:06","3","1","0","34","0","2"
"F9","08/02/2024","1150","N720FR","MSP","12:28","12:25","-3","0","0","0","0","0"
"F9","08/02/2024","1175","N704FR","SEA","05:06","06:12","66","66","0","11","0","0"
"F9","08/02/2024","1248","N718FR","GRR","12:56","13:15","19","0","0","0","0","0"
"F9","08/02/2024","1261","N716FR","ONT","05:01","04:52","-9","0","0","0","0","0"
"F9","08/02/2024","1280","N641FR","MIA","18:59","21:28","149","5","0","0","0","142"
"F9","08/02/2024","1292","N720FR","MSP","18:54","20:36","102","34","0","0","0","55"
"F9","08/02/2024","1324","N615FR","DFW","05:30","05:30","0","0","0","0","0","0"
"F9","08/02/2024","1402","N624FR","BNA","06:31","06:26","-5","0","0","0","0","0"
"F9","08/02/2024","1439","N362FR","SLC","14:48","14:48","0","0","0","0","0","0"
"F9","08/02/2024","1450","N603FR","ATL","06:45","06:48","3","0","0","0","0","0"
"F9","08/02/2024","1499","N624FR","ONT","22:20","22:18","-2","0","0","0","0","0"
"F9","08/02/2024","1560","N720FR","MSN","05:31","05:30","-1","0","0","0","0","0"
"F9","08/02/2024","1608","N619FR","MKE","17:11","18:30","79","15","0","3","0","64"
"F9","08/02/2024","1678","N723FR","DSM","10:53","10:44","-9","0","0","0","0","0"
"F9","08/02/2024","1702","N701FR","SYR","14:11","14:03","-8","0","0","0","0","0"
"F9","08/02/2024","1734","N301FR","MCO","00:49","03:35","166","142","0","0","0","0"
"F9","08/02/2024","1752","N229FR","CVG","20:24","20:33","9","1","0","11","0","8"
"F9","08/02/2024","1789","N388FR","PDX","05:06","05:25","19","0","0","0","0","0"
"F9","08/02/2024","1816","N381FR","AUS","05:01","04:52","-9","0","0","0","0","0"
"F9","08/02/2024","1819","N391FR","PHX","09:05","08:56","-9","0","0","0","0","0"
"F9","08/02/2024","1864","N649FR","OKC","11:44","11:34","-10","0","0","0","0","0"
"F9","08/02/2024","1918","N704FR","CLE","12:52","14:13","81","0","0","0","0","73"
"F9","08/02/2024","1993","N622FR","LAS","10:09","10:09","0","0","0","0","0","0"
"F9","08/02/2024","2015","N708FR","LAS","06:31","07:14","43","35","0","0","0","0"
"F9","08/02/2024","2105","N650FR","PHX","21:20","21:15","-5","0","0","0","0","0"
"F9","08/02/2024","2108","N376FR","FSD","09:57","09:48","-9","0","0","0","0","0"
"F9","08/02/2024","2141","","PHX","14:40","00:00","0","0","0","0","0","0"
"F9","08/02/2024","2148","N383FR","DFW","07:49","07:49","0","0","0","0","0","0"
"F9","08/02/2024","2261","N610FR","ELP","17:42","17:40","-2","0","0","21","0","0"
"F9","08/02/2024","2348","N610FR","IND","10:05","09:55","-10","0","0","0","0","0"
"F9","08/02/2024","2349","N358FR","LAS","13:55","13:47","-8","0","0","0","0","0"
"F9","08/02/2024","2356","N649FR","SAT","05:01","05:00","-1","0","0","0","0","0"
"F9","08/02/2024","2374","N381FR","TYS","16:44","19:28","164","4","0","0","0","160"
"F9","08/02/2024","2421","N723FR","SAN","16:38","16:31","-7","0","0","0","0","0"
"F9","08/02/2024","2429","N644FR","LAS","16:33","16:24","-9","0","0","0","0","0"
"F9","08/02/2024","2438","N376FR","RDU","15:22","15:21","-1","0","0","0","0","0"
"F9","08/02/2024","2454","N621FR","PNS","16:43","19:41","178","8","0","0","0","155"
"F9","08/02/2024","2687","N614FR","PDX","22:06","21:57","-9","0","0","0","0","0"
"F9","08/02/2024","2746","N649FR","TPA","17:33","18:06","33","14","0","12","0","19"
"F9","08/02/2024","2752","N353FR","BUF","14:05","14:17","12","0","0","0","0","0"
"F9","08/02/2024","2817","N620FR","SAN","06:45","06:47","2","0","0","0","0","0"
"F9","08/02/2024","2907","N722FR","ONT","19:42","21:10","88","0","0","0","0","79"
"F9","08/02/2024","3004","N609FR","CLT","05:15","05:12","-3","0","0","21","0","0"
"F9","08/02/2024","3101","N388FR","MSO","12:14","12:04","-10","0","0","0","0","0"
"F9","08/02/2024","3138","N610FR","MIA","23:59","23:48","-11","0","0","0","0","0"
"F9","08/02/2024","3155","N373FR","LAX","19:07","19:43","36","9","0","2","0","27"
"F9","08/02/2024","3162","N354FR","LGA","16:15","16:45","30","0","0","73","0","0"
"F9","08/02/2024","3172","N361FR","ORD","20:10","20:59","49","17","0","3","0","32"
"F9","08/02/2024","3206","N716FR","IAH","18:08","18:13","5","0","0","0","0","0"
"F9","08/02/2024","3230","N353FR","IAH","07:15","07:12","-3","0","0","0","0","0"
"F9","08/02/2024","3266","N652FR","PHL","06:40","06:37","-3","0","0","0","0","0"
"F9","08/02/2024","3276","N615FR","BMI","12:29","12:20","-9","0","0","0","0","0"
"F9","08/02/2024","3294","N308FR","ATL","00:59","01:46","47","0","0","0","0","24"
"F9","08/02/2024","3302","N322FR","STL","06:15","06:32","17","0","0","0","0","0"
"F9","08/02/2024","3312","N713FR","MCO","10:51","10:45","-6","0","0","0","0","0"
"F9","08/02/2024","3340","N704FR","PHL","23:41","00:41","60","13","0","0","0","37"
"F9","08/02/2024","3376","N614FR","MCI","05:55","05:48","-7","0","0","0","0","0"
"F9","08/02/2024","3439","N604FR","SFO","22:15","22:09","-6","0","0","0","0","0"
"F9","08/02/2024","3539","N353FR","LAS","22:48","22:48","0","0","0","0","0","0"
"F9","08/02/2024","3566","N701FR","DTW","06:00","06:03","3","0","0","0","0","0"
"F9","08/02/2024","3665","N305FR","SMF","14:55","14:48","-7","0","0","0","0","0"
"F9","08/02/2024","3718","N375FR","MDW","08:51","08:42","-9","0","0","0","0","0"
"F9","08/02/2024","3843","N232FR","LAS","18:34","19:25","51","29","0","0","0","8"
"F9","08/02/2024","3861","N631FR","SLC","06:31","07:16","45","32","0","0","0","0"
"F9","08/02/2024","4042","N385FR","SFO","06:31","06:25","-6","0","0","0","0","0"
"F9","08/02/2024","4070","N603FR","DFW","15:19","15:14","-5","0","0","0","0","0"
"F9","08/02/2024","4344","N716FR","XNA","11:53","11:50","-3","0","0","0","0","0"
"F9","08/02/2024","4371","N305FR","SNA","08:13","08:04","-9","0","0","0","0","0"
"F9","08/02/2024","4386","N621FR","CID","10:20","11:04","44","22","0","0","0","9"
"F9","08/02/2024","4464","N369FR","DFW","21:32","22:24","52","0","0","0","0","38"
"F9","08/02/2024","4647","N604FR","SEA","12:43","12:52","9","0","0","33","0","9"
"F9","08/02/2024","4721","N603FR","SLC","22:03","22:10","7","7","0","47","0","0"
"F9","08/02/2024","4753","N317FR","PHX","23:30","23:28","-2","0","0","0","0","0"
"F9","08/02/2024","4794","N631FR","FAR","11:52","11:54","2","0","0","0","0","0"
"F9","08/02/2024","4917","N620FR","SJC","16:07","16:33","26","3","0","0","0","14"
"F9","08/02/2024","4927","N381FR","SAN","11:21","11:15","-6","0","0","0","0","0"
"F9","08/02/2024","4989","N324FR","SAN","19:50","20:20","30","6","0","4","0","24"
"F9","08/03/2024","0686","N238FR","DCA","06:42","06:39","-3","0","0","0","0","0"
"F9","08/03/2024","0688","N305FR","DCA","12:41","13:35","54","0","0","0","0","0"
"F9","08/03/2024","0690","N376FR","DCA","16:28","16:46","18","15","0","64","0","3"
"F9","08/03/2024","1063","N343FR","SMF","12:11","12:01","-10","0","0","0","0","0"
"F9","08/03/2024","1093","N354FR","SFO","06:31","07:00","29","17","0","0","0","0"
"F9","08/03/2024","1114","N614FR","TPA","23:59","00:04","5","0","0","0","0","0"
"F9","08/03/2024","1128","N631FR","OMA","11:56","11:44","-12","0","0","0","0","0"
"F9","08/03/2024","1150","N329FR","MSP","22:06","22:16","10","0","0","0","0","0"
"F9","08/03/2024","1162","N305FR","HOU","05:01","04:59","-2","0","0","0","0","0"
"F9","08/03/2024","1175","N720FR","SEA","10:36","10:59","23","0","0","0","0","19"
"F9","08/03/2024","1248","N388FR","GRR","13:47","13:45","-2","0","0","0","0","0"
"F9","08/03/2024","1261","N603FR","ONT","08:23","08:13","-10","0","0","0","0","0"
"F9","08/03/2024","1280","N380FR","MIA","18:25","19:01","36","0","0","0","0","0"
"F9","08/03/2024","1292","N720FR","MSP","18:41","19:00","19","0","0","0","0","0"
"F9","08/03/2024","1362","N624FR","CLT","05:31","05:37","6","0","0","0","0","0"
"F9","08/03/2024","1402","N631FR","BNA","17:19","17:14","-5","0","0","0","0","0"
"F9","08/03/2024","1450","N310FR","ATL","11:39","12:06","27","10","0","71","0","17"
"F9","08/03/2024","1499","N636FR","ONT","22:40","22:38","-2","0","0","0","0","0"
"F9","08/03/2024","1560","N722FR","MSN","05:01","06:41","100","87","0","0","0","0"
"F9","08/03/2024","1608","N388FR","MKE","07:00","06:57","-3","0","0","0","0","0"
"F9","08/03/2024","1678","N625FR","DSM","10:36","10:31","-5","0","0","0","0","0"
"F9","08/03/2024","1702","N614FR","SYR","13:24","13:19","-5","0","0","0","0","0"
"F9","08/03/2024","1734","N701FR","MCO","00:49","00:47","-2","0","0","20","0","0"
"F9","08/03/2024","1789","N614FR","PDX","06:00","05:51","-9","0","0","0","0","0"
"F9","08/03/2024","1819","","PHX","09:05","00:00","0","0","0","0","0","0"
"F9","08/03/2024","1864","N323FR","OKC","09:50","09:41","-9","0","0","0","0","0"
"F9","08/03/2024","1993","N709FR","LAS","10:14","10:13","-1","0","0","0","0","0"
"F9","08/03/2024","2015","N640FR","LAS","05:30","06:17","47","31","0","0","0","0"
"F9","08/03/2024","2098","N716FR","SAT","18:26","19:04","38","0","0","0","0","26"
"F9","08/03/2024","2108","N360FR","FSD","13:52","13:47","-5","0","0","0","0","0"
"F9","08/03/2024","2141","","PHX","14:32","00:00","0","0","0","0","0","0"
"F9","08/03/2024","2148","N350FR","DFW","07:29","08:03","34","33","0","0","0","0"
"F9","08/03/2024","2210","N375FR","MDW","09:41","09:36","-5","0","0","0","0","0"
"F9","08/03/2024","2261","N716FR","ELP","12:47","13:15","28","13","0","2","0","15"
"F9","08/03/2024","2348","N716FR","IND","05:16","05:15","-1","0","0","0","0","0"
"F9","08/03/2024","2349","N230FR","LAS","13:55","14:18","23","0","0","0","0","0"
"F9","08/03/2024","2356","N631FR","SAT","05:11","05:23","12","0","0","0","0","0"
"F9","08/03/2024","2374","N381FR","TYS","16:11","16:57","46","0","0","0","0","32"
"F9","08/03/2024","2421","N722FR","SAN","15:25","15:25","0","0","0","21","0","0"
"F9","08/03/2024","2429","N610FR","LAS","15:55","16:25","30","0","0","0","0","0"
"F9","08/03/2024","2438","N323FR","RDU","15:20","15:16","-4","0","0","0","0","0"
"F9","08/03/2024","2454","N640FR","PNS","14:50","14:56","6","0","0","0","0","0"
"F9","08/03/2024","2632","N615FR","DFW","18:40","18:45","5","0","0","0","0","0"
"F9","08/03/2024","2687","N722FR","PDX","22:07","22:32","25","0","0","0","0","0"
"F9","08/03/2024","2706","N607FR","BWI","10:58","12:40","102","0","0","0","0","0"
"F9","08/03/2024","2746","N702FR","TPA","17:22","21:44","262","0","0","0","0","237"
"F9","08/03/2024","2752","N238FR","BUF","15:54","16:08","14","0","0","0","0","0"
"F9","08/03/2024","2817","N620FR","SAN","06:45","06:41","-4","0","0","0","0","0"
"F9","08/03/2024","2890","N620FR","AUS","16:29","16:36","7","0","0","0","0","0"
"F9","08/03/2024","3101","N312FR","MSO","13:58","14:52","54","0","0","0","0","30"
"F9","08/03/2024","3138","N620FR","MIA","23:59","00:07","8","8","0","13","0","0"
"F9","08/03/2024","3155","N388FR","LAX","19:07","21:06","119","101","0","0","0","0"
"F9","08/03/2024","3162","N603FR","LGA","15:14","15:20","6","0","0","32","0","0"
"F9","08/03/2024","3172","N312FR","ORD","19:15","20:41","86","0","0","0","0","77"
"F9","08/03/2024","3230","N615FR","IAH","05:06","05:30","24","0","0","0","0","0"
"F9","08/03/2024","3266","N723FR","PHL","06:45","07:43","58","58","0","3","0","0"
"F9","08/03/2024","3286","N604FR","CVG","05:38","06:07","29","4","0","0","0","13"
"F9","08/03/2024","3294","N385FR","ATL","00:59","00:57","-2","0","0","0","0","0"
"F9","08/03/2024","3302","N619FR","STL","06:15","06:22","7","0","0","0","0","0"
"F9","08/03/2024","3312","N717FR","MCO","10:46","11:02","16","0","0","0","0","0"
"F9","08/03/2024","3340","","PHL","23:59","00:00","0","0","0","0","0","0"
"F9","08/03/2024","3376","N720FR","MCI","05:01","04:59","-2","0","0","0","0","0"
"F9","08/03/2024","3405","N360FR","SEA","19:16","19:11","-5","0","0","0","0","0"
"F9","08/03/2024","3435","N391FR","SFO","22:25","22:40","15","0","0","0","0","0"
"F9","08/03/2024","3467","N634FR","PHX","16:53","18:45","112","112","0","20","0","0"
"F9","08/03/2024","3541","N624FR","LAS","22:38","00:32","114","0","0","0","0","95"
"F9","08/03/2024","3566","N713FR","DTW","12:31","12:29","-2","0","0","0","0","0"
"F9","08/03/2024","3981","N376FR","SLC","11:14","11:35","21","0","0","0","0","0"
"F9","08/03/2024","4070","N621FR","DFW","11:53","12:02","9","0","0","0","0","0"
"F9","08/03/2024","4235","","SLC","23:08","00:00","0","0","0","0","0","0"
"F9","08/03/2024","4344","N312FR","XNA","08:00","09:01","61","57","0","0","0","0"
"F9","08/03/2024","4371","N360FR","SNA","07:15","07:09","-6","0","0","0","0","0"
"F9","08/03/2024","4386","N615FR","CID","12:26","12:28","2","0","0","20","0","2"
"F9","08/03/2024","4611","N343FR","LAS","21:05","20:55","-10","0","0","0","0","0"
"F9","08/03/2024","4638","N638FR","CLE","17:57","17:49","-8","0","0","0","0","0"
"F9","08/03/2024","4721","N378FR","SLC","20:10","20:36","26","0","0","5","0","26"
"F9","08/03/2024","4753","N336FR","PHX","23:30","23:25","-5","0","0","0","0","0"
"F9","08/03/2024","4794","N610FR","FAR","09:20","10:34","74","0","0","0","0","66"
"F9","08/03/2024","4856","N621FR","IAH","18:29","18:41","12","0","0","0","0","0"
"F9","08/03/2024","4917","N381FR","SJC","07:40","07:30","-10","0","0","0","0","0"
"F9","08/03/2024","4927","","SAN","10:55","00:00","0","0","0","0","0","0"
"F9","08/04/2024","0686","N391FR","DCA","06:42","07:00","18","0","0","0","0","0"
"F9","08/04/2024","0688","N360FR","DCA","12:41","12:33","-8","0","0","0","0","0"
"F9","08/04/2024","0690","N238FR","DCA","16:25","15:46","-39","0","0","0","0","0"
"F9","08/04/2024","1093","N644FR","SFO","05:11","05:10","-1","0","0","0","0","0"
"F9","08/04/2024","1128","N622FR","OMA","08:34","09:07","33","23","0","0","0","0"
"F9","08/04/2024","1162","N305FR","HOU","05:41","05:31","-10","0","0","0","0","0"
"F9","08/04/2024","1175","N621FR","SEA","06:35","06:34","-1","0","0","45","0","0"
"F9","08/04/2024","1228","N329FR","MDW","18:34","19:36","62","35","0","0","0","25"
"F9","08/04/2024","1248","N615FR","GRR","14:38","14:34","-4","0","0","0","0","0"
"F9","08/04/2024","1261","N720FR","ONT","11:45","11:44","-1","0","0","0","0","0"
"F9","08/04/2024","1280","N620FR","MIA","18:23","21:41","198","24","0","0","0","174"
"F9","08/04/2024","1362","N634FR","CLT","05:01","05:01","0","0","0","0","0","0"
"F9","08/04/2024","1375","N720FR","PHX","05:45","05:45","0","0","0","0","0","0"
"F9","08/04/2024","1402","N347FR","BNA","08:36","13:42","306","2","0","9","0","304"
"F9","08/04/2024","1450","N354FR","ATL","11:39","13:01","82","16","0","25","0","66"
"F9","08/04/2024","1499","N604FR","ONT","22:40","22:32","-8","0","0","0","0","0"
"F9","08/04/2024","1560","N640FR","MSN","06:00","05:55","-5","0","0","0","0","0"
"F9","08/04/2024","1678","N238FR","DSM","10:54","10:54","0","0","0","0","0","0"
"F9","08/04/2024","1734","N381FR","MCO","00:49","00:54","5","0","0","0","0","0"
"F9","08/04/2024","1789","N354FR","PDX","06:05","06:00","-5","0","0","0","0","0"
"F9","08/04/2024","1816","N313FR","AUS","16:49","16:48","-1","0","0","0","0","0"
"F9","08/04/2024","1819","N378FR","PHX","08:51","08:42","-9","0","0","0","0","0"
"F9","08/04/2024","1864","N376FR","OKC","09:57","12:51","174","0","0","5","0","174"
"F9","08/04/2024","1918","N624FR","CLE","06:00","07:39","99","6","0","0","0","80"
"F9","08/04/2024","1993","N232FR","LAS","10:59","10:48","-11","0","0","0","0","0"
"F9","08/04/2024","2015","N711FR","LAS","06:31","06:26","-5","0","0","25","0","0"
"F9","08/04/2024","2108","N607FR","FSD","13:09","13:51","42","0","0","0","0","30"
"F9","08/04/2024","2141","N316FR","PHX","14:50","15:10","20","0","0","0","0","0"
"F9","08/04/2024","2210","N349FR","MDW","08:36","08:33","-3","0","0","0","0","0"
"F9","08/04/2024","2261","N238FR","ELP","05:01","05:07","6","0","0","0","0","0"
"F9","08/04/2024","2348","N615FR","IND","07:15","07:10","-5","0","0","0","0","0"
"F9","08/04/2024","2349","N366FR","LAS","13:55","14:04","9","0","0","0","0","0"
"F9","08/04/2024","2360","N358FR","MSY","18:20","18:18","-2","0","0","0","0","0"
"F9","08/04/2024","2382","N604FR","ORF","12:51","13:05","14","0","0","0","0","0"
"F9","08/04/2024","2429","N652FR","LAS","17:01","18:09","68","0","0","0","0","61"
"F9","08/04/2024","2438","N373FR","RDU","15:22","15:33","11","0","0","0","0","0"
"F9","08/04/2024","2687","N228FR","PDX","22:16","22:06","-10","0","0","0","0","0"
"F9","08/04/2024","2706","N644FR","BWI","12:39","12:41","2","0","0","0","0","0"
"F9","08/04/2024","2746","","TPA","16:15","00:00","0","0","0","0","0","0"
"F9","08/04/2024","2817","N716FR","SAN","06:20","06:17","-3","0","0","34","0","0"
"F9","08/04/2024","3155","N388FR","LAX","19:07","19:14","7","0","0","0","0","0"
"F9","08/04/2024","3162","N621FR","LGA","15:14","16:01","47","47","0","91","0","0"
"F9","08/04/2024","3174","N363FR","ORD","21:00","22:39","99","3","0","13","0","96"
"F9","08/04/2024","3200","N644FR","MSP","22:18","22:24","6","0","0","0","0","0"
"F9","08/04/2024","3230","N603FR","IAH","05:01","04:57","-4","0","0","0","0","0"
"F9","08/04/2024","3266","N636FR","PHL","10:55","11:10","15","15","0","20","0","0"
"F9","08/04/2024","3276","N228FR","BMI","13:15","15:26","131","0","0","0","0","116"
"F9","08/04/2024","3286","N383FR","CVG","07:48","07:45","-3","0","0","0","0","0"
"F9","08/04/2024","3294","N235FR","ATL","00:59","02:02","63","0","0","0","0","38"
"F9","08/04/2024","3302","N310FR","STL","09:00","08:51","-9","0","0","0","0","0"
"F9","08/04/2024","3312","N364FR","MCO","09:00","09:30","30","0","0","17","0","0"
"F9","08/04/2024","3376","N631FR","MCI","05:55","05:44","-11","0","0","0","0","0"
"F9","08/04/2024","3421","N631FR","ELP","19:25","21:27","122","0","0","0","0","112"
"F9","08/04/2024","3439","N640FR","SFO","22:15","22:10","-5","0","0","33","0","0"
"F9","08/04/2024","3467","N324FR","PHX","21:01","21:00","-1","0","0","0","0","0"
"F9","08/04/2024","3566","N713FR","DTW","12:32","12:34","2","2","0","14","0","0"
"F9","08/04/2024","3708","N718FR","SAT","18:40","19:22","42","2","0","0","0","39"
"F9","08/04/2024","3981","N603FR","SLC","11:13","12:01","48","0","0","0","0","46"
"F9","08/04/2024","4070","N722FR","DFW","13:58","14:07","9","0","0","0","0","0"
"F9","08/04/2024","4251","N702FR","SLC","17:15","17:06","-9","0","0","0","0","0"
"F9","08/04/2024","4344","N652FR","XNA","12:32","12:31","-1","0","0","0","0","0"
"F9","08/04/2024","4371","N310FR","SNA","15:17","15:08","-9","0","0","0","0","0"
"F9","08/04/2024","4374","N622FR","PIT","13:51","14:16","25","0","0","0","0","0"
"F9","08/04/2024","4386","N305FR","CID","12:26","12:15","-11","0","0","0","0","0"
"F9","08/04/2024","4464","N722FR","DFW","07:30","07:25","-5","0","0","0","0","0"
"F9","08/04/2024","4576","N625FR","CMH","16:01","16:35","34","13","0","0","0","10"
"F9","08/04/2024","4616","N376FR","MSP","16:13","18:03","110","0","0","20","0","110"
"F9","08/04/2024","4626","N604FR","MEM","06:00","05:51","-9","0","0","0","0","0"
"F9","08/04/2024","4647","N603FR","SEA","15:54","17:25","91","0","0","0","0","82"
"F9","08/04/2024","4721","","SLC","22:04","00:00","0","0","0","0","0","0"
"F9","08/04/2024","4753","N346FR","PHX","23:30","23:20","-10","0","0","0","0","0"
"F9","08/04/2024","4776","N702FR","LIT","10:18","10:11","-7","0","0","0","0","0"
"F9","08/04/2024","4794","N360FR","FAR","06:31","06:21","-10","0","0","0","0","0"
"F9","08/04/2024","4856","N720FR","IAH","18:38","18:48","10","0","0","0","0","0"
"F9","08/04/2024","4917","N716FR","SJC","15:54","16:09","15","9","0","21","0","6"
"F9","08/04/2024","4927","N640FR","SAN","12:21","13:29","68","0","0","0","0","67"
"F9","08/04/2024","4967","N607FR","LAS","19:03","19:08","5","0","0","0","0","0"
"F9","08/04/2024","4989","N336FR","SAN","19:54","20:47","53","0","0","0","0","38"
"F9","08/05/2024","0686","N310FR","DCA","06:42","06:42","0","0","0","0","0","0"
"F9","08/05/2024","0688","N323FR","DCA","12:41","12:41","0","0","0","0","0","0"
"F9","08/05/2024","0690","N373FR","DCA","16:28","16:25","-3","0","0","0","0","0"
"F9","08/05/2024","1066","N621FR","GRB","11:41","12:10","29","0","0","0","0","25"
"F9","08/05/2024","1093","N305FR","SFO","06:31","06:33","2","0","0","0","0","0"
"F9","08/05/2024","1150","N646FR","MSP","12:26","13:19","53","49","0","0","0","0"
"F9","08/05/2024","1162","N230FR","HOU","08:35","08:27","-8","0","0","0","0","0"
"F9","08/05/2024","1175","N391FR","SEA","05:11","05:09","-2","0","0","0","0","0"
"F9","08/05/2024","1248","N391FR","GRR","13:06","13:08","2","0","0","0","0","0"
"F9","08/05/2024","1280","N620FR","MIA","18:04","20:51","167","0","111","7","0","56"
"F9","08/05/2024","1292","","MSP","17:00","00:00","0","0","0","0","0","0"
"F9","08/05/2024","1324","N702FR","DFW","05:30","05:22","-8","0","0","0","0","0"
"F9","08/05/2024","1362","N631FR","CLT","05:25","05:23","-2","0","0","0","0","0"
"F9","08/05/2024","1402","N716FR","BNA","06:55","06:50","-5","0","0","0","0","0"
"F9","08/05/2024","1450","N372FR","ATL","11:39","11:36","-3","0","0","0","0","0"
"F9","08/05/2024","1499","N611FR","ONT","22:40","01:22","162","151","0","0","0","0"
"F9","08/05/2024","1560","N372FR","MSN","05:06","05:01","-5","0","0","0","0","0"
"F9","08/05/2024","1608","N607FR","MKE","17:04","19:00","116","0","33","5","0","83"
"F9","08/05/2024","1678","N644FR","DSM","09:09","09:08","-1","0","0","0","0","0"
"F9","08/05/2024","1702","N634FR","SYR","14:52","14:37","-15","0","0","0","0","0"
"F9","08/05/2024","1734","N622FR","MCO","00:49","01:12","23","23","0","5","0","0"
"F9","08/05/2024","1789","N718FR","PDX","07:55","09:13","78","65","0","0","0","0"
"F9","08/05/2024","1816","N621FR","AUS","05:01","04:52","-9","0","0","0","0","0"
"F9","08/05/2024","1819","N362FR","PHX","09:00","09:05","5","0","0","0","0","0"
"F9","08/05/2024","1864","N603FR","OKC","05:01","05:01","0","0","0","0","0","0"
"F9","08/05/2024","1874","N646FR","OMA","18:40","20:10","90","4","0","0","0","86"
"F9","08/05/2024","1918","N640FR","CLE","08:55","08:45","-10","0","0","0","0","0"
"F9","08/05/2024","1993","N385FR","LAS","10:14","10:11","-3","0","0","0","0","0"
"F9","08/05/2024","2015","N228FR","LAS","06:31","06:22","-9","0","0","0","0","0"
"F9","08/05/2024","2098","N621FR","SAT","18:53","20:39","106","8","0","0","0","95"
"F9","08/05/2024","2105","N342FR","PHX","20:57","22:20","83","83","0","9","0","0"
"F9","08/05/2024","2108","N604FR","FSD","11:15","11:07","-8","0","0","0","0","0"
"F9","08/05/2024","2141","N238FR","PHX","14:40","16:35","115","25","0","4","0","90"
"F9","08/05/2024","2148","N233FR","DFW","07:39","07:48","9","0","0","0","0","0"
"F9","08/05/2024","2210","","MDW","08:51","00:00","0","0","0","0","0","0"
"F9","08/05/2024","2348","N720FR","IND","06:40","06:32","-8","0","0","0","0","0"
"F9","08/05/2024","2349","N339FR","LAS","13:55","14:26","31","0","0","32","0","0"
"F9","08/05/2024","2374","N604FR","TYS","16:49","16:52","3","0","0","0","0","0"
"F9","08/05/2024","2421","N230FR","SAN","15:37","15:29","-8","0","0","0","0","0"
"F9","08/05/2024","2429","N641FR","LAS","16:33","17:48","75","0","40","24","0","35"
"F9","08/05/2024","2438","N316FR","RDU","15:06","15:41","35","27","0","0","0","0"
"F9","08/05/2024","2454","N399FR","PNS","16:09","17:30","81","0","0","0","0","0"
"F9","08/05/2024","2687","N343FR","PDX","22:10","22:10","0","0","0","0","0","0"
"F9","08/05/2024","2746","N614FR","TPA","17:22","18:45","83","51","0","0","0","27"
"F9","08/05/2024","2752","N310FR","BUF","15:55","15:50","-5","0","0","0","0","0"
"F9","08/05/2024","2817","N706FR","SAN","06:45","06:34","-11","0","0","0","0","0"
"F9","08/05/2024","2890","N722FR","AUS","17:50","18:40","50","0","24","16","0","26"
"F9","08/05/2024","2907","N603FR","ONT","17:20","17:47","27","0","16","25","0","11"
"F9","08/05/2024","3101","N603FR","MSO","10:50","10:40","-10","0","0","0","0","0"
"F9","08/05/2024","3155","N368FR","LAX","19:07","19:44","37","24","0","12","0","13"
"F9","08/05/2024","3162","N644FR","LGA","15:14","16:49","95","93","0","0","0","0"
"F9","08/05/2024","3172","N304FR","ORD","20:05","22:49","164","0","0","0","0","160"
"F9","08/05/2024","3200","N717FR","MSP","22:06","00:58","172","9","0","0","0","163"
"F9","08/05/2024","3206","N716FR","IAH","14:31","16:08","97","0","0","5","0","97"
"F9","08/05/2024","3228","N605FR","IAH","17:54","18:44","50","0","25","19","0","25"
"F9","08/05/2024","3230","N646FR","IAH","05:11","05:04","-7","0","0","0","0","0"
"F9","08/05/2024","3266","N710FR","PHL","06:41","07:12","31","18","0","0","0","0"
"F9","08/05/2024","3286","N329FR","CVG","05:33","05:25","-8","0","0","0","0","0"
"F9","08/05/2024","3294","N317FR","ATL","00:59","01:38","39","35","0","0","0","0"
"F9","08/05/2024","3302","N625FR","STL","06:15","06:11","-4","0","0","0","0","0"
"F9","08/05/2024","3312","","MCO","10:46","00:00","0","0","0","0","0","0"
"F9","08/05/2024","3376","N238FR","MCI","09:45","10:13","28","0","0","10","0","28"
"F9","08/05/2024","3405","N702FR","SEA","14:06","14:13","7","0","0","0","0","0"
"F9","08/05/2024","3421","N710FR","ELP","19:24","22:38","194","194","0","6","0","0"
"F9","08/05/2024","3439","N702FR","SFO","22:15","23:24","69","59","0","0","0","0"
"F9","08/05/2024","3539","N718FR","LAS","22:38","23:19","41","0","0","0","0","18"
"F9","08/05/2024","3566","N634FR","DTW","06:41","06:57","16","0","0","0","0","0"
"F9","08/05/2024","3665","N342FR","SMF","11:50","11:44","-6","0","0","0","0","0"
"F9","08/05/2024","3843","N636FR","LAS","18:49","19:54","65","0","27","0","0","28"
"F9","08/05/2024","3861","N358FR","SLC","06:31","08:29","118","112","0","0","0","0"
"F9","08/05/2024","4070","N718FR","DFW","15:32","16:59","87","0","0","0","0","77"
"F9","08/05/2024","4235","N324FR","SLC","22:59","23:55","56","56","0","35","0","0"
"F9","08/05/2024","4251","N362FR","SLC","14:43","16:07","84","84","0","47","0","0"
"F9","08/05/2024","4371","N228FR","SNA","12:50","12:46","-4","0","0","0","0","0"
"F9","08/05/2024","4386","N605FR","CID","10:29","11:27","58","0","0","0","0","53"
"F9","08/05/2024","4464","N377FR","DFW","21:39","00:32","173","31","0","0","0","138"
"F9","08/05/2024","4545","N722FR","SEA","10:00","09:51","-9","0","0","0","0","0"
"F9","08/05/2024","4721","N615FR","SLC","18:06","21:25","199","26","0","6","0","173"
"F9","08/05/2024","4753","N339FR","PHX","23:25","01:58","153","2","0","0","0","137"
"F9","08/05/2024","4794","N607FR","FAR","11:00","10:51","-9","0","0","0","0","0"
"F9","08/05/2024","4917","N720FR","SJC","15:26","15:25","-1","0","0","0","0","0"
"F9","08/05/2024","4927","N615FR","SAN","11:24","12:08","44","43","0","0","0","0"
"F9","08/05/2024","4989","N330FR","SAN","19:54","20:56","62","4","0","0","0","55"
"F9","08/06/2024","0686","N323FR","DCA","06:42","06:48","6","0","0","0","0","0"
"F9","08/06/2024","0688","N305FR","DCA","12:41","13:05","24","0","0","0","0","0"
"F9","08/06/2024","0690","N316FR","DCA","16:25","17:56","91","8","0","0","0","76"
"F9","08/06/2024","1093","N305FR","SFO","05:25","05:15","-10","0","0","0","0","0"
"F9","08/06/2024","1128","N706FR","OMA","13:00","13:04","4","0","0","0","0","0"
"F9","08/06/2024","1150","N716FR","MSP","22:06","22:11","5","0","0","0","0","0"
"F9","08/06/2024","1162","N230FR","HOU","10:56","11:09","13","0","0","0","0","0"
"F9","08/06/2024","1175","N710FR","SEA","06:36","10:37","241","0","0","0","0","231"
"F9","08/06/2024","1228","N373FR","MDW","17:26","17:59","33","33","0","1","0","0"
"F9","08/06/2024","1261","N706FR","ONT","06:10","06:08","-2","0","0","0","0","0"
"F9","08/06/2024","1324","N718FR","DFW","06:00","05:56","-4","0","0","0","0","0"
"F9","08/06/2024","1362","N636FR","CLT","05:11","05:06","-5","0","0","0","0","0"
"F9","08/06/2024","1375","N621FR","PHX","05:01","04:54","-7","0","0","16","0","0"
"F9","08/06/2024","1402","N304FR","BNA","08:36","08:28","-8","0","0","0","0","0"
"F9","08/06/2024","1450","N372FR","ATL","11:39","11:55","16","0","0","0","0","0"
"F9","08/06/2024","1484","N646FR","ORD","08:00","08:21","21","16","0","0","0","0"
"F9","08/06/2024","1499","N718FR","ONT","22:40","22:54","14","8","0","36","0","6"
"F9","08/06/2024","1560","N634FR","MSN","12:00","11:51","-9","0","0","0","0","0"
"F9","08/06/2024","1734","N639FR","MCO","00:49","02:27","98","41","0","0","0","56"
"F9","08/06/2024","1789","N631FR","PDX","05:06","04:57","-9","0","0","0","0","0"
"F9","08/06/2024","1816","N644FR","AUS","05:01","05:01","0","0","0","0","0","0"
"F9","08/06/2024","1819","N310FR","PHX","08:51","09:12","21","16","0","0","0","0"
"F9","08/06/2024","1864","N350FR","OKC","09:55","10:11","16","0","0","0","0","0"
"F9","08/06/2024","1918","N607FR","CLE","06:00","06:01","1","0","0","0","0","0"
"F9","08/06/2024","1993","N720FR","LAS","09:30","09:58","28","22","0","0","0","0"
"F9","08/06/2024","2015","N716FR","LAS","07:00","06:49","-11","0","0","0","0","0"
"F9","08/06/2024","2141","N344FR","PHX","14:50","16:21","91","0","0","3","0","91"
"F9","08/06/2024","2148","N336FR","DFW","09:05","09:56","51","51","0","8","0","0"
"F9","08/06/2024","2261","N615FR","ELP","08:25","09:32","67","62","0","0","0","0"
"F9","08/06/2024","2348","N373FR","IND","09:45","09:48","3","0","0","0","0","0"
"F9","08/06/2024","2349","N385FR","LAS","13:55","14:05","10","0","0","0","0","0"
"F9","08/06/2024","2356","N611FR","SAT","17:21","17:42","21","0","0","0","0","0"
"F9","08/06/2024","2360","N350FR","MSY","15:08","15:14","6","0","0","0","0","0"
"F9","08/06/2024","2382","N631FR","ORF","12:36","12:52","16","0","0","0","0","0"
"F9","08/06/2024","2429","N642FR","LAS","15:55","15:49","-6","0","0","0","0","0"
"F9","08/06/2024","2438","N323FR","RDU","15:20","16:36","76","67","0","5","0","9"
"F9","08/06/2024","2632","N706FR","DFW","18:28","18:55","27","0","0","0","0","0"
"F9","08/06/2024","2687","N305FR","PDX","22:16","22:10","-6","0","0","0","0","0"
"F9","08/06/2024","2706","N646FR","BWI","15:25","15:32","7","0","0","0","0","0"
"F9","08/06/2024","2817","N603FR","SAN","06:45","06:54","9","9","0","7","0","0"
"F9","08/06/2024","2946","N379FR","MDW","13:46","14:05","19","0","0","0","0","0"
"F9","08/06/2024","3138","N603FR","MIA","16:44","17:15","31","27","0","7","0","4"
"F9","08/06/2024","3155","N378FR","LAX","19:07","19:31","24","0","0","0","0","0"
"F9","08/06/2024","3162","","LGA","15:14","00:00","0","0","0","0","0","0"
"F9","08/06/2024","3174","N366FR","ORD","21:00","21:07","7","0","0","0","0","0"
"F9","08/06/2024","3206","N369FR","IAH","08:36","09:38","62","0","0","23","0","62"
"F9","08/06/2024","3266","N640FR","PHL","10:55","11:19","24","24","0","6","0","0"
"F9","08/06/2024","3276","N716FR","BMI","13:18","13:32","14","0","0","0","0","0"
"F9","08/06/2024","3286","N324FR","CVG","07:48","08:11","23","15","0","0","0","0"
"F9","08/06/2024","3294","N722FR","ATL","00:59","02:16","77","0","0","0","0","52"
"F9","08/06/2024","3312","N622FR","MCO","10:21","10:56","35","0","0","0","0","0"
"F9","08/06/2024","3376","N604FR","MCI","05:35","05:43","8","0","0","0","0","0"
"F9","08/06/2024","3405","N230FR","SEA","17:41","18:15","34","0","0","0","0","33"
"F9","08/06/2024","3439","N720FR","SFO","22:14","22:24","10","0","0","0","0","0"
"F9","08/06/2024","3467","N330FR","PHX","20:12","20:45","33","0","0","11","0","33"
"F9","08/06/2024","3566","N702FR","DTW","12:31","13:57","86","78","0","0","0","0"
"F9","08/06/2024","3981","N316FR","SLC","11:14","11:48","34","23","0","0","0","1"
"F9","08/06/2024","4070","N718FR","DFW","12:37","12:41","4","0","0","0","0","0"
"F9","08/06/2024","4235","N358FR","SLC","22:36","23:10","34","0","0","0","0","29"
"F9","08/06/2024","4344","N611FR","XNA","11:20","11:17","-3","0","0","0","0","0"
"F9","08/06/2024","4371","N358FR","SNA","16:00","16:17","17","0","0","0","0","0"
"F9","08/06/2024","4478","N634FR","STL","18:48","19:27","39","0","0","0","0","34"
"F9","08/06/2024","4544","N621FR","CID","18:03","18:03","0","0","0","0","0","0"
"F9","08/06/2024","4576","N615FR","CMH","14:33","15:10","37","0","0","0","0","27"
"F9","08/06/2024","4611","N631FR","LAS","22:38","22:43","5","0","0","0","0","0"
"F9","08/06/2024","4616","N343FR","MSP","15:15","16:49","94","78","0","5","0","16"
"F9","08/06/2024","4626","N644FR","MEM","11:41","12:03","22","0","0","0","0","0"
"F9","08/06/2024","4721","N238FR","SLC","18:00","18:40","40","6","0","0","0","29"
"F9","08/06/2024","4753","N362FR","PHX","23:30","01:04","94","0","0","6","0","94"
"F9","08/06/2024","4776","N621FR","LIT","11:01","11:10","9","0","0","0","0","0"
"F9","08/06/2024","4794","N634FR","FAR","05:55","05:50","-5","0","0","0","0","0"
"F9","08/06/2024","4917","N235FR","SJC","15:47","15:39","-8","0","0","0","0","0"
"F9","08/06/2024","4967","N644FR","LAS","18:49","19:41","52","0","0","0","0","40"
"F9","08/06/2024","4989","","SAN","19:54","00:00","0","0","0","0","0","0"
"F9","08/07/2024","0686","N373FR","DCA","06:42","06:30","-12","0","0","0","0","0"
"F9","08/07/2024","0688","N235FR","DCA","12:41","12:56","15","0","0","0","0","0"
"F9","08/07/2024","0690","N304FR","DCA","16:25","17:16","51","23","0","17","0","28"
"F9","08/07/2024","1066","N612FR","GRB","09:15","09:05","-10","0","0","0","0","0"
"F9","08/07/2024","1093","N305FR","SFO","06:31","06:21","-10","0","0","0","0","0"
"F9","08/07/2024","1128","N350FR","OMA","11:22","12:02","40","36","0","0","0","0"
"F9","08/07/2024","1130","N230FR","HOU","18:20","20:50","150","35","0","5","0","115"
"F9","08/07/2024","1150","N720FR","MSP","22:06","22:16","10","0","0","0","0","0"
"F9","08/07/2024","1175","N644FR","SEA","05:01","04:52","-9","0","0","0","0","0"
"F9","08/07/2024","1248","N639FR","GRR","13:52","13:53","1","0","0","0","0","0"
"F9","08/07/2024","1261","N615FR","ONT","17:11","17:25","14","0","0","0","0","0"
"F9","08/07/2024","1280","N644FR","MIA","18:04","19:34","90","0","0","17","0","90"
"F9","08/07/2024","1292","N646FR","MSP","18:51","19:39","48","0","0","0","0","35"
"F9","08/07/2024","1362","N634FR","CLT","05:01","05:02","1","0","0","0","0","0"
"F9","08/07/2024","1402","N358FR","BNA","08:13","08:01","-12","0","0","0","0","0"
"F9","08/07/2024","1450","N323FR","ATL","11:39","12:52","73","0","0","0","0","70"
"F9","08/07/2024","1499","N604FR","ONT","22:40","22:47","7","0","0","0","0","0"
"F9","08/07/2024","1560","N230FR","MSN","12:16","12:08","-8","0","0","0","0","0"
"F9","08/07/2024","1608","N230FR","MKE","05:20","05:13","-7","0","0","0","0","0"
"F9","08/07/2024","1678","N721FR","DSM","12:26","12:27","1","0","0","0","0","0"
"F9","08/07/2024","1702","N605FR","SYR","15:05","15:05","0","0","0","0","0","0"
"F9","08/07/2024","1734","N382FR","MCO","00:49","00:46","-3","0","0","0","0","0"
"F9","08/07/2024","1789","N228FR","PDX","05:06","05:36","30","30","0","1","0","0"
"F9","08/07/2024","1816","N646FR","AUS","05:01","05:02","1","0","0","0","0","0"
"F9","08/07/2024","1819","N342FR","PHX","09:00","08:59","-1","0","0","0","0","0"
"F9","08/07/2024","1864","N235FR","OKC","07:15","07:11","-4","0","0","0","0","0"
"F9","08/07/2024","1918","N718FR","CLE","10:53","10:48","-5","0","0","0","0","0"
"F9","08/07/2024","1993","N710FR","LAS","06:00","05:52","-8","0","0","0","0","0"
"F9","08/07/2024","2015","N316FR","LAS","09:59","10:52","53","45","0","0","0","0"
"F9","08/07/2024","2105","N363FR","PHX","20:05","22:16","131","0","0","0","0","122"
"F9","08/07/2024","2108","N644FR","FSD","12:47","13:09","22","0","0","0","0","0"
"F9","08/07/2024","2141","N347FR","PHX","14:40","15:34","54","12","0","5","0","42"
"F9","08/07/2024","2148","N328FR","DFW","09:45","09:36","-9","0","0","0","0","0"
"F9","08/07/2024","2210","N353FR","MDW","08:51","08:46","-5","0","0","0","0","0"
"F9","08/07/2024","2348","N706FR","IND","06:31","06:28","-3","0","0","0","0","0"
"F9","08/07/2024","2349","N385FR","LAS","13:55","13:53","-2","0","0","0","0","0"
"F9","08/07/2024","2374","N706FR","TYS","13:57","14:07","10","0","0","12","0","10"
"F9","08/07/2024","2421","N621FR","SAN","16:40","16:37","-3","0","0","0","0","0"
"F9","08/07/2024","2429","N391FR","LAS","15:55","16:51","56","41","0","0","0","0"
"F9","08/07/2024","2438","N373FR","RDU","15:55","15:46","-9","0","0","0","0","0"
"F9","08/07/2024","2454","N612FR","PNS","16:23","17:16","53","0","0","0","0","30"
"F9","08/07/2024","2577","N358FR","SNA","15:35","15:34","-1","0","0","0","0","0"
"F9","08/07/2024","2632","N714FR","DFW","18:49","19:14","25","0","0","0","0","0"
"F9","08/07/2024","2687","N358FR","PDX","22:16","22:08","-8","0","0","0","0","0"
"F9","08/07/2024","2746","N228FR","TPA","17:59","19:17","78","0","0","0","0","71"
"F9","08/07/2024","2752","N720FR","BUF","12:15","13:16","61","46","0","0","0","0"
"F9","08/07/2024","2817","N304FR","SAN","06:45","06:34","-11","0","0","27","0","0"
"F9","08/07/2024","3101","N228FR","MSO","12:16","12:21","5","0","0","0","0","0"
"F9","08/07/2024","3155","N343FR","LAX","19:07","20:05","58","0","0","0","0","44"
"F9","08/07/2024","3162","N637FR","LGA","15:14","16:25","71","71","0","4","0","0"
"F9","08/07/2024","3172","N330FR","ORD","20:10","20:46","36","19","0","17","0","17"
"F9","08/07/2024","3228","N646FR","IAH","11:41","11:29","-12","0","0","0","0","0"
"F9","08/07/2024","3266","N615FR","PHL","07:05","07:01","-4","0","0","0","0","0"
"F9","08/07/2024","3286","N636FR","CVG","05:33","05:25","-8","0","0","0","0","0"
"F9","08/07/2024","3294","N387FR","ATL","00:59","01:03","4","4","0","17","0","0"
"F9","08/07/2024","3302","N631FR","STL","06:15","06:05","-10","0","0","0","0","0"
"F9","08/07/2024","3312","N640FR","MCO","11:10","11:17","7","0","0","0","0","0"
"F9","08/07/2024","3405","N311FR","SEA","18:47","18:57","10","0","0","0","0","0"
"F9","08/07/2024","3421","N721FR","ELP","18:09","18:48","39","0","0","0","0","23"
"F9","08/07/2024","3439","N706FR","SFO","22:15","22:48","33","0","0","0","0","28"
"F9","08/07/2024","3539","N235FR","LAS","23:00","00:30","90","72","0","0","0","0"
"F9","08/07/2024","3566","N611FR","DTW","16:22","16:36","14","0","0","0","0","0"
"F9","08/07/2024","3708","N715FR","SAT","17:42","17:42","0","0","0","27","0","0"
"F9","08/07/2024","3861","N718FR","SLC","19:26","20:16","50","10","0","0","0","31"
"F9","08/07/2024","3981","N322FR","SLC","11:00","10:50","-10","0","0","0","0","0"
"F9","08/07/2024","4070","N604FR","DFW","15:11","15:33","22","0","0","0","0","0"
"F9","08/07/2024","4386","N715FR","CID","11:24","11:17","-7","0","0","0","0","0"
"F9","08/07/2024","4464","N351FR","DFW","07:39","07:26","-13","0","0","0","0","0"
"F9","08/07/2024","4611","N385FR","LAS","20:59","21:05","6","0","0","0","0","0"
"F9","08/07/2024","4721","N615FR","SLC","22:38","23:44","66","0","0","19","0","66"
"F9","08/07/2024","4753","N342FR","PHX","23:30","23:31","1","0","0","0","0","0"
"F9","08/07/2024","4794","N621FR","FAR","10:18","10:38","20","0","0","0","0","0"
"F9","08/07/2024","4828","N716FR","MCI","09:45","09:40","-5","0","0","0","0","0"
"F9","08/07/2024","4917","N350FR","SJC","16:14","17:50","96","0","0","0","0","92"
"F9","08/08/2024","0686","N358FR","DCA","06:42","06:31","-11","0","0","0","0","0"
"F9","08/08/2024","0688","N230FR","DCA","12:41","13:05","24","0","0","0","0","0"
"F9","08/08/2024","0690","N373FR","DCA","16:28","17:13","45","0","0","13","0","29"
"F9","08/08/2024","1093","N712FR","SFO","05:01","05:29","28","28","0","1","0","0"
"F9","08/08/2024","1128","N712FR","OMA","12:52","12:42","-10","0","0","0","0","0"
"F9","08/08/2024","1162","N310FR","HOU","05:22","05:47","25","15","0","0","0","0"
"F9","08/08/2024","1175","N615FR","SEA","08:25","08:24","-1","0","0","0","0","0"
"F9","08/08/2024","1228","N388FR","MDW","18:34","19:26","52","44","0","0","0","0"
"F9","08/08/2024","1248","N615FR","GRR","16:15","16:15","0","0","0","0","0","0"
"F9","08/08/2024","1261","N350FR","ONT","16:26","16:25","-1","0","0","17","0","0"
"F9","08/08/2024","1280","N714FR","MIA","18:23","18:55","32","0","0","0","0","0"
"F9","08/08/2024","1324","N311FR","DFW","06:40","08:50","130","130","0","2","0","0"
"F9","08/08/2024","1362","N637FR","CLT","05:11","06:16","65","65","0","18","0","0"
"F9","08/08/2024","1375","N350FR","PHX","05:11","05:08","-3","0","0","0","0","0"
"F9","08/08/2024","1402","N384FR","BNA","08:36","09:29","53","0","0","0","0","53"
"F9","08/08/2024","1450","N323FR","ATL","11:39","11:35","-4","0","0","27","0","0"
"F9","08/08/2024","1499","N358FR","ONT","22:40","22:28","-12","0","0","0","0","0"
"F9","08/08/2024","1560","N714FR","MSN","11:20","11:20","0","0","0","0","0","0"
"F9","08/08/2024","1678","N350FR","DSM","10:51","10:48","-3","0","0","0","0","0"
"F9","08/08/2024","1734","N605FR","MCO","00:49","00:44","-5","0","0","20","0","0"
"F9","08/08/2024","1789","N230FR","PDX","06:05","06:03","-2","0","0","0","0","0"
"F9","08/08/2024","1816","N372FR","AUS","17:19","17:21","2","0","0","0","0","0"
"F9","08/08/2024","1819","N339FR","PHX","08:51","08:46","-5","0","0","0","0","0"
"F9","08/08/2024","1864","N304FR","OKC","09:45","10:57","72","14","0","0","0","48"
"F9","08/08/2024","1918","N636FR","CLE","06:00","07:18","78","69","0","0","0","0"
"F9","08/08/2024","1993","N372FR","LAS","10:36","10:47","11","0","0","0","0","0"
"F9","08/08/2024","2015","N716FR","LAS","06:31","07:03","32","25","0","0","0","0"
"F9","08/08/2024","2098","N358FR","SAT","15:54","15:55","1","0","0","0","0","0"
"F9","08/08/2024","2108","N235FR","FSD","12:33","12:23","-10","0","0","0","0","0"
"F9","08/08/2024","2141","N380FR","PHX","14:50","14:51","1","0","0","0","0","0"
"F9","08/08/2024","2148","N715FR","DFW","12:16","12:10","-6","0","0","0","0","0"
"F9","08/08/2024","2210","N353FR","MDW","07:40","08:23","43","0","0","0","0","34"
"F9","08/08/2024","2261","N714FR","ELP","05:01","05:58","57","51","0","0","0","0"
"F9","08/08/2024","2348","N646FR","IND","05:06","05:21","15","0","0","0","0","0"
"F9","08/08/2024","2349","N379FR","LAS","13:55","14:39","44","0","0","73","0","13"
"F9","08/08/2024","2360","N712FR","MSY","18:11","18:11","0","0","0","0","0","0"
"F9","08/08/2024","2382","N706FR","ORF","06:00","07:10","70","61","0","0","0","0"
"F9","08/08/2024","2429","N716FR","LAS","17:06","19:02","116","0","0","75","0","30"
"F9","08/08/2024","2438","N304FR","RDU","15:06","16:07","61","0","0","0","0","52"
"F9","08/08/2024","2687","N230FR","PDX","22:07","22:08","1","0","0","0","0","0"
"F9","08/08/2024","2706","N620FR","BWI","07:45","07:55","10","0","0","0","0","0"
"F9","08/08/2024","2746","","TPA","12:05","00:00","0","0","0","0","0","0"
"F9","08/08/2024","2752","N721FR","BUF","10:05","10:00","-5","0","0","0","0","0"
"F9","08/08/2024","2817","N611FR","SAN","08:05","08:00","-5","0","0","0","0","0"
"F9","08/08/2024","3155","N385FR","LAX","19:07","19:26","19","0","0","36","0","19"
"F9","08/08/2024","3162","N344FR","LGA","15:14","15:08","-6","0","0","19","0","0"
"F9","08/08/2024","3174","N310FR","ORD","21:00","21:20","20","0","0","0","0","0"
"F9","08/08/2024","3200","N718FR","MSP","22:06","21:57","-9","0","0","0","0","0"
"F9","08/08/2024","3219","N235FR","SLC","18:17","18:09","-8","0","0","64","0","0"
"F9","08/08/2024","3230","N720FR","IAH","08:17","08:45","28","0","0","0","0","22"
"F9","08/08/2024","3266","N604FR","PHL","10:34","10:33","-1","0","0","0","0","0"
"F9","08/08/2024","3276","N310FR","BMI","13:15","13:02","-13","0","0","0","0","0"
"F9","08/08/2024","3286","N324FR","CVG","07:48","08:44","56","0","0","0","0","50"
"F9","08/08/2024","3294","N305FR","ATL","00:59","01:37","38","38","0","20","0","0"
"F9","08/08/2024","3312","N395FR","MCO","09:00","09:07","7","0","0","34","0","7"
"F9","08/08/2024","3376","N718FR","MCI","05:55","05:45","-10","0","0","0","0","0"
"F9","08/08/2024","3421","N646FR","ELP","19:36","20:23","47","4","0","3","0","43"
"F9","08/08/2024","3439","N604FR","SFO","22:15","22:20","5","5","0","18","0","0"
"F9","08/08/2024","3467","N322FR","PHX","21:01","20:59","-2","0","0","0","0","0"
"F9","08/08/2024","3566","N311FR","DTW","12:53","17:53","300","5","0","0","0","285"
"F9","08/08/2024","3949","N716FR","LAS","22:38","00:40","122","0","0","0","0","97"
"F9","08/08/2024","3981","N373FR","SLC","11:18","11:39","21","1","0","0","0","15"
"F9","08/08/2024","4070","N720FR","DFW","15:31","15:48","17","0","0","0","0","0"
"F9","08/08/2024","4235","N235FR","SLC","23:10","00:02","52","0","0","0","0","47"
"F9","08/08/2024","4251","N612FR","SLC","16:47","16:55","8","8","0","66","0","0"
"F9","08/08/2024","4344","N235FR","XNA","06:55","06:54","-1","0","0","0","0","0"
"F9","08/08/2024","4371","N380FR","SNA","07:25","07:19","-6","0","0","0","0","0"
"F9","08/08/2024","4374","N645FR","PIT","13:07","15:39","152","0","0","0","0","138"
"F9","08/08/2024","4386","N611FR","CID","17:31","17:36","5","0","0","0","0","0"
"F9","08/08/2024","4478","N715FR","STL","18:50","18:43","-7","0","0","0","0","0"
"F9","08/08/2024","4576","N706FR","CMH","15:45","18:08","143","53","0","0","0","82"
"F9","08/08/2024","4616","N351FR","MSP","16:05","16:01","-4","0","0","41","0","0"
"F9","08/08/2024","4626","N645FR","MEM","06:00","08:50","170","170","0","5","0","0"
"F9","08/08/2024","4647","N620FR","SEA","17:25","17:21","-4","0","0","0","0","0"
"F9","08/08/2024","4753","N380FR","PHX","23:26","04:44","318","0","0","0","0","315"
"F9","08/08/2024","4776","N612FR","LIT","10:10","10:01","-9","0","0","0","0","0"
"F9","08/08/2024","4794","N715FR","FAR","06:15","06:47","32","18","0","0","0","0"
"F9","08/08/2024","4856","N603FR","IAH","18:12","18:49","37","0","0","0","0","21"
"F9","08/08/2024","4917","N621FR","SJC","15:52","16:28","36","27","0","0","0","8"
"F9","08/08/2024","4927","N646FR","SAN","12:37","13:09","32","5","0","0","0","13"
"F9","08/08/2024","4967","N721FR","LAS","19:06","19:47","41","4","0","0","0","37"
"F9","08/08/2024","4989","N363FR","SAN","19:54","20:40","46","0","0","0","0","29"
"F9","08/09/2024","0686","N230FR","DCA","06:42","06:41","-1","0","0","0","0","0"
"F9","08/09/2024","0688","N342FR","DCA","12:41","15:29","168","79","0","0","0","86"
"F9","08/09/2024","0690","N362FR","DCA","16:25","17:46","81","0","0","0","0","59"
"F9","08/09/2024","1066","N615FR","GRB","14:11","14:29","18","0","0","0","0","0"
"F9","08/09/2024","1093","N358FR","SFO","06:31","06:17","-14","0","0","0","0","0"
"F9","08/09/2024","1128","N229FR","OMA","11:14","15:06","232","10","0","0","0","216"
"F9","08/09/2024","1130","N359FR","HOU","18:15","18:54","39","0","0","0","0","28"
"F9","08/09/2024","1150","N388FR","MSP","12:28","12:22","-6","0","0","0","0","0"
"F9","08/09/2024","1175","N621FR","SEA","05:06","05:01","-5","0","0","0","0","0"
"F9","08/09/2024","1248","N603FR","GRR","12:56","12:51","-5","0","0","0","0","0"
"F9","08/09/2024","1280","N634FR","MIA","18:04","06:12","728","0","0","703","0","0"
"F9","08/09/2024","1292","N624FR","MSP","18:39","19:04","25","25","0","5","0","0"
"F9","08/09/2024","1324","N620FR","DFW","05:30","05:51","21","21","0","8","0","0"
"F9","08/09/2024","1362","N720FR","CLT","05:15","05:21","6","0","0","0","0","0"
"F9","08/09/2024","1402","N615FR","BNA","06:31","07:13","42","25","0","0","0","0"
"F9","08/09/2024","1450","N381FR","ATL","11:54","11:55","1","0","0","0","0","0"
"F9","08/09/2024","1499","N717FR","ONT","22:40","23:19","39","0","0","0","0","28"
"F9","08/09/2024","1560","N388FR","MSN","05:31","05:18","-13","0","0","0","0","0"
"F9","08/09/2024","1608","N704FR","MKE","17:11","17:24","13","0","0","0","0","0"
"F9","08/09/2024","1678","","DSM","10:40","00:00","0","0","0","0","0","0"
"F9","08/09/2024","1702","N706FR","SYR","14:11","14:29","18","0","0","0","0","0"
"F9","08/09/2024","1734","N611FR","MCO","00:49","01:52","63","40","0","0","0","0"
"F9","08/09/2024","1752","N383FR","CVG","20:24","21:09","45","0","0","0","0","21"
"F9","08/09/2024","1789","N359FR","PDX","05:06","04:55","-11","0","0","0","0","0"
"F9","08/09/2024","1816","N715FR","AUS","05:01","05:31","30","30","0","0","0","0"
"F9","08/09/2024","1819","N235FR","PHX","09:05","08:55","-10","0","0","0","0","0"
"F9","08/09/2024","1864","N633FR","OKC","11:44","12:23","39","24","0","0","0","3"
"F9","08/09/2024","1918","N621FR","CLE","12:52","12:57","5","0","0","0","0","0"
"F9","08/09/2024","1993","N238FR","LAS","10:09","09:53","-16","0","0","0","0","0"
"F9","08/09/2024","2015","N603FR","LAS","06:31","06:23","-8","0","0","0","0","0"
"F9","08/09/2024","2105","N609FR","PHX","21:20","22:09","49","0","0","0","0","32"
"F9","08/09/2024","2108","N373FR","FSD","10:24","10:24","0","0","0","0","0","0"
"F9","08/09/2024","2141","N385FR","PHX","14:40","15:08","28","0","0","0","0","27"
"F9","08/09/2024","2148","N389FR","DFW","07:49","07:56","7","0","0","0","0","0"
"F9","08/09/2024","2210","N384FR","MDW","08:51","09:30","39","29","0","0","0","0"
"F9","08/09/2024","2261","N388FR","ELP","17:42","18:50","68","9","0","8","0","59"
"F9","08/09/2024","2348","N362FR","IND","10:05","09:58","-7","0","0","0","0","0"
"F9","08/09/2024","2349","N304FR","LAS","13:55","15:53","118","0","0","0","0","97"
"F9","08/09/2024","2356","N633FR","SAT","05:01","05:06","5","0","0","0","0","0"
"F9","08/09/2024","2360","N620FR","MSY","18:11","18:53","42","0","0","0","0","22"
"F9","08/09/2024","2374","N721FR","TYS","16:44","16:54","10","0","0","0","0","0"
"F9","08/09/2024","2421","","SAN","16:25","00:00","0","0","0","0","0","0"
"F9","08/09/2024","2429","N641FR","LAS","16:33","17:47","74","4","0","0","0","57"
"F9","08/09/2024","2438","N373FR","RDU","15:43","16:10","27","12","0","0","0","4"
"F9","08/09/2024","2454","N604FR","PNS","16:43","16:42","-1","0","0","0","0","0"
"F9","08/09/2024","2687","N612FR","PDX","22:00","22:08","8","0","0","0","0","0"
"F9","08/09/2024","2746","N633FR","TPA","17:33","17:46","13","0","0","0","0","0"
"F9","08/09/2024","2752","N230FR","BUF","15:54","16:12","18","0","0","0","0","0"
"F9","08/09/2024","2817","N604FR","SAN","07:05","06:56","-9","0","0","0","0","0"
"F9","08/09/2024","2907","N629FR","ONT","19:42","20:46","64","2","0","0","0","56"
"F9","08/09/2024","2946","","MDW","05:31","00:00","0","0","0","0","0","0"
"F9","08/09/2024","3101","N359FR","MSO","12:14","12:24","10","0","0","0","0","0"
"F9","08/09/2024","3155","N366FR","LAX","19:07","21:12","125","0","0","0","0","111"
"F9","08/09/2024","3162","","LGA","15:14","00:00","0","0","0","0","0","0"
"F9","08/09/2024","3172","N316FR","ORD","20:10","22:16","126","121","0","0","0","0"
"F9","08/09/2024","3200","N718FR","MSP","22:06","22:21","15","0","0","0","0","0"
"F9","08/09/2024","3206","N715FR","IAH","18:08","18:01","-7","0","0","0","0","0"
"F9","08/09/2024","3228","N716FR","IAH","14:15","14:08","-7","0","0","0","0","0"
"F9","08/09/2024","3230","N229FR","IAH","07:15","08:05","50","49","0","0","0","0"
"F9","08/09/2024","3266","N721FR","PHL","06:40","06:53","13","0","0","0","0","0"
"F9","08/09/2024","3276","N620FR","BMI","12:29","12:19","-10","0","0","0","0","0"
"F9","08/09/2024","3294","","ATL","00:43","00:00","0","0","0","0","0","0"
"F9","08/09/2024","3302","N646FR","STL","06:15","06:22","7","0","0","0","0","0"
"F9","08/09/2024","3312","","MCO","10:51","00:00","0","0","0","0","0","0"
"F9","08/09/2024","3376","N612FR","MCI","05:55","05:57","2","0","0","0","0","0"
"F9","08/09/2024","3439","N621FR","SFO","22:15","22:16","1","0","0","0","0","0"
"F9","08/09/2024","3539","N342FR","LAS","22:48","00:56","128","0","0","0","0","99"
"F9","08/09/2024","3566","N706FR","DTW","06:00","06:06","6","0","0","0","0","0"
"F9","08/09/2024","3665","N395FR","SMF","14:55","15:27","32","2","0","2","0","30"
"F9","08/09/2024","3843","N229FR","LAS","18:49","20:08","79","0","0","0","0","69"
"F9","08/09/2024","3861","N712FR","SLC","05:55","05:51","-4","0","0","0","0","0"
"F9","08/09/2024","3981","N716FR","SLC","08:55","08:52","-3","0","0","0","0","0"
"F9","08/09/2024","4070","N718FR","DFW","15:19","15:12","-7","0","0","0","0","0"
"F9","08/09/2024","4251","N235FR","SLC","14:48","14:43","-5","0","0","0","0","0"
"F9","08/09/2024","4344","N715FR","XNA","11:53","11:59","6","0","0","0","0","0"
"F9","08/09/2024","4371","N395FR","SNA","08:13","08:48","35","3","0","0","0","29"
"F9","08/09/2024","4386","N712FR","CID","09:30","10:45","75","0","0","0","0","63"
"F9","08/09/2024","4464","N232FR","DFW","21:32","01:56","264","0","0","13","0","264"
"F9","08/09/2024","4647","N701FR","SEA","12:43","13:28","45","10","0","0","0","29"
"F9","08/09/2024","4721","N395FR","SLC","22:03","22:17","14","0","0","16","0","14"
"F9","08/09/2024","4753","N650FR","PHX","23:30","23:29","-1","0","0","0","0","0"
"F9","08/09/2024","4794","N718FR","FAR","08:52","09:25","33","0","0","0","0","18"
"F9","08/09/2024","4917","N712FR","SJC","15:52","16:34","42","0","0","2","0","42"
"F9","08/09/2024","4927","N717FR","SAN","11:09","15:59","290","274","0","0","0","0"
"F9","08/09/2024","4989","N385FR","SAN","19:50","20:22","32","0","0","0","0","22"
"F9","08/10/2024","0686","N230FR","DCA","06:42","06:36","-6","0","0","0","0","0"
"F9","08/10/2024","0688","N373FR","DCA","12:41","14:21","100","0","0","0","0","69"
"F9","08/10/2024","0690","N389FR","DCA","16:28","16:47","19","0","0","0","0","0"
"F9","08/10/2024","1063","N388FR","SMF","12:08","12:25","17","0","0","3","0","17"
"F9","08/10/2024","1093","N359FR","SFO","06:31","06:25","-6","0","0","0","0","0"
"F9","08/10/2024","1128","N645FR","OMA","11:56","11:54","-2","0","0","0","0","0"
"F9","08/10/2024","1150","N360FR","MSP","22:06","22:05","-1","0","0","0","0","0"
"F9","08/10/2024","1162","N388FR","HOU","05:01","04:56","-5","0","0","0","0","0"
"F9","08/10/2024","1175","N372FR","SEA","10:36","11:19","43","0","0","89","0","0"
"F9","08/10/2024","1248","N342FR","GRR","13:51","13:52","1","0","0","0","0","0"
"F9","08/10/2024","1261","N718FR","ONT","08:23","08:15","-8","0","0","0","0","0"
"F9","08/10/2024","1280","N372FR","MIA","18:25","19:34","69","12","0","0","0","55"
"F9","08/10/2024","1292","N636FR","MSP","18:41","19:28","47","0","0","0","0","31"
"F9","08/10/2024","1324","N620FR","DFW","05:31","05:27","-4","0","0","0","0","0"
"F9","08/10/2024","1362","N621FR","CLT","05:31","05:43","12","0","0","0","0","0"
"F9","08/10/2024","1402","N645FR","BNA","17:19","17:11","-8","0","0","0","0","0"
"F9","08/10/2024","1450","N343FR","ATL","11:39","12:35","56","7","0","0","0","33"
"F9","08/10/2024","1560","N720FR","MSN","05:01","04:55","-6","0","0","0","0","0"
"F9","08/10/2024","1608","N342FR","MKE","07:00","06:52","-8","0","0","0","0","0"
"F9","08/10/2024","1678","N395FR","DSM","10:31","10:36","5","0","0","0","0","0"
"F9","08/10/2024","1702","N612FR","SYR","13:24","14:02","38","0","0","0","0","19"
"F9","08/10/2024","1734","N644FR","MCO","00:49","01:06","17","0","0","0","0","0"
"F9","08/10/2024","1789","N612FR","PDX","06:00","06:10","10","0","0","0","0","0"
"F9","08/10/2024","1819","N337FR","PHX","09:05","09:00","-5","0","0","0","0","0"
"F9","08/10/2024","1864","","OKC","09:50","00:00","0","0","0","0","0","0"
"F9","08/10/2024","1993","N642FR","LAS","10:14","10:03","-11","0","0","0","0","0"
"F9","08/10/2024","2015","N615FR","LAS","07:25","08:03","38","34","0","0","0","0"
"F9","08/10/2024","2098","N323FR","SAT","18:26","19:49","83","59","0","0","0","14"
"F9","08/10/2024","2108","N362FR","FSD","13:37","14:32","55","41","0","0","0","0"
"F9","08/10/2024","2141","N609FR","PHX","14:32","14:37","5","0","0","0","0","0"
"F9","08/10/2024","2148","N378FR","DFW","07:31","09:39","128","0","0","4","0","128"
"F9","08/10/2024","2210","N391FR","MDW","09:41","13:57","256","1","0","0","0","245"
"F9","08/10/2024","2212","N701FR","DTW","06:30","07:03","33","0","0","0","0","0"
"F9","08/10/2024","2261","N709FR","ELP","16:39","17:14","35","1","0","1","0","34"
"F9","08/10/2024","2348","N715FR","IND","05:11","05:12","1","0","0","0","0","0"
"F9","08/10/2024","2349","N358FR","LAS","13:55","14:22","27","8","0","0","0","12"
"F9","08/10/2024","2356","N645FR","SAT","05:11","05:35","24","24","0","1","0","0"
"F9","08/10/2024","2374","N230FR","TYS","16:11","16:24","13","0","0","0","0","0"
"F9","08/10/2024","2421","N604FR","SAN","15:25","15:14","-11","0","0","0","0","0"
"F9","08/10/2024","2429","N606FR","LAS","15:55","15:45","-10","0","0","0","0","0"
"F9","08/10/2024","2438","N712FR","RDU","15:20","16:31","71","0","0","0","0","31"
"F9","08/10/2024","2454","N701FR","PNS","14:50","15:04","14","0","0","0","0","0"
"F9","08/10/2024","2632","N721FR","DFW","18:40","22:22","222","25","0","0","0","179"
"F9","08/10/2024","2687","N388FR","PDX","22:07","22:13","6","0","0","0","0","0"
"F9","08/10/2024","2706","N717FR","BWI","10:58","10:49","-9","0","0","0","0","0"
"F9","08/10/2024","2746","N719FR","TPA","17:48","19:16","88","83","0","0","0","0"
"F9","08/10/2024","2752","N350FR","BUF","15:54","15:48","-6","0","0","0","0","0"
"F9","08/10/2024","2817","N712FR","SAN","06:45","06:38","-7","0","0","0","0","0"
"F9","08/10/2024","2890","N381FR","AUS","16:49","17:05","16","0","0","0","0","0"
"F9","08/10/2024","3101","N395FR","MSO","16:16","16:13","-3","0","0","0","0","0"
"F9","08/10/2024","3155","N235FR","LAX","19:07","20:53","106","0","0","0","0","99"
"F9","08/10/2024","3162","N718FR","LGA","15:14","15:23","9","0","0","0","0","0"
"F9","08/10/2024","3172","N229FR","ORD","19:15","20:33","78","57","0","0","0","14"
"F9","08/10/2024","3230","N721FR","IAH","05:06","07:16","130","130","0","32","0","0"
"F9","08/10/2024","3266","N706FR","PHL","06:45","06:45","0","0","0","0","0","0"
"F9","08/10/2024","3286","N716FR","CVG","05:38","05:37","-1","0","0","0","0","0"
"F9","08/10/2024","3294","N614FR","ATL","00:59","01:55","56","0","0","0","0","28"
"F9","08/10/2024","3302","N624FR","STL","06:15","06:09","-6","0","0","0","0","0"
"F9","08/10/2024","3312","N652FR","MCO","10:46","10:59","13","0","0","0","0","0"
"F9","08/10/2024","3376","N372FR","MCI","05:01","05:01","0","0","0","0","0","0"
"F9","08/10/2024","3405","N704FR","SEA","18:21","19:11","50","22","0","0","0","25"
"F9","08/10/2024","3439","N604FR","SFO","22:15","22:11","-4","0","0","0","0","0"
"F9","08/10/2024","3467","N706FR","PHX","16:53","16:43","-10","0","0","0","0","0"
"F9","08/10/2024","3566","N715FR","DTW","12:31","12:40","9","0","0","0","0","0"
"F9","08/10/2024","3825","N709FR","ONT","22:42","23:29","47","1","0","0","0","41"
"F9","08/10/2024","3949","N644FR","LAS","22:38","22:35","-3","0","0","0","0","0"
"F9","08/10/2024","3981","N381FR","SLC","11:14","11:33","19","0","8","0","0","9"
"F9","08/10/2024","4070","N720FR","DFW","11:53","11:52","-1","0","0","0","0","0"
"F9","08/10/2024","4235","N701FR","SLC","23:08","23:14","6","0","0","0","0","0"
"F9","08/10/2024","4344","N636FR","XNA","12:42","12:40","-2","0","0","0","0","0"
"F9","08/10/2024","4371","N358FR","SNA","07:00","07:52","52","42","0","0","0","0"
"F9","08/10/2024","4386","N721FR","CID","12:26","15:38","192","0","0","0","0","179"
"F9","08/10/2024","4611","N342FR","LAS","21:02","21:09","7","0","0","0","0","0"
"F9","08/10/2024","4616","N620FR","MSP","12:07","12:02","-5","0","0","0","0","0"
"F9","08/10/2024","4638","N633FR","CLE","17:42","19:55","133","24","0","0","0","82"
"F9","08/10/2024","4721","N362FR","SLC","20:10","20:53","43","31","0","10","0","12"
"F9","08/10/2024","4753","N337FR","PHX","23:30","23:38","8","0","0","0","0","0"
"F9","08/10/2024","4794","N604FR","FAR","09:20","09:18","-2","0","0","0","0","0"
"F9","08/10/2024","4856","N720FR","IAH","18:29","18:21","-8","0","0","19","0","0"
"F9","08/10/2024","4917","N389FR","SJC","07:40","07:27","-13","0","0","0","0","0"
"F9","08/10/2024","4927","N363FR","SAN","10:55","10:50","-5","0","0","0","0","0"
"F9","08/11/2024","0686","N350FR","DCA","06:42","07:08","26","0","0","0","0","0"
"F9","08/11/2024","0688","N338FR","DCA","12:41","12:49","8","0","0","0","0","0"
"F9","08/11/2024","0690","N381FR","DCA","16:25","16:31","6","0","0","0","0","0"
"F9","08/11/2024","1093","N359FR","SFO","05:11","05:05","-6","0","0","0","0","0"
"F9","08/11/2024","1128","N604FR","OMA","08:34","15:32","418","0","0","0","0","409"
"F9","08/11/2024","1162","N388FR","HOU","05:41","05:26","-15","0","0","0","0","0"
"F9","08/11/2024","1175","N704FR","SEA","05:55","05:52","-3","0","0","0","0","0"
"F9","08/11/2024","1228","N388FR","MDW","18:34","18:24","-10","0","0","0","0","0"
"F9","08/11/2024","1248","N621FR","GRR","14:38","15:11","33","21","0","0","0","0"
"F9","08/11/2024","1261","N645FR","ONT","11:45","12:24","39","29","0","0","0","0"
"F9","08/11/2024","1280","N631FR","MIA","18:23","18:14","-9","0","0","0","0","0"
"F9","08/11/2024","1362","N716FR","CLT","05:01","05:29","28","24","0","0","0","0"
"F9","08/11/2024","1375","N645FR","PHX","05:45","05:40","-5","0","0","0","0","0"
"F9","08/11/2024","1402","N316FR","BNA","08:36","08:43","7","0","0","0","0","0"
"F9","08/11/2024","1450","N343FR","ATL","11:39","11:41","2","0","0","0","0","0"
"F9","08/11/2024","1499","N612FR","ONT","22:40","22:40","0","0","0","0","0","0"
"F9","08/11/2024","1560","N612FR","MSN","06:00","05:54","-6","0","0","0","0","0"
"F9","08/11/2024","1678","N381FR","DSM","10:54","10:40","-14","0","0","0","0","0"
"F9","08/11/2024","1734","N323FR","MCO","00:49","02:04","75","39","0","0","0","27"
"F9","08/11/2024","1789","N373FR","PDX","06:05","06:24","19","19","0","7","0","0"
"F9","08/11/2024","1816","N342FR","AUS","16:49","23:09","380","0","0","0","0","372"
"F9","08/11/2024","1819","N229FR","PHX","08:51","08:45","-6","0","0","0","0","0"
"F9","08/11/2024","1864","N389FR","OKC","09:57","09:46","-11","0","0","0","0","0"
"F9","08/11/2024","1918","N636FR","CLE","06:00","05:50","-10","0","0","0","0","0"
"F9","08/11/2024","1993","N232FR","LAS","09:27","09:16","-11","0","0","0","0","0"
"F9","08/11/2024","2015","N706FR","LAS","06:31","06:26","-5","0","0","0","0","0"
"F9","08/11/2024","2108","N644FR","FSD","13:09","13:26","17","0","0","0","0","0"
"F9","08/11/2024","2141","N362FR","PHX","14:50","15:58","68","24","0","0","0","38"
"F9","08/11/2024","2210","N391FR","MDW","08:36","08:29","-7","0","0","0","0","0"
"F9","08/11/2024","2261","N381FR","ELP","05:01","04:51","-10","0","0","0","0","0"
"F9","08/11/2024","2348","N621FR","IND","07:15","07:10","-5","0","0","0","0","0"
"F9","08/11/2024","2349","N387FR","LAS","13:55","13:45","-10","0","0","0","0","0"
"F9","08/11/2024","2360","N718FR","MSY","18:20","19:33","73","0","0","21","0","73"
"F9","08/11/2024","2382","N612FR","ORF","12:51","13:02","11","0","0","0","0","0"
"F9","08/11/2024","2429","N706FR","LAS","17:01","17:02","1","0","0","0","0","0"
"F9","08/11/2024","2438","N359FR","RDU","15:22","15:29","7","0","0","0","0","0"
"F9","08/11/2024","2687","N338FR","PDX","22:16","22:04","-12","0","0","0","0","0"
"F9","08/11/2024","2706","N712FR","BWI","12:39","12:26","-13","0","0","0","0","0"
"F9","08/11/2024","2746","N395FR","TPA","16:15","16:41","26","0","0","0","0","20"
"F9","08/11/2024","2817","N717FR","SAN","06:20","06:38","18","0","0","0","0","0"
"F9","08/11/2024","3155","N361FR","LAX","19:07","19:15","8","0","0","0","0","0"
"F9","08/11/2024","3162","N620FR","LGA","15:14","15:23","9","0","0","0","0","0"
"F9","08/11/2024","3174","N373FR","ORD","21:00","21:53","53","31","0","0","0","0"
"F9","08/11/2024","3200","N720FR","MSP","22:06","21:54","-12","0","0","0","0","0"
"F9","08/11/2024","3230","N718FR","IAH","05:01","05:07","6","0","0","0","0","0"
"F9","08/11/2024","3266","N709FR","PHL","10:55","10:39","-16","0","0","0","0","0"
"F9","08/11/2024","3276","N373FR","BMI","13:09","14:05","56","6","0","0","0","30"
"F9","08/11/2024","3286","N230FR","CVG","07:48","07:40","-8","0","0","0","0","0"
"F9","08/11/2024","3294","N370FR","ATL","00:59","00:54","-5","0","0","0","0","0"
"F9","08/11/2024","3302","N360FR","STL","09:00","09:00","0","0","0","0","0","0"
"F9","08/11/2024","3312","N616FR","MCO","09:00","09:09","9","0","0","0","0","0"
"F9","08/11/2024","3376","N720FR","MCI","05:55","05:43","-12","0","0","0","0","0"
"F9","08/11/2024","3421","N709FR","ELP","19:25","20:55","90","0","0","0","0","81"
"F9","08/11/2024","3439","N621FR","SFO","22:15","22:34","19","2","0","0","0","13"
"F9","08/11/2024","3467","N339FR","PHX","21:01","21:51","50","0","0","0","0","39"
"F9","08/11/2024","3566","N652FR","DTW","12:32","12:18","-14","0","0","0","0","0"
"F9","08/11/2024","3708","N629FR","SAT","18:39","18:32","-7","0","0","0","0","0"
"F9","08/11/2024","3861","N395FR","SLC","06:31","06:22","-9","0","0","0","0","0"
"F9","08/11/2024","3949","N609FR","LAS","22:38","22:52","14","0","0","0","0","0"
"F9","08/11/2024","3981","N395FR","SLC","11:13","11:45","32","0","0","0","0","27"
"F9","08/11/2024","4070","N704FR","DFW","13:53","13:46","-7","0","0","25","0","0"
"F9","08/11/2024","4251","N721FR","SLC","17:15","17:35","20","0","0","52","0","20"
"F9","08/11/2024","4344","N629FR","XNA","12:32","12:26","-6","0","0","0","0","0"
"F9","08/11/2024","4371","N389FR","SNA","15:17","15:11","-6","0","0","0","0","0"
"F9","08/11/2024","4374","N609FR","PIT","13:51","14:22","31","0","0","0","0","0"
"F9","08/11/2024","4386","N388FR","CID","12:26","12:13","-13","0","0","0","0","0"
"F9","08/11/2024","4464","N620FR","DFW","07:35","07:25","-10","0","0","0","0","0"
"F9","08/11/2024","4576","","CMH","15:56","00:00","0","0","0","0","0","0"
"F9","08/11/2024","4616","N366FR","MSP","16:13","20:25","252","0","0","0","0","240"
"F9","08/11/2024","4626","N644FR","MEM","06:00","05:50","-10","0","0","0","0","0"
"F9","08/11/2024","4647","N350FR","SEA","15:54","16:36","42","31","0","0","0","0"
"F9","08/11/2024","4721","N316FR","SLC","22:04","21:54","-10","0","0","0","0","0"
"F9","08/11/2024","4753","N307FR","PHX","23:30","23:18","-12","0","0","0","0","0"
"F9","08/11/2024","4776","N721FR","LIT","10:18","10:45","27","27","0","1","0","0"
"F9","08/11/2024","4794","N629FR","FAR","06:31","06:27","-4","0","0","0","0","0"
"F9","08/11/2024","4856","N645FR","IAH","18:38","19:10","32","0","0","0","0","25"
"F9","08/11/2024","4917","N717FR","SJC","15:54","16:37","43","43","0","39","0","0"
"F9","08/11/2024","4927","N718FR","SAN","12:16","13:06","50","0","0","0","0","39"
"F9","08/11/2024","4967","N644FR","LAS","19:03","18:59","-4","0","0","0","0","0"
"F9","08/11/2024","4989","N337FR","SAN","19:54","20:13","19","0","0","7","0","19"
"F9","08/12/2024","0686","N331FR","DCA","06:42","06:39","-3","0","0","0","0","0"
"F9","08/12/2024","0688","N338FR","DCA","12:41","13:12","31","0","0","0","0","0"
"F9","08/12/2024","0690","N359FR","DCA","16:28","16:28","0","0","0","0","0","0"
"F9","08/12/2024","1066","N645FR","GRB","11:41","12:05","24","0","0","0","0","0"
"F9","08/12/2024","1093","N389FR","SFO","06:45","06:46","1","0","0","0","0","0"
"F9","08/12/2024","1128","N717FR","OMA","16:45","16:58","13","0","0","0","0","0"
"F9","08/12/2024","1150","N712FR","MSP","12:26","12:25","-1","0","0","0","0","0"
"F9","08/12/2024","1162","N366FR","HOU","08:13","08:07","-6","0","0","0","0","0"
"F9","08/12/2024","1175","N338FR","SEA","05:15","05:52","37","7","0","3","0","30"
"F9","08/12/2024","1248","N360FR","GRR","12:47","12:42","-5","0","0","0","0","0"
"F9","08/12/2024","1280","N631FR","MIA","18:04","18:30","26","0","0","0","0","22"
"F9","08/12/2024","1292","N645FR","MSP","18:53","19:25","32","0","0","0","0","27"
"F9","08/12/2024","1324","N706FR","DFW","05:30","05:20","-10","0","0","0","0","0"
"F9","08/12/2024","1362","N620FR","CLT","05:31","05:29","-2","0","0","0","0","0"
"F9","08/12/2024","1402","N704FR","BNA","06:50","06:49","-1","0","0","0","0","0"
"F9","08/12/2024","1450","N377FR","ATL","11:39","11:47","8","8","0","55","0","0"
"F9","08/12/2024","1499","N721FR","ONT","22:30","22:30","0","0","0","0","0","0"
"F9","08/12/2024","1560","N388FR","MSN","05:06","04:58","-8","0","0","0","0","0"
"F9","08/12/2024","1608","N639FR","MKE","16:57","16:58","1","0","0","0","0","0"
"F9","08/12/2024","1678","N709FR","DSM","09:35","09:21","-14","0","0","0","0","0"
"F9","08/12/2024","1702","N718FR","SYR","14:52","14:50","-2","0","0","0","0","0"
"F9","08/12/2024","1789","N721FR","PDX","06:40","06:35","-5","0","0","0","0","0"
"F9","08/12/2024","1816","N645FR","AUS","05:01","05:00","-1","0","0","0","0","0"
"F9","08/12/2024","1819","N347FR","PHX","09:00","08:50","-10","0","0","0","0","0"
"F9","08/12/2024","1864","N629FR","OKC","05:01","04:55","-6","0","0","0","0","0"
"F9","08/12/2024","1918","N720FR","CLE","06:55","08:17","82","0","0","0","0","64"
"F9","08/12/2024","1993","N379FR","LAS","10:09","09:58","-11","0","0","0","0","0"
"F9","08/12/2024","2015","N360FR","LAS","06:31","06:23","-8","0","0","0","0","0"
"F9","08/12/2024","2098","N712FR","SAT","18:41","19:09","28","0","0","22","0","28"
"F9","08/12/2024","2105","N307FR","PHX","20:52","20:37","-15","0","0","0","0","0"
"F9","08/12/2024","2108","N359FR","FSD","11:15","11:34","19","0","0","4","0","19"
"F9","08/12/2024","2141","N710FR","PHX","14:32","14:38","6","0","0","12","0","6"
"F9","08/12/2024","2148","N370FR","DFW","07:49","07:40","-9","0","0","0","0","0"
"F9","08/12/2024","2210","N304FR","MDW","08:51","10:45","114","0","0","0","0","104"
"F9","08/12/2024","2348","N612FR","IND","11:00","10:58","-2","0","0","0","0","0"
"F9","08/12/2024","2349","N238FR","LAS","13:55","13:51","-4","0","0","0","0","0"
"F9","08/12/2024","2374","N701FR","TYS","16:49","16:45","-4","0","0","0","0","0"
"F9","08/12/2024","2421","N366FR","SAN","15:37","15:36","-1","0","0","0","0","0"
"F9","08/12/2024","2429","N641FR","LAS","16:33","16:39","6","0","0","0","0","0"
"F9","08/12/2024","2438","N331FR","RDU","15:06","15:50","44","0","0","0","0","18"
"F9","08/12/2024","2454","N644FR","PNS","16:09","16:13","4","0","0","0","0","0"
"F9","08/12/2024","2687","N344FR","PDX","22:10","22:30","20","0","0","0","0","0"
"F9","08/12/2024","2746","N629FR","TPA","17:22","18:21","59","0","0","0","0","53"
"F9","08/12/2024","2752","N381FR","BUF","15:55","16:55","60","0","0","0","0","45"
"F9","08/12/2024","2817","N644FR","SAN","06:45","06:35","-10","0","0","0","0","0"
"F9","08/12/2024","2907","N719FR","ONT","17:23","18:10","47","0","0","0","0","36"
"F9","08/12/2024","3101","N629FR","MSO","10:53","10:52","-1","0","0","39","0","0"
"F9","08/12/2024","3155","N316FR","LAX","19:07","19:28","21","16","0","0","0","0"
"F9","08/12/2024","3162","N704FR","LGA","15:14","15:08","-6","0","0","0","0","0"
"F9","08/12/2024","3172","N388FR","ORD","20:05","21:25","80","18","0","0","0","56"
"F9","08/12/2024","3206","N706FR","IAH","14:26","14:27","1","0","0","0","0","0"
"F9","08/12/2024","3230","N712FR","IAH","05:11","05:12","1","0","0","0","0","0"
"F9","08/12/2024","3266","N717FR","PHL","06:41","06:36","-5","0","0","0","0","0"
"F9","08/12/2024","3286","N609FR","CVG","05:33","05:30","-3","0","0","0","0","0"
"F9","08/12/2024","3294","N350FR","ATL","00:59","01:19","20","0","0","0","0","0"
"F9","08/12/2024","3302","N723FR","STL","06:15","06:12","-3","0","0","0","0","0"
"F9","08/12/2024","3312","N716FR","MCO","10:46","10:46","0","0","0","0","0","0"
"F9","08/12/2024","3376","N381FR","MCI","09:45","10:46","61","30","0","34","0","31"
"F9","08/12/2024","3405","N721FR","SEA","14:05","14:19","14","0","0","0","0","0"
"F9","08/12/2024","3421","N309FR","ELP","19:24","20:09","45","0","0","0","0","31"
"F9","08/12/2024","3439","N706FR","SFO","22:15","22:15","0","0","0","0","0","0"
"F9","08/12/2024","3539","N636FR","LAS","22:38","23:07","29","0","0","0","0","0"
"F9","08/12/2024","3566","N718FR","DTW","06:41","06:47","6","0","0","0","0","0"
"F9","08/12/2024","3600","N718FR","ATL","23:59","00:03","4","0","0","0","0","0"
"F9","08/12/2024","3665","N388FR","SMF","11:50","12:25","35","10","0","0","0","17"
"F9","08/12/2024","3861","N604FR","SLC","06:31","06:41","10","10","0","6","0","0"
"F9","08/12/2024","4070","N720FR","DFW","15:31","17:07","96","49","0","12","0","47"
"F9","08/12/2024","4235","N332FR","SLC","22:59","23:01","2","0","0","0","0","0"
"F9","08/12/2024","4251","N347FR","SLC","14:43","14:32","-11","0","0","28","0","0"
"F9","08/12/2024","4371","N309FR","SNA","12:50","13:47","57","5","0","0","0","40"
"F9","08/12/2024","4386","N639FR","CID","10:29","10:30","1","0","0","0","0","0"
"F9","08/12/2024","4464","N329FR","DFW","21:39","21:37","-2","0","0","0","0","0"
"F9","08/12/2024","4616","N720FR","MSP","22:18","23:45","87","0","0","0","0","72"
"F9","08/12/2024","4721","N332FR","SLC","18:06","18:28","22","22","0","25","0","0"
"F9","08/12/2024","4753","N363FR","PHX","23:25","23:19","-6","0","0","15","0","0"
"F9","08/12/2024","4794","N358FR","FAR","10:53","10:48","-5","0","0","0","0","0"
"F9","08/12/2024","4856","N604FR","IAH","18:37","18:52","15","0","0","3","0","15"
"F9","08/12/2024","4917","N709FR","SJC","15:26","15:19","-7","0","0","0","0","0"
"F9","08/12/2024","4927","N604FR","SAN","11:24","12:07","43","0","0","9","0","43"
"F9","08/12/2024","4967","N612FR","LAS","18:49","18:35","-14","0","0","0","0","0"
"F9","08/12/2024","4989","N358FR","SAN","19:54","19:47","-7","0","0","0","0","0"
"F9","08/13/2024","0686","N381FR","DCA","06:42","06:34","-8","0","0","0","0","0"
"F9","08/13/2024","0688","N364FR","DCA","12:41","12:38","-3","0","0","0","0","0"
"F9","08/13/2024","0690","N322FR","DCA","16:28","16:30","2","0","0","37","0","2"
"F9","08/13/2024","1114","N706FR","TPA","17:29","17:33","4","0","0","0","0","0"
"F9","08/13/2024","1128","N636FR","OMA","12:23","12:11","-12","0","0","0","0","0"
"F9","08/13/2024","1150","N720FR","MSP","08:12","08:02","-10","0","0","0","0","0"
"F9","08/13/2024","1162","N364FR","HOU","05:55","05:48","-7","0","0","0","0","0"
"F9","08/13/2024","1175","N645FR","SEA","06:36","06:26","-10","0","0","0","0","0"
"F9","08/13/2024","1229","N712FR","SFO","16:17","16:07","-10","0","0","0","0","0"
"F9","08/13/2024","1261","N639FR","ONT","06:00","05:51","-9","0","0","0","0","0"
"F9","08/13/2024","1362","N389FR","CLT","06:25","06:15","-10","0","0","0","0","0"
"F9","08/13/2024","1375","N721FR","PHX","05:01","05:04","3","3","0","18","0","0"
"F9","08/13/2024","1402","N609FR","BNA","13:11","13:22","11","0","0","0","0","0"
"F9","08/13/2024","1499","N644FR","ONT","22:40","22:39","-1","0","0","0","0","0"
"F9","08/13/2024","1560","N620FR","MSN","07:20","07:14","-6","0","0","0","0","0"
"F9","08/13/2024","1734","N709FR","MCO","00:49","01:25","36","5","0","0","0","15"
"F9","08/13/2024","1816","N712FR","AUS","09:30","09:25","-5","0","0","0","0","0"
"F9","08/13/2024","1918","N704FR","CLE","06:00","05:53","-7","0","0","0","0","0"
"F9","08/13/2024","1928","N620FR","OKC","14:07","14:45","38","24","0","5","0","14"
"F9","08/13/2024","1993","N335FR","LAS","10:09","10:02","-7","0","0","0","0","0"
"F9","08/13/2024","2015","N621FR","LAS","07:00","06:51","-9","0","0","0","0","0"
"F9","08/13/2024","2108","N342FR","FSD","08:23","08:10","-13","0","0","0","0","0"
"F9","08/13/2024","2141","N307FR","PHX","14:50","14:42","-8","0","0","0","0","0"
"F9","08/13/2024","2148","N375FR","DFW","09:35","09:39","4","0","0","0","0","0"
"F9","08/13/2024","2210","N331FR","MDW","13:46","14:45","59","53","0","0","0","0"
"F9","08/13/2024","2261","N636FR","ELP","06:30","06:22","-8","0","0","0","0","0"
"F9","08/13/2024","2341","N344FR","LAX","05:55","05:43","-12","0","0","0","0","0"
"F9","08/13/2024","2348","N645FR","IND","14:39","14:42","3","0","0","0","0","0"
"F9","08/13/2024","2356","N715FR","SAT","15:45","15:41","-4","0","0","32","0","0"
"F9","08/13/2024","2438","N389FR","RDU","15:06","15:06","0","0","0","0","0","0"
"F9","08/13/2024","2577","N359FR","SNA","15:54","16:10","16","0","0","0","0","0"
"F9","08/13/2024","2632","N316FR","DFW","18:20","19:42","82","82","0","11","0","0"
"F9","08/13/2024","2687","N645FR","PDX","22:06","22:26","20","0","0","0","0","15"
"F9","08/13/2024","2817","N604FR","SAN","06:20","06:10","-10","0","0","0","0","0"
"F9","08/13/2024","3138","N634FR","MIA","17:17","18:16","59","0","54","0","0","4"
"F9","08/13/2024","3162","N312FR","LGA","15:14","15:09","-5","0","0","0","0","0"
"F9","08/13/2024","3206","N365FR","IAH","08:36","08:33","-3","0","0","0","0","0"
"F9","08/13/2024","3230","N720FR","IAH","14:29","14:31","2","2","0","26","0","0"
"F9","08/13/2024","3286","N332FR","CVG","08:48","08:46","-2","0","0","0","0","0"
"F9","08/13/2024","3312","N396FR","MCO","10:21","10:14","-7","0","0","0","0","0"
"F9","08/13/2024","3340","N366FR","PHL","23:12","01:25","133","133","0","1","0","0"
"F9","08/13/2024","3376","N644FR","MCI","05:35","05:25","-10","0","0","0","0","0"
"F9","08/13/2024","3439","N715FR","SFO","22:15","06:53","518","0","0","512","0","0"
"F9","08/13/2024","3566","N612FR","DTW","07:15","07:09","-6","0","0","0","0","0"
"F9","08/13/2024","3600","N339FR","ATL","23:59","23:48","-11","0","0","0","0","0"
"F9","08/13/2024","3665","N344FR","SMF","13:30","13:29","-1","0","0","0","0","0"
"F9","08/13/2024","3843","N636FR","LAS","17:17","18:13","56","0","0","10","0","56"
"F9","08/13/2024","3981","N316FR","SLC","11:22","11:16","-6","0","0","0","0","0"
"F9","08/13/2024","4235","N364FR","SLC","22:36","22:40","4","0","0","0","0","0"
"F9","08/13/2024","4345","N650FR","LAX","13:52","13:43","-9","0","0","23","0","0"
"F9","08/13/2024","4386","N706FR","CID","10:42","10:43","1","0","0","0","0","0"
"F9","08/13/2024","4478","N612FR","STL","15:37","15:36","-1","0","0","0","0","0"
"F9","08/13/2024","4611","N609FR","LAS","22:38","24:00","82","65","0","0","0","0"
"F9","08/13/2024","4616","N650FR","MSP","21:43","23:35","112","18","0","0","0","89"
"F9","08/13/2024","4647","N639FR","SEA","15:18","15:08","-10","0","0","0","0","0"
"F9","08/13/2024","4721","N358FR","SLC","19:54","21:30","96","2","0","0","0","92"
"F9","08/13/2024","4765","N326FR","PHX","22:10","22:51","41","33","0","0","0","0"
"F9","08/13/2024","4794","N359FR","FAR","09:45","09:42","-3","0","0","0","0","0"
"F9","08/13/2024","4917","N719FR","SJC","11:00","10:54","-6","0","0","0","0","0"
"F9","08/13/2024","4984","N373FR","ORD","20:00","22:31","151","0","12","0","0","133"
"F9","08/13/2024","4989","N338FR","SAN","18:00","21:00","180","172","0","0","0","0"
"F9","08/14/2024","0686","N344FR","DCA","06:42","06:39","-3","0","0","0","0","0"
"F9","08/14/2024","0688","N620FR","DCA","12:41","12:39","-2","0","0","0","0","0"
"F9","08/14/2024","0690","N344FR","DCA","16:25","16:38","13","0","0","0","0","0"
"F9","08/14/2024","1093","N644FR","SFO","14:09","13:59","-10","0","0","0","0","0"
"F9","08/14/2024","1128","N389FR","OMA","11:22","11:10","-12","0","0","0","0","0"
"F9","08/14/2024","1150","N650FR","MSP","08:12","08:03","-9","0","0","0","0","0"
"F9","08/14/2024","1162","N318FR","HOU","08:38","08:37","-1","0","0","0","0","0"
"F9","08/14/2024","1175","N359FR","SEA","05:05","04:57","-8","0","0","0","0","0"
"F9","08/14/2024","1248","N644FR","GRR","06:00","05:53","-7","0","0","0","0","0"
"F9","08/14/2024","1261","N719FR","ONT","06:00","05:58","-2","0","0","0","0","0"
"F9","08/14/2024","1292","N620FR","MSP","21:43","21:42","-1","0","0","0","0","0"
"F9","08/14/2024","1362","N650FR","CLT","14:27","14:17","-10","0","0","0","0","0"
"F9","08/14/2024","1402","N642FR","BNA","16:10","16:49","39","0","0","7","0","39"
"F9","08/14/2024","1484","N358FR","ORD","08:50","08:39","-11","0","0","0","0","0"
"F9","08/14/2024","1499","N720FR","ONT","22:20","22:17","-3","0","0","0","0","0"
"F9","08/14/2024","1560","N715FR","MSN","14:29","14:58","29","0","18","72","0","11"
"F9","08/14/2024","1678","N312FR","DSM","06:00","07:12","72","72","0","6","0","0"
"F9","08/14/2024","1702","N712FR","SYR","13:22","13:17","-5","0","0","0","0","0"
"F9","08/14/2024","1734","N614FR","MCO","00:59","01:27","28","0","0","0","0","0"
"F9","08/14/2024","1816","N636FR","AUS","06:00","05:50","-10","0","0","0","0","0"
"F9","08/14/2024","1819","N360FR","PHX","08:52","08:56","4","0","0","0","0","0"
"F9","08/14/2024","1864","N342FR","OKC","08:00","07:51","-9","0","0","0","0","0"
"F9","08/14/2024","1918","N720FR","CLE","05:01","04:56","-5","0","0","0","0","0"
"F9","08/14/2024","2015","N304FR","LAS","06:00","05:54","-6","0","0","0","0","0"
"F9","08/14/2024","2141","N338FR","PHX","14:00","13:48","-12","0","0","0","0","0"
"F9","08/14/2024","2148","N322FR","DFW","09:35","09:32","-3","0","0","0","0","0"
"F9","08/14/2024","2210","N364FR","MDW","08:51","08:48","-3","0","0","0","0","0"
"F9","08/14/2024","2261","N312FR","ELP","11:27","12:36","69","0","0","0","0","53"
"F9","08/14/2024","2341","N712FR","LAX","05:55","05:44","-11","0","0","0","0","0"
"F9","08/14/2024","2348","N721FR","IND","06:05","05:57","-8","0","0","0","0","0"
"F9","08/14/2024","2349","N363FR","LAS","13:11","13:08","-3","0","0","0","0","0"
"F9","08/14/2024","2374","N639FR","TYS","06:45","06:46","1","0","0","0","0","0"
"F9","08/14/2024","2421","N318FR","SAN","15:37","16:09","32","0","27","0","0","0"
"F9","08/14/2024","2429","N719FR","LAS","15:20","15:14","-6","0","0","0","0","0"
"F9","08/14/2024","2438","N379FR","RDU","15:06","16:10","64","0","37","0","0","24"
"F9","08/14/2024","2632","N346FR","DFW","18:36","18:51","15","0","0","0","0","0"
"F9","08/14/2024","2687","N612FR","PDX","22:06","22:22","16","0","0","0","0","0"
"F9","08/14/2024","2746","N312FR","TPA","17:55","18:05","10","10","0","28","0","0"
"F9","08/14/2024","2752","N612FR","BUF","07:05","07:02","-3","0","0","0","0","0"
"F9","08/14/2024","2817","N642FR","SAN","06:45","06:34","-11","0","0","0","0","0"
"F9","08/14/2024","3101","N636FR","MSO","12:35","12:25","-10","0","0","0","0","0"
"F9","08/14/2024","3138","N381FR","MIA","13:29","13:58","29","29","0","4","0","0"
"F9","08/14/2024","3162","N342FR","LGA","15:14","15:12","-2","0","0","0","0","0"
"F9","08/14/2024","3230","N381FR","IAH","05:11","05:23","12","0","0","0","0","0"
"F9","08/14/2024","3286","N317FR","CVG","17:12","17:29","17","3","0","4","0","14"
"F9","08/14/2024","3340","N604FR","PHL","23:50","00:08","18","18","0","44","0","0"
"F9","08/14/2024","3376","N379FR","MCI","09:45","09:36","-9","0","0","0","0","0"
"F9","08/14/2024","3405","N613FR","SEA","17:58","17:58","0","0","0","0","0","0"
"F9","08/14/2024","3439","N639FR","SFO","22:15","22:17","2","0","0","0","0","0"
"F9","08/14/2024","3467","N338FR","PHX","19:42","19:40","-2","0","0","0","0","0"
"F9","08/14/2024","3539","N712FR","LAS","22:38","22:40","2","0","0","0","0","0"
"F9","08/14/2024","3566","N701FR","DTW","06:40","06:37","-3","0","0","0","0","0"
"F9","08/14/2024","3600","N715FR","ATL","23:59","00:08","9","0","0","0","0","0"
"F9","08/14/2024","3665","N721FR","SMF","13:30","13:27","-3","0","0","0","0","0"
"F9","08/14/2024","3708","N717FR","SAT","17:35","17:48","13","0","0","0","0","0"
"F9","08/14/2024","3981","N362FR","SLC","11:00","11:05","5","0","0","0","0","0"
"F9","08/14/2024","4235","N636FR","SLC","22:35","22:34","-1","0","0","0","0","0"
"F9","08/14/2024","4344","N612FR","XNA","15:58","16:19","21","0","20","0","0","0"
"F9","08/14/2024","4345","N720FR","LAX","13:52","14:16","24","16","0","0","0","6"
"F9","08/14/2024","4371","N389FR","SNA","15:54","17:05","71","0","0","0","0","61"
"F9","08/14/2024","4386","N359FR","CID","13:08","12:58","-10","0","0","0","0","0"
"F9","08/14/2024","4478","N639FR","STL","15:37","15:40","3","0","3","16","0","0"
"F9","08/14/2024","4721","N341FR","SLC","19:26","19:16","-10","0","0","0","0","0"
"F9","08/14/2024","4753","N362FR","PHX","23:25","23:31","6","0","0","0","0","0"
"F9","08/14/2024","4794","N702FR","FAR","10:42","10:32","-10","0","0","0","0","0"
"F9","08/14/2024","4856","N701FR","IAH","15:06","15:16","10","10","0","44","0","0"
"F9","08/14/2024","4917","N645FR","SJC","07:31","07:21","-10","0","0","0","0","0"
"F9","08/14/2024","4967","N360FR","LAS","17:41","17:27","-14","0","0","0","0","0"
"F9","08/15/2024","0686","N359FR","DCA","06:42","06:41","-1","0","0","29","0","0"
"F9","08/15/2024","0688","N389FR","DCA","12:41","12:32","-9","0","0","0","0","0"
"F9","08/15/2024","0690","N379FR","DCA","16:28","16:53","25","0","0","0","0","0"
"F9","08/15/2024","1128","N644FR","OMA","08:34","08:34","0","0","0","0","0","0"
"F9","08/15/2024","1162","N389FR","HOU","05:55","05:51","-4","0","0","0","0","0"
"F9","08/15/2024","1175","N613FR","SEA","05:25","05:19","-6","0","0","0","0","0"
"F9","08/15/2024","1229","N621FR","SFO","16:55","16:53","-2","0","0","0","0","0"
"F9","08/15/2024","1261","N381FR","ONT","06:00","05:50","-10","0","0","0","0","0"
"F9","08/15/2024","1324","N701FR","DFW","05:01","04:51","-10","0","0","0","0","0"
"F9","08/15/2024","1362","N318FR","CLT","08:10","08:03","-7","0","0","0","0","0"
"F9","08/15/2024","1375","N341FR","PHX","06:45","06:32","-13","0","0","0","0","0"
"F9","08/15/2024","1402","N709FR","BNA","06:00","05:49","-11","0","0","0","0","0"
"F9","08/15/2024","1450","N322FR","ATL","14:40","14:35","-5","0","0","0","0","0"
"F9","08/15/2024","1484","N638FR","ORD","08:50","08:48","-2","0","0","0","0","0"
"F9","08/15/2024","1499","N650FR","ONT","22:37","22:42","5","0","0","0","0","0"
"F9","08/15/2024","1560","N342FR","MSN","11:16","11:12","-4","0","0","0","0","0"
"F9","08/15/2024","1608","N701FR","MKE","17:40","17:48","8","0","0","0","0","0"
"F9","08/15/2024","1678","N235FR","DSM","11:38","11:30","-8","0","0","0","0","0"
"F9","08/15/2024","1734","N717FR","MCO","00:49","01:19","30","17","0","0","0","0"
"F9","08/15/2024","1789","N235FR","PDX","17:20","17:30","10","0","0","0","0","0"
"F9","08/15/2024","1816","N650FR","AUS","05:31","05:21","-10","0","0","0","0","0"
"F9","08/15/2024","1819","N362FR","PHX","08:51","08:44","-7","0","0","0","0","0"
"F9","08/15/2024","1864","N344FR","OKC","09:45","09:29","-16","0","0","0","0","0"
"F9","08/15/2024","1918","N702FR","CLE","08:35","09:09","34","17","0","0","0","0"
"F9","08/15/2024","1928","N318FR","OKC","16:52","16:40","-12","0","0","0","0","0"
"F9","08/15/2024","1993","N705FR","LAS","06:31","06:22","-9","0","0","0","0","0"
"F9","08/15/2024","2015","N304FR","LAS","10:14","10:04","-10","0","0","0","0","0"
"F9","08/15/2024","2108","N379FR","FSD","11:15","11:44","29","0","0","0","0","23"
"F9","08/15/2024","2141","N310FR","PHX","14:50","14:44","-6","0","0","0","0","0"
"F9","08/15/2024","2210","N364FR","MDW","07:44","07:32","-12","0","0","0","0","0"
"F9","08/15/2024","2212","N375FR","DTW","15:54","16:07","13","0","0","0","0","0"
"F9","08/15/2024","2261","N235FR","ELP","06:00","05:58","-2","0","0","0","0","0"
"F9","08/15/2024","2341","N720FR","LAX","05:55","05:43","-12","0","0","0","0","0"
"F9","08/15/2024","2348","N712FR","IND","05:06","06:40","94","94","0","10","0","0"
"F9","08/15/2024","2349","N374FR","LAS","14:00","13:52","-8","0","0","0","0","0"
"F9","08/15/2024","2356","N605FR","SAT","16:15","16:15","0","0","0","0","0","0"
"F9","08/15/2024","2360","N342FR","MSY","18:08","17:58","-10","0","0","0","0","0"
"F9","08/15/2024","2438","N344FR","RDU","15:06","14:57","-9","0","0","0","0","0"
"F9","08/15/2024","2632","N720FR","DFW","18:40","19:18","38","0","0","0","0","18"
"F9","08/15/2024","2687","N389FR","PDX","22:07","22:04","-3","0","0","0","0","0"
"F9","08/15/2024","2746","N613FR","TPA","13:11","13:25","14","0","0","0","0","0"
"F9","08/15/2024","2817","N642FR","SAN","06:00","05:50","-10","0","0","0","0","0"
"F9","08/15/2024","2890","N391FR","AUS","17:20","17:09","-11","0","0","0","0","0"
"F9","08/15/2024","3138","N621FR","MIA","06:30","06:29","-1","0","0","0","0","0"
"F9","08/15/2024","3162","N712FR","LGA","15:14","15:25","11","0","0","0","0","0"
"F9","08/15/2024","3174","N705FR","ORD","17:01","17:40","39","0","0","0","0","0"
"F9","08/15/2024","3200","N644FR","MSP","21:43","22:09","26","0","0","0","0","0"
"F9","08/15/2024","3206","N620FR","IAH","14:34","14:33","-1","0","0","0","0","0"
"F9","08/15/2024","3230","N322FR","IAH","07:45","07:34","-11","0","0","0","0","0"
"F9","08/15/2024","3286","N332FR","CVG","07:48","07:43","-5","0","0","0","0","0"
"F9","08/15/2024","3312","N636FR","MCO","09:00","09:00","0","0","0","0","0","0"
"F9","08/15/2024","3340","N613FR","PHL","23:59","00:17","18","0","0","0","0","0"
"F9","08/15/2024","3376","N639FR","MCI","10:42","10:33","-9","0","0","0","0","0"
"F9","08/15/2024","3439","N612FR","SFO","22:15","22:40","25","25","0","9","0","0"
"F9","08/15/2024","3467","N348FR","PHX","21:01","20:58","-3","0","0","0","0","0"
"F9","08/15/2024","3600","N705FR","ATL","23:59","00:58","59","16","0","11","0","43"
"F9","08/15/2024","3665","N709FR","SMF","13:36","14:40","64","64","0","11","0","0"
"F9","08/15/2024","3861","N342FR","SLC","06:00","05:52","-8","0","0","0","0","0"
"F9","08/15/2024","3949","N645FR","LAS","22:38","22:32","-6","0","0","0","0","0"
"F9","08/15/2024","3981","N720FR","SLC","13:11","14:32","81","81","0","8","0","0"
"F9","08/15/2024","4070","N642FR","DFW","15:25","15:30","5","0","0","0","0","0"
"F9","08/15/2024","4251","N702FR","SLC","17:15","17:26","11","0","0","0","0","0"
"F9","08/15/2024","4345","N644FR","LAX","13:52","13:45","-7","0","0","0","0","0"
"F9","08/15/2024","4371","N381FR","SNA","15:00","15:13","13","0","0","0","0","0"
"F9","08/15/2024","4374","N645FR","PIT","07:00","06:48","-12","0","0","0","0","0"
"F9","08/15/2024","4386","N620FR","CID","08:12","08:06","-6","0","0","0","0","0"
"F9","08/15/2024","4464","N339FR","DFW","07:09","08:04","55","55","0","37","0","0"
"F9","08/15/2024","4478","N612FR","STL","15:37","15:48","11","0","0","0","0","0"
"F9","08/15/2024","4576","N612FR","CMH","07:25","07:16","-9","0","0","0","0","0"
"F9","08/15/2024","4611","N351FR","LAS","20:38","20:38","0","0","0","0","0","0"
"F9","08/15/2024","4616","N359FR","MSP","16:00","16:27","27","0","0","23","0","0"
"F9","08/15/2024","4647","N639FR","SEA","16:25","16:18","-7","0","0","0","0","0"
"F9","08/15/2024","4721","N381FR","SLC","21:40","21:51","11","0","0","0","0","0"
"F9","08/15/2024","4753","N322FR","PHX","23:30","23:32","2","0","0","0","0","0"
"F9","08/15/2024","4776","N645FR","LIT","15:41","15:54","13","0","0","0","0","0"
"F9","08/15/2024","4794","N701FR","FAR","11:37","11:27","-10","0","0","0","0","0"
"F9","08/15/2024","4917","N650FR","SJC","12:11","12:00","-11","0","0","0","0","0"
"F9","08/15/2024","4927","N619FR","SAN","12:37","12:35","-2","0","0","0","0","0"
"F9","08/15/2024","4989","N380FR","SAN","19:50","19:40","-10","0","0","0","0","0"
"F9","08/16/2024","0686","N342FR","DCA","06:42","06:31","-11","0","0","0","0","0"
"F9","08/16/2024","0688","N389FR","DCA","12:41","12:29","-12","0","0","0","0","0"
"F9","08/16/2024","0690","N363FR","DCA","16:29","16:29","0","0","0","0","0","0"
"F9","08/16/2024","1093","N389FR","SFO","05:30","05:21","-9","0","0","0","0","0"
"F9","08/16/2024","1128","N642FR","OMA","11:51","11:43","-8","0","0","0","0","0"
"F9","08/16/2024","1150","N644FR","MSP","08:12","08:09","-3","0","0","0","0","0"
"F9","08/16/2024","1162","N318FR","HOU","08:24","08:10","-14","0","0","0","0","0"
"F9","08/16/2024","1175","N605FR","SEA","05:05","04:57","-8","0","0","0","0","0"
"F9","08/16/2024","1229","N619FR","SFO","16:56","16:53","-3","0","0","0","0","0"
"F9","08/16/2024","1248","N379FR","GRR","15:04","15:16","12","0","0","0","0","0"
"F9","08/16/2024","1261","N713FR","ONT","06:00","05:45","-15","0","0","0","0","0"
"F9","08/16/2024","1280","N710FR","MIA","18:02","18:38","36","24","0","0","0","3"
"F9","08/16/2024","1292","N645FR","MSP","20:48","20:38","-10","0","0","0","0","0"
"F9","08/16/2024","1362","N702FR","CLT","13:33","13:48","15","0","0","0","0","0"
"F9","08/16/2024","1402","N650FR","BNA","07:55","07:45","-10","0","0","0","0","0"
"F9","08/16/2024","1450","N639FR","ATL","06:35","06:28","-7","0","0","0","0","0"
"F9","08/16/2024","1484","N645FR","ORD","06:35","06:32","-3","0","0","0","0","0"
"F9","08/16/2024","1499","N712FR","ONT","22:20","22:44","24","24","0","0","0","0"
"F9","08/16/2024","1560","N645FR","MSN","14:02","13:56","-6","0","0","0","0","0"
"F9","08/16/2024","1608","N642FR","MKE","17:14","17:09","-5","0","0","0","0","0"
"F9","08/16/2024","1678","N334FR","DSM","06:00","05:54","-6","0","0","0","0","0"
"F9","08/16/2024","1702","N701FR","SYR","14:07","15:09","62","0","0","0","0","40"
"F9","08/16/2024","1734","N375FR","MCO","00:49","00:43","-6","0","0","0","0","0"
"F9","08/16/2024","1816","N721FR","AUS","06:20","06:12","-8","0","0","0","0","0"
"F9","08/16/2024","1819","N378FR","PHX","08:52","08:45","-7","0","0","0","0","0"
"F9","08/16/2024","1918","N652FR","CLE","07:00","06:52","-8","0","0","0","0","0"
"F9","08/16/2024","1993","N391FR","LAS","10:09","09:54","-15","0","0","0","0","0"
"F9","08/16/2024","2105","N334FR","PHX","12:01","11:51","-10","0","0","0","0","0"
"F9","08/16/2024","2108","N344FR","FSD","11:16","11:15","-1","0","0","0","0","0"
"F9","08/16/2024","2141","N310FR","PHX","14:50","14:41","-9","0","0","0","0","0"
"F9","08/16/2024","2148","N713FR","DFW","15:19","15:12","-7","0","0","0","0","0"
"F9","08/16/2024","2210","N344FR","MDW","16:31","16:39","8","0","0","0","0","0"
"F9","08/16/2024","2341","N712FR","LAX","05:55","05:47","-8","0","0","0","0","0"
"F9","08/16/2024","2348","N709FR","IND","06:00","05:50","-10","0","0","0","0","0"
"F9","08/16/2024","2349","N605FR","LAS","13:30","13:20","-10","0","0","0","0","0"
"F9","08/16/2024","2374","N644FR","TYS","14:27","14:18","-9","0","0","0","0","0"
"F9","08/16/2024","2421","N715FR","SAN","15:59","16:45","46","0","0","0","0","29"
"F9","08/16/2024","2429","N342FR","LAS","16:19","16:44","25","7","0","0","0","8"
"F9","08/16/2024","2438","N318FR","RDU","15:06","15:20","14","9","0","3","0","5"
"F9","08/16/2024","2550","N322FR","DFW","21:32","21:23","-9","0","0","0","0","0"
"F9","08/16/2024","2687","N706FR","PDX","22:00","22:07","7","0","0","0","0","0"
"F9","08/16/2024","2746","N650FR","TPA","17:34","17:57","23","16","0","0","0","0"
"F9","08/16/2024","2752","N390FR","BUF","15:54","16:42","48","0","0","0","0","29"
"F9","08/16/2024","2817","N621FR","SAN","06:45","06:35","-10","0","0","0","0","0"
"F9","08/16/2024","2946","N235FR","MDW","05:05","05:01","-4","0","0","0","0","0"
"F9","08/16/2024","3101","N709FR","MSO","13:23","13:30","7","0","0","0","0","0"
"F9","08/16/2024","3162","N639FR","LGA","15:14","15:08","-6","0","0","0","0","0"
"F9","08/16/2024","3206","N652FR","IAH","15:35","15:27","-8","0","0","0","0","0"
"F9","08/16/2024","3230","N363FR","IAH","09:35","09:22","-13","0","0","0","0","0"
"F9","08/16/2024","3286","N369FR","CVG","17:31","17:37","6","0","0","0","0","0"
"F9","08/16/2024","3312","N612FR","MCO","10:39","10:33","-6","0","0","0","0","0"
"F9","08/16/2024","3340","N642FR","PHL","23:59","01:07","68","45","0","0","0","6"
"F9","08/16/2024","3376","N379FR","MCI","09:45","09:41","-4","0","0","0","0","0"
"F9","08/16/2024","3405","N704FR","SEA","17:59","18:15","16","0","0","0","0","0"
"F9","08/16/2024","3421","N235FR","ELP","19:10","19:02","-8","0","0","0","0","0"
"F9","08/16/2024","3439","N644FR","SFO","22:15","22:47","32","20","0","0","0","12"
"F9","08/16/2024","3467","N358FR","PHX","21:20","21:13","-7","0","0","0","0","0"
"F9","08/16/2024","3566","N701FR","DTW","06:00","05:52","-8","0","0","26","0","0"
"F9","08/16/2024","3600","N708FR","ATL","23:59","23:57","-2","0","0","0","0","0"
"F9","08/16/2024","3665","N708FR","SMF","13:30","13:22","-8","0","0","0","0","0"
"F9","08/16/2024","3708","N353FR","SAT","17:35","17:22","-13","0","0","0","0","0"
"F9","08/16/2024","3843","N633FR","LAS","18:42","18:32","-10","0","0","0","0","0"
"F9","08/16/2024","3861","N642FR","SLC","06:31","06:24","-7","0","0","0","0","0"
"F9","08/16/2024","3930","N621FR","PNS","16:10","16:03","-7","0","0","0","0","0"
"F9","08/16/2024","3949","N389FR","LAS","22:48","00:12","84","61","0","0","0","0"
"F9","08/16/2024","3981","N353FR","SLC","12:03","11:58","-5","0","0","0","0","0"
"F9","08/16/2024","4070","N721FR","DFW","13:00","12:49","-11","0","0","0","0","0"
"F9","08/16/2024","4251","N378FR","SLC","14:34","15:13","39","30","0","0","0","0"
"F9","08/16/2024","4344","N720FR","XNA","07:55","07:44","-11","0","0","0","0","0"
"F9","08/16/2024","4345","N712FR","LAX","13:52","13:52","0","0","0","0","0","0"
"F9","08/16/2024","4371","N235FR","SNA","12:33","12:19","-14","0","0","0","0","0"
"F9","08/16/2024","4386","N704FR","CID","11:41","11:30","-11","0","0","0","0","0"
"F9","08/16/2024","4464","N702FR","DFW","05:05","05:04","-1","0","0","0","0","0"
"F9","08/16/2024","4478","N720FR","STL","15:37","15:39","2","0","0","0","0","0"
"F9","08/16/2024","4626","N715FR","MEM","08:50","08:36","-14","0","0","0","0","0"
"F9","08/16/2024","4721","N713FR","SLC","22:03","21:53","-10","0","0","0","0","0"
"F9","08/16/2024","4753","N331FR","PHX","23:25","23:30","5","0","0","0","0","0"
"F9","08/16/2024","4794","N619FR","FAR","10:52","10:43","-9","0","0","0","0","0"
"F9","08/16/2024","4917","N385FR","SJC","07:31","07:21","-10","0","0","0","0","0"
"F9","08/16/2024","4984","N702FR","ORD","22:37","01:05","148","0","0","0","0","140"
"F9","08/16/2024","4989","N338FR","SAN","19:50","19:51","1","0","0","0","0","0"
"F9","08/17/2024","0686","N336FR","DCA","06:42","06:34","-8","0","0","0","0","0"
"F9","08/17/2024","0688","N344FR","DCA","12:41","12:57","16","0","0","0","0","0"
"F9","08/17/2024","0690","N381FR","DCA","16:28","16:35","7","0","0","0","0","0"
"F9","08/17/2024","1128","N621FR","OMA","12:08","12:04","-4","0","0","0","0","0"
"F9","08/17/2024","1150","N645FR","MSP","08:12","08:08","-4","0","0","0","0","0"
"F9","08/17/2024","1162","N344FR","HOU","05:01","05:14","13","0","0","0","0","0"
"F9","08/17/2024","1175","N704FR","SEA","05:05","04:59","-6","0","0","0","0","0"
"F9","08/17/2024","1228","N351FR","MDW","18:17","18:08","-9","0","0","0","0","0"
"F9","08/17/2024","1229","N712FR","SFO","16:25","16:55","30","0","0","12","0","30"
"F9","08/17/2024","1248","N385FR","GRR","13:43","13:40","-3","0","0","0","0","0"
"F9","08/17/2024","1261","N716FR","ONT","06:00","05:51","-9","0","0","0","0","0"
"F9","08/17/2024","1292","N715FR","MSP","21:43","21:38","-5","0","0","0","0","0"
"F9","08/17/2024","1362","N235FR","CLT","05:31","05:20","-11","0","0","0","0","0"
"F9","08/17/2024","1402","N716FR","BNA","15:28","15:35","7","0","0","0","0","0"
"F9","08/17/2024","1499","N344FR","ONT","22:37","22:37","0","0","0","0","0","0"
"F9","08/17/2024","1560","N713FR","MSN","15:15","15:13","-2","0","0","0","0","0"
"F9","08/17/2024","1678","N351FR","DSM","12:54","12:47","-7","0","0","0","0","0"
"F9","08/17/2024","1734","N709FR","MCO","00:49","00:44","-5","0","0","0","0","0"
"F9","08/17/2024","1752","N343FR","CVG","20:10","20:15","5","0","0","0","0","0"
"F9","08/17/2024","1819","N331FR","PHX","09:59","10:07","8","0","0","0","0","0"
"F9","08/17/2024","1993","N381FR","LAS","10:09","09:55","-14","0","0","0","0","0"
"F9","08/17/2024","2105","N379FR","PHX","16:55","17:37","42","0","0","0","0","35"
"F9","08/17/2024","2108","N720FR","FSD","10:09","09:55","-14","0","0","0","0","0"
"F9","08/17/2024","2141","N235FR","PHX","14:45","14:34","-11","0","0","0","0","0"
"F9","08/17/2024","2148","N356FR","DFW","08:10","08:04","-6","0","0","0","0","0"
"F9","08/17/2024","2210","N390FR","MDW","06:00","05:50","-10","0","0","0","0","0"
"F9","08/17/2024","2212","N704FR","DTW","12:51","12:52","1","0","0","0","0","0"
"F9","08/17/2024","2341","N619FR","LAX","05:55","05:47","-8","0","0","0","0","0"
"F9","08/17/2024","2348","N715FR","IND","06:31","06:26","-5","0","0","0","0","0"
"F9","08/17/2024","2349","N361FR","LAS","14:13","14:02","-11","0","0","0","0","0"
"F9","08/17/2024","2356","N621FR","SAT","05:11","05:04","-7","0","0","0","0","0"
"F9","08/17/2024","2360","N715FR","MSY","13:37","13:45","8","0","0","0","0","0"
"F9","08/17/2024","2374","N721FR","TYS","16:11","16:31","20","0","0","0","0","0"
"F9","08/17/2024","2421","N644FR","SAN","16:58","17:08","10","0","0","0","0","0"
"F9","08/17/2024","2429","N363FR","LAS","16:43","16:29","-14","0","0","0","0","0"
"F9","08/17/2024","2438","N304FR","RDU","15:06","14:58","-8","0","0","0","0","0"
"F9","08/17/2024","2454","N639FR","PNS","07:10","07:03","-7","0","0","0","0","0"
"F9","08/17/2024","2632","N347FR","DFW","18:40","19:03","23","5","0","2","0","18"
"F9","08/17/2024","2687","N385FR","PDX","22:07","22:01","-6","0","0","0","0","0"
"F9","08/17/2024","2746","N631FR","TPA","17:22","17:56","34","0","0","15","0","34"
"F9","08/17/2024","2752","N635FR","BUF","08:00","07:51","-9","0","0","0","0","0"
"F9","08/17/2024","2817","N706FR","SAN","06:45","06:43","-2","0","0","0","0","0"
"F9","08/17/2024","2890","N720FR","AUS","15:48","15:49","1","0","0","0","0","0"
"F9","08/17/2024","3138","N712FR","MIA","06:00","05:51","-9","0","0","0","0","0"
"F9","08/17/2024","3162","N635FR","LGA","15:14","17:41","147","1","0","0","0","146"
"F9","08/17/2024","3172","N309FR","ORD","20:00","23:47","227","220","0","0","0","0"
"F9","08/17/2024","3206","N603FR","IAH","14:34","14:46","12","12","0","34","0","0"
"F9","08/17/2024","3230","N701FR","IAH","05:06","04:55","-11","0","0","0","0","0"
"F9","08/17/2024","3312","N353FR","MCO","10:34","10:25","-9","0","0","0","0","0"
"F9","08/17/2024","3340","N619FR","PHL","23:59","00:14","15","0","0","0","0","0"
"F9","08/17/2024","3376","N711FR","MCI","17:29","17:58","29","29","0","3","0","0"
"F9","08/17/2024","3405","N706FR","SEA","17:03","17:03","0","0","0","0","0","0"
"F9","08/17/2024","3421","N708FR","ELP","18:35","20:14","99","84","0","0","0","0"
"F9","08/17/2024","3439","N639FR","SFO","22:15","22:59","44","0","0","0","0","32"
"F9","08/17/2024","3467","N652FR","PHX","19:00","19:03","3","0","0","0","0","0"
"F9","08/17/2024","3539","N701FR","LAS","22:38","22:43","5","0","0","0","0","0"
"F9","08/17/2024","3600","N712FR","ATL","23:59","01:05","66","0","0","0","0","48"
"F9","08/17/2024","3665","N619FR","SMF","13:30","13:18","-12","0","0","0","0","0"
"F9","08/17/2024","3981","N363FR","SLC","11:14","11:02","-12","0","0","0","0","0"
"F9","08/17/2024","4070","N356FR","DFW","14:22","14:35","13","0","0","0","0","0"
"F9","08/17/2024","4235","N716FR","SLC","23:08","00:09","61","0","0","0","0","46"
"F9","08/17/2024","4345","N701FR","LAX","13:52","14:17","25","24","0","0","0","0"
"F9","08/17/2024","4371","N385FR","SNA","07:00","06:54","-6","0","0","0","0","0"
"F9","08/17/2024","4386","N708FR","CID","12:21","12:13","-8","0","0","0","0","0"
"F9","08/17/2024","4478","N639FR","STL","15:37","15:43","6","0","0","0","0","0"
"F9","08/17/2024","4576","N230FR","CMH","14:14","14:04","-10","0","0","0","0","0"
"F9","08/17/2024","4611","N361FR","LAS","20:38","22:53","135","133","0","0","0","0"
"F9","08/17/2024","4626","N713FR","MEM","08:05","08:24","19","0","0","0","0","0"
"F9","08/17/2024","4638","N620FR","CLE","18:19","18:22","3","0","0","0","0","0"
"F9","08/17/2024","4721","N390FR","SLC","18:49","18:50","1","0","0","0","0","0"
"F9","08/17/2024","4765","N393FR","PHX","21:30","23:49","139","0","0","0","0","135"
"F9","08/17/2024","4794","N644FR","FAR","10:45","10:34","-11","0","0","0","0","0"
"F9","08/17/2024","4917","N379FR","SJC","07:40","07:31","-9","0","0","0","0","0"
"F9","08/17/2024","4927","N310FR","SAN","12:01","12:19","18","0","0","0","0","0"
"F9","08/18/2024","0686","N379FR","DCA","06:40","06:39","-1","0","0","0","0","0"
"F9","08/18/2024","0688","N334FR","DCA","12:41","12:54","13","0","0","0","0","0"
"F9","08/18/2024","0690","N304FR","DCA","16:28","16:18","-10","0","0","0","0","0"
"F9","08/18/2024","1128","N716FR","OMA","08:34","08:28","-6","0","0","0","0","0"
"F9","08/18/2024","1162","N334FR","HOU","05:55","05:59","4","0","0","0","0","0"
"F9","08/18/2024","1175","N645FR","SEA","05:01","05:22","21","21","0","5","0","0"
"F9","08/18/2024","1229","N644FR","SFO","16:56","17:48","52","0","0","36","0","6"
"F9","08/18/2024","1261","N344FR","ONT","06:00","06:19","19","17","0","0","0","0"
"F9","08/18/2024","1292","N621FR","MSP","21:43","21:45","2","0","0","0","0","0"
"F9","08/18/2024","1324","N711FR","DFW","05:01","04:54","-7","0","0","0","0","0"
"F9","08/18/2024","1362","N719FR","CLT","06:35","06:46","11","11","0","4","0","0"
"F9","08/18/2024","1375","N704FR","PHX","05:50","05:41","-9","0","0","0","0","0"
"F9","08/18/2024","1402","N635FR","BNA","06:00","05:58","-2","0","0","0","0","0"
"F9","08/18/2024","1450","N341FR","ATL","14:48","14:47","-1","0","0","50","0","0"
"F9","08/18/2024","1484","N612FR","ORD","08:50","09:21","31","31","0","13","0","0"
"F9","08/18/2024","1499","N616FR","ONT","22:40","22:28","-12","0","0","0","0","0"
"F9","08/18/2024","1560","N704FR","MSN","11:30","11:23","-7","0","0","0","0","0"
"F9","08/18/2024","1608","N711FR","MKE","17:40","17:41","1","0","0","0","0","0"
"F9","08/18/2024","1678","N230FR","DSM","10:51","10:41","-10","0","0","0","0","0"
"F9","08/18/2024","1734","N348FR","MCO","00:49","00:44","-5","0","0","0","0","0"
"F9","08/18/2024","1789","N385FR","PDX","17:43","17:31","-12","0","0","0","0","0"
"F9","08/18/2024","1816","N720FR","AUS","05:31","05:25","-6","0","0","0","0","0"
"F9","08/18/2024","1819","N351FR","PHX","08:51","08:59","8","0","0","0","0","0"
"F9","08/18/2024","1864","N341FR","OKC","09:45","09:42","-3","0","0","0","0","0"
"F9","08/18/2024","1918","N712FR","CLE","08:35","09:13","38","0","0","0","0","38"
"F9","08/18/2024","1928","N379FR","OKC","16:15","16:06","-9","0","0","0","0","0"
"F9","08/18/2024","1993","N381FR","LAS","10:09","09:59","-10","0","0","0","0","0"
"F9","08/18/2024","2015","N721FR","LAS","06:31","06:20","-11","0","0","0","0","0"
"F9","08/18/2024","2108","N304FR","FSD","11:15","11:17","2","0","0","0","0","0"
"F9","08/18/2024","2141","N390FR","PHX","14:45","14:35","-10","0","0","0","0","0"
"F9","08/18/2024","2210","N387FR","MDW","07:44","07:31","-13","0","0","0","0","0"
"F9","08/18/2024","2212","N714FR","DTW","15:25","15:39","14","0","0","0","0","0"
"F9","08/18/2024","2261","N385FR","ELP","06:31","06:22","-9","0","0","0","0","0"
"F9","08/18/2024","2341","N708FR","LAX","05:55","05:50","-5","0","0","0","0","0"
"F9","08/18/2024","2348","N616FR","IND","05:06","05:19","13","0","0","0","0","0"
"F9","08/18/2024","2349","N701FR","LAS","14:00","14:38","38","38","0","20","0","0"
"F9","08/18/2024","2356","N612FR","SAT","16:15","17:05","50","1","0","26","0","49"
"F9","08/18/2024","2360","N704FR","MSY","18:03","20:01","118","81","0","0","0","25"
"F9","08/18/2024","2438","N344FR","RDU","15:06","15:03","-3","0","0","0","0","0"
"F9","08/18/2024","2632","N708FR","DFW","18:40","18:35","-5","0","0","0","0","0"
"F9","08/18/2024","2687","N334FR","PDX","22:16","23:02","46","2","0","0","0","36"
"F9","08/18/2024","2746","N645FR","TPA","13:11","13:35","24","0","0","0","0","0"
"F9","08/18/2024","2817","N318FR","SAN","06:00","06:30","30","23","0","0","0","0"
"F9","08/18/2024","2890","N391FR","AUS","17:20","17:14","-6","0","0","0","0","0"
"F9","08/18/2024","3138","N644FR","MIA","06:31","06:36","5","0","0","0","0","0"
"F9","08/18/2024","3162","N603FR","LGA","15:14","17:11","117","0","0","0","0","0"
"F9","08/18/2024","3174","N721FR","ORD","17:01","17:05","4","4","0","11","0","0"
"F9","08/18/2024","3206","N621FR","IAH","14:29","14:24","-5","0","0","0","0","0"
"F9","08/18/2024","3230","N603FR","IAH","07:45","07:42","-3","0","0","0","0","0"
"F9","08/18/2024","3286","N388FR","CVG","07:48","07:47","-1","0","0","0","0","0"
"F9","08/18/2024","3312","N715FR","MCO","09:00","08:53","-7","0","0","0","0","0"
"F9","08/18/2024","3340","N645FR","PHL","23:59","23:55","-4","0","0","0","0","0"
"F9","08/18/2024","3376","N639FR","MCI","10:42","10:45","3","0","0","0","0","0"
"F9","08/18/2024","3439","N716FR","SFO","22:15","22:24","9","0","0","0","0","0"
"F9","08/18/2024","3467","N310FR","PHX","21:01","21:05","4","0","0","0","0","0"
"F9","08/18/2024","3600","N635FR","ATL","23:59","00:20","21","0","0","0","0","0"
"F9","08/18/2024","3665","N635FR","SMF","13:36","13:30","-6","0","0","0","0","0"
"F9","08/18/2024","3861","N230FR","SLC","06:00","05:47","-13","0","0","0","0","0"
"F9","08/18/2024","3949","N720FR","LAS","22:38","22:34","-4","0","0","0","0","0"
"F9","08/18/2024","3981","N708FR","SLC","13:11","13:06","-5","0","0","0","0","0"
"F9","08/18/2024","4070","N230FR","DFW","16:13","16:47","34","9","0","0","0","22"
"F9","08/18/2024","4251","N712FR","SLC","17:15","17:26","11","2","0","8","0","9"
"F9","08/18/2024","4344","N385FR","XNA","12:04","12:25","21","15","0","0","0","0"
"F9","08/18/2024","4345","N716FR","LAX","13:52","14:34","42","10","0","0","0","19"
"F9","08/18/2024","4371","N335FR","SNA","15:02","15:28","26","18","0","0","0","0"
"F9","08/18/2024","4374","N621FR","PIT","05:45","05:40","-5","0","0","0","0","0"
"F9","08/18/2024","4386","N713FR","CID","08:12","08:04","-8","0","0","0","0","0"
"F9","08/18/2024","4464","N336FR","DFW","07:09","07:04","-5","0","0","0","0","0"
"F9","08/18/2024","4478","N719FR","STL","15:37","15:35","-2","0","0","0","0","0"
"F9","08/18/2024","4576","N335FR","CMH","07:15","07:02","-13","0","0","0","0","0"
"F9","08/18/2024","4611","N363FR","LAS","20:38","22:46","128","0","0","0","0","127"
"F9","08/18/2024","4616","N346FR","MSP","15:55","15:46","-9","0","0","0","0","0"
"F9","08/18/2024","4647","N639FR","SEA","16:25","16:31","6","0","0","0","0","0"
"F9","08/18/2024","4721","N335FR","SLC","21:51","21:40","-11","0","0","0","0","0"
"F9","08/18/2024","4753","N379FR","PHX","23:25","23:34","9","0","0","0","0","0"
"F9","08/18/2024","4776","N713FR","LIT","14:27","14:18","-9","0","0","0","0","0"
"F9","08/18/2024","4794","N711FR","FAR","11:37","11:27","-10","0","0","0","0","0"
"F9","08/18/2024","4917","N720FR","SJC","12:11","12:06","-5","0","0","0","0","0"
"F9","08/18/2024","4927","N616FR","SAN","12:37","12:37","0","0","0","0","0","0"
"F9","08/18/2024","4989","N308FR","SAN","19:50","19:56","6","0","0","0","0","0"
"F9","08/19/2024","0686","N334FR","DCA","06:42","06:32","-10","0","0","0","0","0"
"F9","08/19/2024","0688","N318FR","DCA","12:41","12:37","-4","0","0","0","0","0"
"F9","08/19/2024","0690","N358FR","DCA","16:29","19:05","156","0","100","0","0","43"
"F9","08/19/2024","1093","N318FR","SFO","05:30","05:20","-10","0","0","0","0","0"
"F9","08/19/2024","1128","N633FR","OMA","11:50","11:41","-9","0","0","0","0","0"
"F9","08/19/2024","1150","N621FR","MSP","08:12","07:59","-13","0","0","0","0","0"
"F9","08/19/2024","1162","N337FR","HOU","08:24","19:49","685","0","58","0","0","623"
"F9","08/19/2024","1175","N721FR","SEA","05:05","04:54","-11","0","0","0","0","0"
"F9","08/19/2024","1229","N706FR","SFO","16:56","19:50","174","0","0","15","0","174"
"F9","08/19/2024","1248","N341FR","GRR","12:03","11:59","-4","0","0","0","0","0"
"F9","08/19/2024","1261","N704FR","ONT","06:00","05:54","-6","0","0","0","0","0"
"F9","08/19/2024","1280","N710FR","MIA","18:02","18:48","46","0","33","19","0","13"
"F9","08/19/2024","1292","N621FR","MSP","21:15","00:22","187","0","0","0","0","173"
"F9","08/19/2024","1362","N712FR","CLT","13:30","14:33","63","63","0","1","0","0"
"F9","08/19/2024","1402","N713FR","BNA","07:55","07:42","-13","0","0","0","0","0"
"F9","08/19/2024","1450","N334FR","ATL","15:04","15:43","39","0","4","16","0","35"
"F9","08/19/2024","1484","N714FR","ORD","06:20","06:12","-8","0","0","0","0","0"
"F9","08/19/2024","1499","N708FR","ONT","22:30","22:57","27","0","0","18","0","27"
"F9","08/19/2024","1560","N621FR","MSN","14:29","14:23","-6","0","0","0","0","0"
"F9","08/19/2024","1608","N719FR","MKE","17:14","17:09","-5","0","0","0","0","0"
"F9","08/19/2024","1678","N711FR","DSM","06:00","05:52","-8","0","0","0","0","0"
"F9","08/19/2024","1702","N619FR","SYR","14:09","14:09","0","0","0","0","0","0"
"F9","08/19/2024","1734","N331FR","MCO","00:49","00:42","-7","0","0","0","0","0"
"F9","08/19/2024","1816","N706FR","AUS","06:00","05:50","-10","0","0","0","0","0"
"F9","08/19/2024","1819","N393FR","PHX","08:51","08:41","-10","0","0","0","0","0"
"F9","08/19/2024","1864","N713FR","OKC","15:37","15:35","-2","0","0","15","0","0"
"F9","08/19/2024","1918","N639FR","CLE","06:40","06:53","13","0","0","0","0","0"
"F9","08/19/2024","1993","N322FR","LAS","10:14","10:05","-9","0","0","0","0","0"
"F9","08/19/2024","2105","N385FR","PHX","14:50","16:23","93","2","0","2","0","91"
"F9","08/19/2024","2108","N344FR","FSD","11:16","11:04","-12","0","0","0","0","0"
"F9","08/19/2024","2141","N390FR","PHX","12:01","11:52","-9","0","0","0","0","0"
"F9","08/19/2024","2148","N704FR","DFW","15:19","15:30","11","0","0","0","0","0"
"F9","08/19/2024","2210","N232FR","MDW","15:41","18:49","188","0","25","0","0","161"
"F9","08/19/2024","2341","N616FR","LAX","05:55","05:56","1","0","0","0","0","0"
"F9","08/19/2024","2348","N619FR","IND","06:00","05:55","-5","0","0","0","0","0"
"F9","08/19/2024","2349","N722FR","LAS","13:30","13:24","-6","0","0","0","0","0"
"F9","08/19/2024","2374","N711FR","TYS","17:06","17:14","8","0","4","12","0","4"
"F9","08/19/2024","2421","N718FR","SAN","16:01","16:16","15","0","0","0","0","0"
"F9","08/19/2024","2429","","LAS","16:19","00:00","0","0","0","0","0","0"
"F9","08/19/2024","2438","N344FR","RDU","15:06","17:09","123","18","0","26","0","105"
"F9","08/19/2024","2550","N339FR","DFW","21:32","22:25","53","0","0","0","0","48"
"F9","08/19/2024","2687","N318FR","PDX","22:10","22:23","13","0","0","0","0","0"
"F9","08/19/2024","2746","N644FR","TPA","17:44","19:09","85","0","16","0","0","48"
"F9","08/19/2024","2752","N616FR","BUF","13:37","13:40","3","0","0","0","0","0"
"F9","08/19/2024","2817","N719FR","SAN","06:45","06:33","-12","0","0","0","0","0"
"F9","08/19/2024","2946","N341FR","MDW","05:05","05:00","-5","0","0","0","0","0"
"F9","08/19/2024","3101","N706FR","MSO","12:35","12:25","-10","0","0","0","0","0"
"F9","08/19/2024","3162","N639FR","LGA","15:14","15:37","23","0","9","0","0","13"
"F9","08/19/2024","3172","N712FR","ORD","22:37","00:36","119","0","0","0","0","107"
"F9","08/19/2024","3206","N385FR","IAH","08:45","08:41","-4","0","0","0","0","0"
"F9","08/19/2024","3286","N389FR","CVG","17:31","17:45","14","0","14","9","0","0"
"F9","08/19/2024","3312","N716FR","MCO","10:39","16:55","376","0","0","0","0","352"
"F9","08/19/2024","3340","N323FR","PHL","23:59","23:58","-1","0","0","0","0","0"
"F9","08/19/2024","3376","N304FR","MCI","09:45","09:32","-13","0","0","0","0","0"
"F9","08/19/2024","3405","N721FR","SEA","18:56","21:24","148","0","0","0","0","134"
"F9","08/19/2024","3421","N713FR","ELP","19:10","22:33","203","0","0","0","0","196"
"F9","08/19/2024","3439","N714FR","SFO","22:15","22:43","28","24","0","0","0","2"
"F9","08/19/2024","3467","N379FR","PHX","20:57","22:11","74","0","0","0","0","67"
"F9","08/19/2024","3539","N616FR","LAS","22:38","23:16","38","0","0","0","0","23"
"F9","08/19/2024","3566","N230FR","DTW","06:35","06:25","-10","0","0","0","0","0"
"F9","08/19/2024","3600","N709FR","ATL","23:59","00:24","25","0","25","0","0","0"
"F9","08/19/2024","3665","N708FR","SMF","13:30","14:03","33","3","0","0","0","26"
"F9","08/19/2024","3708","N638FR","SAT","17:59","20:15","136","0","19","1","0","117"
"F9","08/19/2024","3861","N633FR","SLC","06:30","06:19","-11","0","0","0","0","0"
"F9","08/19/2024","3930","N633FR","PNS","16:39","17:51","72","0","0","3","0","72"
"F9","08/19/2024","3981","N711FR","SLC","12:03","11:53","-10","0","0","0","0","0"
"F9","08/19/2024","4070","N721FR","DFW","13:00","12:52","-8","0","0","0","0","0"
"F9","08/19/2024","4251","N230FR","SLC","14:34","15:17","43","30","0","0","0","0"
"F9","08/19/2024","4344","N712FR","XNA","07:30","07:19","-11","0","0","0","0","0"
"F9","08/19/2024","4345","N714FR","LAX","13:52","13:48","-4","0","0","0","0","0"
"F9","08/19/2024","4371","N393FR","SNA","14:26","14:55","29","20","0","0","0","0"
"F9","08/19/2024","4386","N644FR","CID","11:41","11:31","-10","0","0","0","0","0"
"F9","08/19/2024","4464","N644FR","DFW","05:05","04:57","-8","0","0","0","0","0"
"F9","08/19/2024","4478","N612FR","STL","17:16","17:16","0","0","0","27","0","0"
"F9","08/19/2024","4576","N708FR","CMH","06:00","06:01","1","0","0","0","0","0"
"F9","08/19/2024","4626","N718FR","MEM","08:52","08:59","7","0","0","0","0","0"
"F9","08/19/2024","4721","N704FR","SLC","22:03","22:44","41","0","0","0","0","36"
"F9","08/19/2024","4753","N308FR","PHX","23:25","00:22","57","52","0","0","0","0"
"F9","08/19/2024","4794","N715FR","FAR","10:52","14:48","236","224","0","0","0","4"
"F9","08/19/2024","4856","N603FR","IAH","15:55","15:51","-4","0","0","0","0","0"
"F9","08/19/2024","4917","N612FR","SJC","07:31","07:23","-8","0","0","0","0","0"
"F9","08/19/2024","4967","N640FR","LAS","18:42","19:55","73","0","64","0","0","0"
"F9","08/19/2024","4989","","SAN","19:50","00:00","0","0","0","0","0","0"
"F9","08/20/2024","0686","N318FR","DCA","06:42","06:38","-4","0","0","0","0","0"
"F9","08/20/2024","0688","N341FR","DCA","12:41","12:53","12","0","0","0","0","0"
"F9","08/20/2024","0690","N393FR","DCA","16:28","16:40","12","0","0","0","0","0"
"F9","08/20/2024","1114","N650FR","TPA","17:29","17:44","15","0","0","0","0","0"
"F9","08/20/2024","1128","N619FR","OMA","12:23","12:05","-18","0","0","0","0","0"
"F9","08/20/2024","1150","N621FR","MSP","08:12","08:06","-6","0","0","0","0","0"
"F9","08/20/2024","1162","N341FR","HOU","05:55","05:45","-10","0","0","0","0","0"
"F9","08/20/2024","1175","N606FR","SEA","06:36","06:28","-8","0","0","0","0","0"
"F9","08/20/2024","1229","N633FR","SFO","16:17","16:39","22","0","0","0","0","0"
"F9","08/20/2024","1261","N722FR","ONT","06:00","05:55","-5","0","0","0","0","0"
"F9","08/20/2024","1362","N708FR","CLT","06:25","06:12","-13","0","0","0","0","0"
"F9","08/20/2024","1375","N393FR","PHX","05:01","05:05","4","0","0","0","0","0"
"F9","08/20/2024","1402","N638FR","BNA","13:11","13:11","0","0","0","0","0","0"
"F9","08/20/2024","1499","N715FR","ONT","22:40","22:44","4","0","0","0","0","0"
"F9","08/20/2024","1560","N713FR","MSN","07:20","07:08","-12","0","0","0","0","0"
"F9","08/20/2024","1734","N719FR","MCO","00:49","00:39","-10","0","0","0","0","0"
"F9","08/20/2024","1816","N721FR","AUS","09:30","09:18","-12","0","0","0","0","0"
"F9","08/20/2024","1918","N358FR","CLE","09:55","09:47","-8","0","0","0","0","0"
"F9","08/20/2024","1928","N713FR","OKC","14:07","13:52","-15","0","0","0","0","0"
"F9","08/20/2024","1993","N391FR","LAS","10:09","10:01","-8","0","0","0","0","0"
"F9","08/20/2024","2015","N718FR","LAS","07:00","06:54","-6","0","0","0","0","0"
"F9","08/20/2024","2108","N704FR","FSD","08:23","08:27","4","0","0","0","0","0"
"F9","08/20/2024","2141","N338FR","PHX","14:50","14:45","-5","0","0","0","0","0"
"F9","08/20/2024","2148","N350FR","DFW","09:35","10:00","25","0","0","3","0","25"
"F9","08/20/2024","2210","N387FR","MDW","13:46","13:46","0","0","0","0","0","0"
"F9","08/20/2024","2261","N619FR","ELP","06:30","06:20","-10","0","0","0","0","0"
"F9","08/20/2024","2341","N638FR","LAX","05:55","05:45","-10","0","0","0","0","0"
"F9","08/20/2024","2348","N606FR","IND","14:39","14:37","-2","0","0","0","0","0"
"F9","08/20/2024","2356","N612FR","SAT","15:45","16:01","16","0","0","0","0","0"
"F9","08/20/2024","2438","N304FR","RDU","15:06","15:11","5","0","0","0","0","0"
"F9","08/20/2024","2577","N318FR","SNA","15:54","15:59","5","0","0","0","0","0"
"F9","08/20/2024","2632","N358FR","DFW","18:20","18:05","-15","0","0","0","0","0"
"F9","08/20/2024","2687","N606FR","PDX","22:06","22:06","0","0","0","0","0","0"
"F9","08/20/2024","2817","N612FR","SAN","06:20","06:10","-10","0","0","0","0","0"
"F9","08/20/2024","3138","N621FR","MIA","17:17","18:00","43","39","0","0","0","0"
"F9","08/20/2024","3162","N718FR","LGA","15:14","15:17","3","0","0","0","0","0"
"F9","08/20/2024","3206","N353FR","IAH","08:36","08:34","-2","0","0","0","0","0"
"F9","08/20/2024","3230","N635FR","IAH","14:29","14:51","22","0","0","0","0","0"
"F9","08/20/2024","3286","N326FR","CVG","08:48","08:51","3","0","0","0","0","0"
"F9","08/20/2024","3312","N336FR","MCO","10:21","10:20","-1","0","0","0","0","0"
"F9","08/20/2024","3340","N604FR","PHL","23:12","23:13","1","0","0","0","0","0"
"F9","08/20/2024","3376","N635FR","MCI","08:50","08:55","5","0","0","0","0","0"
"F9","08/20/2024","3439","N704FR","SFO","22:15","22:22","7","0","0","0","0","0"
"F9","08/20/2024","3566","N706FR","DTW","07:15","07:05","-10","0","0","0","0","0"
"F9","08/20/2024","3600","N633FR","ATL","23:59","23:57","-2","0","0","0","0","0"
"F9","08/20/2024","3665","N639FR","SMF","13:30","13:23","-7","0","0","0","0","0"
"F9","08/20/2024","3843","N619FR","LAS","17:17","17:38","21","0","0","0","0","18"
"F9","08/20/2024","3981","N393FR","SLC","11:22","11:18","-4","0","0","0","0","0"
"F9","08/20/2024","4235","N318FR","SLC","22:36","22:32","-4","0","0","0","0","0"
"F9","08/20/2024","4345","N704FR","LAX","13:52","13:49","-3","0","0","0","0","0"
"F9","08/20/2024","4386","N714FR","CID","10:42","10:38","-4","0","0","0","0","0"
"F9","08/20/2024","4478","N706FR","STL","15:37","15:34","-3","0","0","0","0","0"
"F9","08/20/2024","4611","N612FR","LAS","22:38","22:46","8","0","0","0","0","0"
"F9","08/20/2024","4616","N635FR","MSP","21:43","21:46","3","0","0","0","0","0"
"F9","08/20/2024","4647","N722FR","SEA","15:18","15:21","3","0","0","0","0","0"
"F9","08/20/2024","4721","N344FR","SLC","19:54","20:10","16","1","0","0","0","14"
"F9","08/20/2024","4765","N347FR","PHX","22:10","22:09","-1","0","0","0","0","0"
"F9","08/20/2024","4794","N343FR","FAR","09:45","09:34","-11","0","0","0","0","0"
"F9","08/20/2024","4917","N344FR","SJC","11:00","11:00","0","0","0","0","0","0"
"F9","08/20/2024","4984","N312FR","ORD","20:00","19:50","-10","0","0","0","0","0"
"F9","08/20/2024","4989","N381FR","SAN","18:00","17:57","-3","0","0","0","0","0"
"F9","08/21/2024","0686","N341FR","DCA","06:42","06:37","-5","0","0","0","0","0"
"F9","08/21/2024","0688","N342FR","DCA","12:41","12:37","-4","0","0","0","0","0"
"F9","08/21/2024","0690","N390FR","DCA","16:25","16:27","2","0","0","0","0","0"
"F9","08/21/2024","1093","N613FR","SFO","14:09","14:06","-3","0","0","0","0","0"
"F9","08/21/2024","1128","N390FR","OMA","11:22","11:27","5","0","0","0","0","0"
"F9","08/21/2024","1150","N635FR","MSP","08:12","08:04","-8","0","0","0","0","0"
"F9","08/21/2024","1162","N312FR","HOU","08:38","08:28","-10","0","0","0","0","0"
"F9","08/21/2024","1175","N718FR","SEA","05:05","04:51","-14","0","0","0","0","0"
"F9","08/21/2024","1248","N710FR","GRR","06:00","06:03","3","0","0","0","0","0"
"F9","08/21/2024","1261","N638FR","ONT","06:00","05:53","-7","0","0","0","0","0"
"F9","08/21/2024","1292","N633FR","MSP","21:43","21:46","3","0","0","0","0","0"
"F9","08/21/2024","1362","N635FR","CLT","14:27","14:32","5","0","0","20","0","5"
"F9","08/21/2024","1402","N722FR","BNA","16:10","17:11","61","0","0","0","0","47"
"F9","08/21/2024","1484","N318FR","ORD","08:50","08:55","5","0","0","0","0","0"
"F9","08/21/2024","1499","N613FR","ONT","22:20","22:20","0","0","0","0","0","0"
"F9","08/21/2024","1560","N633FR","MSN","14:29","14:31","2","0","0","0","0","0"
"F9","08/21/2024","1678","N309FR","DSM","06:00","05:52","-8","0","0","0","0","0"
"F9","08/21/2024","1702","N715FR","SYR","13:22","13:15","-7","0","0","0","0","0"
"F9","08/21/2024","1734","N639FR","MCO","00:59","01:02","3","0","0","0","0","0"
"F9","08/21/2024","1816","N714FR","AUS","06:00","05:50","-10","0","0","0","0","0"
"F9","08/21/2024","1819","N381FR","PHX","08:52","08:52","0","0","0","0","0","0"
"F9","08/21/2024","1864","N343FR","OKC","08:00","07:44","-16","0","0","0","0","0"
"F9","08/21/2024","1918","N613FR","CLE","05:01","05:13","12","0","0","0","0","0"
"F9","08/21/2024","2141","N344FR","PHX","14:00","13:53","-7","0","0","0","0","0"
"F9","08/21/2024","2148","N339FR","DFW","09:35","09:44","9","0","0","0","0","0"
"F9","08/21/2024","2210","N387FR","MDW","08:51","08:39","-12","0","0","0","0","0"
"F9","08/21/2024","2261","N309FR","ELP","11:27","11:24","-3","0","0","0","0","0"
"F9","08/21/2024","2341","N715FR","LAX","05:55","05:45","-10","0","0","0","0","0"
"F9","08/21/2024","2348","N711FR","IND","06:05","05:55","-10","0","0","0","0","0"
"F9","08/21/2024","2349","N383FR","LAS","13:11","13:20","9","0","0","0","0","0"
"F9","08/21/2024","2374","N606FR","TYS","06:45","06:35","-10","0","0","0","0","0"
"F9","08/21/2024","2421","N312FR","SAN","15:37","15:32","-5","0","0","0","0","0"
"F9","08/21/2024","2429","N638FR","LAS","15:20","15:16","-4","0","0","0","0","0"
"F9","08/21/2024","2438","N393FR","RDU","15:06","15:05","-1","0","0","42","0","0"
"F9","08/21/2024","2632","N309FR","DFW","18:36","18:32","-4","0","0","0","0","0"
"F9","08/21/2024","2687","N718FR","PDX","22:06","21:54","-12","0","0","0","0","0"
"F9","08/21/2024","2746","N381FR","TPA","17:55","17:44","-11","0","0","0","0","0"
"F9","08/21/2024","2752","N708FR","BUF","07:05","07:05","0","0","0","0","0","0"
"F9","08/21/2024","2817","N722FR","SAN","06:45","06:38","-7","0","0","0","0","0"
"F9","08/21/2024","3101","N625FR","MSO","12:35","12:40","5","0","0","0","0","0"
"F9","08/21/2024","3138","N343FR","MIA","13:29","13:49","20","14","0","0","0","4"
"F9","08/21/2024","3162","N606FR","LGA","15:14","15:19","5","0","0","0","0","0"
"F9","08/21/2024","3230","N337FR","IAH","05:11","05:04","-7","0","0","0","0","0"
"F9","08/21/2024","3286","N352FR","CVG","17:12","16:58","-14","0","0","0","0","0"
"F9","08/21/2024","3312","N619FR","MCO","11:10","11:17","7","7","0","12","0","0"
"F9","08/21/2024","3340","N641FR","PHL","23:50","23:42","-8","0","0","0","0","0"
"F9","08/21/2024","3376","N393FR","MCI","09:45","09:54","9","0","0","0","0","0"
"F9","08/21/2024","3405","N702FR","SEA","17:58","18:06","8","0","0","0","0","0"
"F9","08/21/2024","3439","N713FR","SFO","22:15","22:14","-1","0","0","0","0","0"
"F9","08/21/2024","3467","N344FR","PHX","19:42","20:01","19","0","9","9","0","10"
"F9","08/21/2024","3539","N710FR","LAS","22:38","22:32","-6","0","0","0","0","0"
"F9","08/21/2024","3566","N713FR","DTW","06:40","06:34","-6","0","0","0","0","0"
"F9","08/21/2024","3600","N708FR","ATL","23:59","23:57","-2","0","0","0","0","0"
"F9","08/21/2024","3665","N711FR","SMF","13:30","13:41","11","0","0","0","0","0"
"F9","08/21/2024","3708","N721FR","SAT","17:35","17:55","20","20","0","0","0","0"
"F9","08/21/2024","3981","N304FR","SLC","11:00","11:05","5","0","0","0","0","0"
"F9","08/21/2024","4235","N714FR","SLC","22:35","22:20","-15","0","0","0","0","0"
"F9","08/21/2024","4344","N708FR","XNA","15:58","15:55","-3","0","0","0","0","0"
"F9","08/21/2024","4345","N718FR","LAX","13:52","13:51","-1","0","0","0","0","0"
"F9","08/21/2024","4371","N341FR","SNA","15:54","15:55","1","0","0","0","0","0"
"F9","08/21/2024","4386","N714FR","CID","13:08","13:06","-2","0","0","0","0","0"
"F9","08/21/2024","4478","N710FR","STL","15:37","15:48","11","0","0","0","0","0"
"F9","08/21/2024","4721","N625FR","SLC","19:26","19:14","-12","0","0","0","0","0"
"F9","08/21/2024","4753","N395FR","PHX","23:25","23:10","-15","0","0","0","0","0"
"F9","08/21/2024","4794","N721FR","FAR","10:42","10:35","-7","0","0","0","0","0"
"F9","08/21/2024","4856","N713FR","IAH","15:06","15:06","0","0","0","0","0","0"
"F9","08/21/2024","4917","N702FR","SJC","07:31","07:29","-2","0","0","0","0","0"
"F9","08/21/2024","4967","N337FR","LAS","17:41","17:39","-2","0","0","0","0","0"
"F9","08/22/2024","0686","N342FR","DCA","06:42","06:41","-1","0","0","0","0","0"
"F9","08/22/2024","0688","N303FR","DCA","12:41","12:31","-10","0","0","0","0","0"
"F9","08/22/2024","0690","N393FR","DCA","16:28","17:33","65","0","0","0","0","60"
"F9","08/22/2024","1128","N714FR","OMA","08:34","10:51","137","135","0","0","0","0"
"F9","08/22/2024","1162","N303FR","HOU","05:55","05:48","-7","0","0","0","0","0"
"F9","08/22/2024","1175","N606FR","SEA","05:25","05:17","-8","0","0","0","0","0"
"F9","08/22/2024","1229","N613FR","SFO","16:55","17:47","52","0","0","51","0","5"
"F9","08/22/2024","1261","N392FR","ONT","06:00","06:22","22","22","0","4","0","0"
"F9","08/22/2024","1324","N715FR","DFW","05:01","04:48","-13","0","0","0","0","0"
"F9","08/22/2024","1362","N613FR","CLT","08:10","08:00","-10","0","0","0","0","0"
"F9","08/22/2024","1375","N718FR","PHX","06:45","06:38","-7","0","0","15","0","0"
"F9","08/22/2024","1402","N716FR","BNA","06:00","05:54","-6","0","0","0","0","0"
"F9","08/22/2024","1450","N344FR","ATL","14:40","15:44","64","52","0","0","0","0"
"F9","08/22/2024","1484","N708FR","ORD","08:50","08:47","-3","0","0","0","0","0"
"F9","08/22/2024","1499","N702FR","ONT","22:37","22:34","-3","0","0","0","0","0"
"F9","08/22/2024","1560","N635FR","MSN","11:16","11:10","-6","0","0","0","0","0"
"F9","08/22/2024","1608","N715FR","MKE","17:40","17:48","8","0","0","7","0","8"
"F9","08/22/2024","1678","N341FR","DSM","11:38","11:20","-18","0","0","0","0","0"
"F9","08/22/2024","1734","N717FR","MCO","00:49","00:38","-11","0","0","0","0","0"
"F9","08/22/2024","1789","N341FR","PDX","17:20","17:24","4","0","0","0","0","0"
"F9","08/22/2024","1816","N702FR","AUS","05:31","05:31","0","0","0","0","0","0"
"F9","08/22/2024","1819","N378FR","PHX","08:51","09:27","36","29","0","0","0","0"
"F9","08/22/2024","1864","N390FR","OKC","09:45","09:32","-13","0","0","0","0","0"
"F9","08/22/2024","1918","N633FR","CLE","08:35","08:25","-10","0","0","0","0","0"
"F9","08/22/2024","1928","N385FR","OKC","16:52","16:52","0","0","0","0","0","0"
"F9","08/22/2024","1993","N721FR","LAS","06:31","06:27","-4","0","0","0","0","0"
"F9","08/22/2024","2015","N322FR","LAS","10:09","10:00","-9","0","0","0","0","0"
"F9","08/22/2024","2108","N393FR","FSD","11:15","12:17","62","0","0","0","0","50"
"F9","08/22/2024","2141","N324FR","PHX","14:50","14:50","0","0","0","0","0","0"
"F9","08/22/2024","2210","N387FR","MDW","07:44","07:41","-3","0","0","0","0","0"
"F9","08/22/2024","2212","N342FR","DTW","15:54","16:32","38","38","0","11","0","0"
"F9","08/22/2024","2261","N341FR","ELP","06:00","05:54","-6","0","0","0","0","0"
"F9","08/22/2024","2341","N711FR","LAX","05:55","05:41","-14","0","0","0","0","0"
"F9","08/22/2024","2348","N704FR","IND","05:06","04:58","-8","0","0","0","0","0"
"F9","08/22/2024","2349","N350FR","LAS","14:00","13:50","-10","0","0","0","0","0"
"F9","08/22/2024","2356","N708FR","SAT","16:15","16:49","34","0","0","0","0","28"
"F9","08/22/2024","2360","N635FR","MSY","18:08","18:05","-3","0","0","0","0","0"
"F9","08/22/2024","2438","N392FR","RDU","15:06","15:02","-4","0","0","0","0","0"
"F9","08/22/2024","2632","N711FR","DFW","18:40","18:33","-7","0","0","0","0","0"
"F9","08/22/2024","2687","N385FR","PDX","22:07","22:08","1","0","0","0","0","0"
"F9","08/22/2024","2746","N606FR","TPA","13:11","13:55","44","0","0","24","0","12"
"F9","08/22/2024","2817","N625FR","SAN","06:00","05:50","-10","0","0","0","0","0"
"F9","08/22/2024","2890","N339FR","AUS","17:20","18:11","51","51","0","14","0","0"
"F9","08/22/2024","3138","N722FR","MIA","06:30","06:28","-2","0","0","17","0","0"
"F9","08/22/2024","3162","N714FR","LGA","15:14","16:30","76","0","0","0","0","68"
"F9","08/22/2024","3174","N612FR","ORD","17:01","16:54","-7","0","0","0","0","0"
"F9","08/22/2024","3200","N629FR","MSP","21:43","21:40","-3","0","0","0","0","0"
"F9","08/22/2024","3206","N629FR","IAH","14:34","14:30","-4","0","0","0","0","0"
"F9","08/22/2024","3230","N324FR","IAH","07:45","08:13","28","0","0","0","0","18"
"F9","08/22/2024","3286","N312FR","CVG","07:48","08:09","21","20","0","0","0","0"
"F9","08/22/2024","3312","N639FR","MCO","09:00","09:02","2","0","0","0","0","0"
"F9","08/22/2024","3340","N641FR","PHL","23:59","00:05","6","1","0","15","0","5"
"F9","08/22/2024","3376","N713FR","MCI","10:42","10:28","-14","0","0","0","0","0"
"F9","08/22/2024","3439","N603FR","SFO","22:15","22:25","10","0","0","0","0","0"
"F9","08/22/2024","3467","N337FR","PHX","21:01","20:53","-8","0","0","0","0","0"
"F9","08/22/2024","3600","N606FR","ATL","23:59","01:17","78","28","0","0","0","39"
"F9","08/22/2024","3665","N716FR","SMF","13:36","13:28","-8","0","0","0","0","0"
"F9","08/22/2024","3861","N635FR","SLC","06:00","05:52","-8","0","0","0","0","0"
"F9","08/22/2024","3949","N718FR","LAS","22:38","22:28","-10","0","0","0","0","0"
"F9","08/22/2024","3981","N711FR","SLC","13:11","13:12","1","0","0","0","0","0"
"F9","08/22/2024","4070","N625FR","DFW","15:25","15:20","-5","0","0","60","0","0"
"F9","08/22/2024","4251","N633FR","SLC","17:15","17:13","-2","0","0","0","0","0"
"F9","08/22/2024","4345","N718FR","LAX","13:52","13:53","1","1","0","32","0","0"
"F9","08/22/2024","4371","N390FR","SNA","15:00","14:58","-2","0","0","0","0","0"
"F9","08/22/2024","4374","N706FR","PIT","07:00","06:48","-12","0","0","0","0","0"
"F9","08/22/2024","4386","N629FR","CID","08:12","08:02","-10","0","0","0","0","0"
"F9","08/22/2024","4464","N331FR","DFW","07:09","07:01","-8","0","0","0","0","0"
"F9","08/22/2024","4478","N603FR","STL","15:37","15:29","-8","0","0","0","0","0"
"F9","08/22/2024","4576","N603FR","CMH","07:25","07:14","-11","0","0","0","0","0"
"F9","08/22/2024","4611","N350FR","LAS","20:38","21:30","52","0","0","6","0","52"
"F9","08/22/2024","4616","N366FR","MSP","16:00","16:39","39","0","0","0","0","28"
"F9","08/22/2024","4647","N713FR","SEA","16:25","16:15","-10","0","0","0","0","0"
"F9","08/22/2024","4721","N303FR","SLC","21:40","21:34","-6","0","0","39","0","0"
"F9","08/22/2024","4753","N342FR","PHX","23:30","02:06","156","155","0","0","0","0"
"F9","08/22/2024","4776","N706FR","LIT","15:41","16:01","20","0","0","0","0","0"
"F9","08/22/2024","4794","N715FR","FAR","11:37","11:27","-10","0","0","0","0","0"
"F9","08/22/2024","4917","N702FR","SJC","12:11","11:57","-14","0","0","0","0","0"
"F9","08/22/2024","4927","N704FR","SAN","12:37","15:10","153","105","0","49","0","48"
"F9","08/22/2024","4989","N383FR","SAN","19:50","20:28","38","0","0","0","0","36"
"F9","08/23/2024","0686","N390FR","DCA","06:42","06:37","-5","0","0","0","0","0"
"F9","08/23/2024","0688","N385FR","DCA","12:41","12:33","-8","0","0","0","0","0"
"F9","08/23/2024","0690","N392FR","DCA","16:29","17:22","53","7","0","0","0","24"
"F9","08/23/2024","1093","N385FR","SFO","05:30","05:26","-4","0","0","0","0","0"
"F9","08/23/2024","1128","N351FR","OMA","11:51","11:44","-7","0","0","0","0","0"
"F9","08/23/2024","1150","N629FR","MSP","08:12","08:01","-11","0","0","0","0","0"
"F9","08/23/2024","1162","N303FR","HOU","08:24","08:10","-14","0","0","0","0","0"
"F9","08/23/2024","1175","N612FR","SEA","05:05","05:05","0","0","0","0","0","0"
"F9","08/23/2024","1229","N715FR","SFO","16:56","18:09","73","0","0","0","0","70"
"F9","08/23/2024","1248","N303FR","GRR","15:04","15:51","47","28","0","0","0","11"
"F9","08/23/2024","1261","N714FR","ONT","06:00","05:55","-5","0","0","0","0","0"
"F9","08/23/2024","1280","N621FR","MIA","18:02","18:34","32","0","0","0","0","28"
"F9","08/23/2024","1292","N706FR","MSP","20:48","21:23","35","0","0","0","0","23"
"F9","08/23/2024","1362","N711FR","CLT","13:33","13:24","-9","0","0","0","0","0"
"F9","08/23/2024","1402","N613FR","BNA","07:55","07:46","-9","0","0","0","0","0"
"F9","08/23/2024","1450","N716FR","ATL","06:35","06:24","-11","0","0","0","0","0"
"F9","08/23/2024","1484","N706FR","ORD","06:35","06:30","-5","0","0","0","0","0"
"F9","08/23/2024","1499","N722FR","ONT","22:20","22:18","-2","0","0","0","0","0"
"F9","08/23/2024","1560","N706FR","MSN","14:02","14:38","36","0","0","0","0","25"
"F9","08/23/2024","1608","N644FR","MKE","17:14","17:45","31","0","0","0","0","26"
"F9","08/23/2024","1678","N232FR","DSM","06:00","05:50","-10","0","0","0","0","0"
"F9","08/23/2024","1702","N702FR","SYR","14:07","14:04","-3","0","0","0","0","0"
"F9","08/23/2024","1734","N341FR","MCO","00:49","01:02","13","0","0","0","0","0"
"F9","08/23/2024","1816","N635FR","AUS","06:20","06:05","-15","0","0","0","0","0"
"F9","08/23/2024","1819","N386FR","PHX","08:52","08:42","-10","0","0","0","0","0"
"F9","08/23/2024","1918","N633FR","CLE","07:00","06:55","-5","0","0","0","0","0"
"F9","08/23/2024","1993","N329FR","LAS","10:14","14:34","260","259","0","0","0","0"
"F9","08/23/2024","2105","N308FR","PHX","12:01","11:52","-9","0","0","0","0","0"
"F9","08/23/2024","2108","N392FR","FSD","11:16","11:05","-11","0","0","0","0","0"
"F9","08/23/2024","2141","N338FR","PHX","14:50","15:03","13","0","0","0","0","0"
"F9","08/23/2024","2148","N633FR","DFW","15:19","15:37","18","0","0","0","0","0"
"F9","08/23/2024","2210","N383FR","MDW","16:31","16:47","16","0","0","0","0","0"
"F9","08/23/2024","2341","N711FR","LAX","05:55","05:45","-10","0","0","0","0","0"
"F9","08/23/2024","2348","N708FR","IND","06:00","05:57","-3","0","0","0","0","0"
"F9","08/23/2024","2349","N384FR","LAS","13:30","13:41","11","0","0","0","0","0"
"F9","08/23/2024","2374","N629FR","TYS","14:27","14:28","1","0","0","0","0","0"
"F9","08/23/2024","2421","N718FR","SAN","16:27","16:31","4","0","0","0","0","0"
"F9","08/23/2024","2429","N390FR","LAS","16:19","16:47","28","17","0","0","0","4"
"F9","08/23/2024","2438","N393FR","RDU","15:06","15:16","10","3","0","7","0","7"
"F9","08/23/2024","2550","N385FR","DFW","21:32","21:41","9","0","0","0","0","0"
"F9","08/23/2024","2687","N635FR","PDX","22:00","21:51","-9","0","0","0","0","0"
"F9","08/23/2024","2746","N713FR","TPA","17:34","17:49","15","0","0","0","0","0"
"F9","08/23/2024","2752","N350FR","BUF","15:54","16:45","51","11","0","0","0","34"
"F9","08/23/2024","2817","N625FR","SAN","06:45","06:35","-10","0","0","0","0","0"
"F9","08/23/2024","2946","N351FR","MDW","05:05","04:59","-6","0","0","0","0","0"
"F9","08/23/2024","3101","N708FR","MSO","13:23","13:27","4","0","0","0","0","0"
"F9","08/23/2024","3162","N716FR","LGA","15:14","15:16","2","0","0","0","0","0"
"F9","08/23/2024","3206","N714FR","IAH","15:35","17:31","116","92","0","25","0","24"
"F9","08/23/2024","3230","N383FR","IAH","09:35","09:26","-9","0","0","0","0","0"
"F9","08/23/2024","3286","N351FR","CVG","17:36","17:55","19","0","0","0","0","0"
"F9","08/23/2024","3312","N626FR","MCO","10:39","10:43","4","0","0","0","0","0"
"F9","08/23/2024","3340","N625FR","PHL","23:59","00:05","6","0","0","0","0","0"
"F9","08/23/2024","3376","N393FR","MCI","09:45","09:39","-6","0","0","0","0","0"
"F9","08/23/2024","3405","N704FR","SEA","17:59","18:42","43","23","0","0","0","16"
"F9","08/23/2024","3421","N347FR","ELP","19:10","18:57","-13","0","0","0","0","0"
"F9","08/23/2024","3439","N612FR","SFO","22:15","23:02","47","0","0","0","0","47"
"F9","08/23/2024","3467","N324FR","PHX","21:20","22:25","65","8","0","1","0","57"
"F9","08/23/2024","3566","N702FR","DTW","06:00","05:58","-2","0","0","0","0","0"
"F9","08/23/2024","3600","N629FR","ATL","23:59","23:55","-4","0","0","0","0","0"
"F9","08/23/2024","3665","N612FR","SMF","13:30","13:20","-10","0","0","0","0","0"
"F9","08/23/2024","3708","N352FR","SAT","17:35","18:31","56","0","48","0","0","1"
"F9","08/23/2024","3843","N638FR","LAS","18:42","19:03","21","12","0","2","0","9"
"F9","08/23/2024","3861","N704FR","SLC","06:31","06:22","-9","0","0","0","0","0"
"F9","08/23/2024","3930","N625FR","PNS","16:10","16:20","10","0","0","0","0","0"
"F9","08/23/2024","3949","N303FR","LAS","22:48","22:55","7","0","0","0","0","0"
"F9","08/23/2024","3981","N603FR","SLC","12:03","15:08","185","138","0","5","0","47"
"F9","08/23/2024","4070","N635FR","DFW","13:00","13:12","12","0","0","0","0","0"
"F9","08/23/2024","4251","N386FR","SLC","14:34","14:46","12","0","0","0","0","0"
"F9","08/23/2024","4344","N722FR","XNA","07:55","07:51","-4","0","0","0","0","0"
"F9","08/23/2024","4345","N722FR","LAX","13:52","15:14","82","82","0","2","0","0"
"F9","08/23/2024","4371","N347FR","SNA","12:33","12:22","-11","0","0","0","0","0"
"F9","08/23/2024","4386","N704FR","CID","11:41","11:41","0","0","0","0","0","0"
"F9","08/23/2024","4464","N713FR","DFW","05:05","04:56","-9","0","0","0","0","0"
"F9","08/23/2024","4478","N613FR","STL","15:37","16:28","51","1","0","0","0","34"
"F9","08/23/2024","4626","N718FR","MEM","08:50","08:43","-7","0","0","0","0","0"
"F9","08/23/2024","4721","N633FR","SLC","22:03","22:09","6","0","0","0","0","0"
"F9","08/23/2024","4753","N230FR","PHX","23:25","23:25","0","0","0","0","0","0"
"F9","08/23/2024","4794","N713FR","FAR","10:52","11:07","15","0","0","0","0","0"
"F9","08/23/2024","4917","N352FR","SJC","07:31","07:16","-15","0","0","0","0","0"
"F9","08/23/2024","4984","N613FR","ORD","22:37","23:58","81","61","0","0","0","13"
"F9","08/23/2024","4989","N361FR","SAN","19:50","19:46","-4","0","0","0","0","0"
"F9","08/24/2024","0686","N235FR","DCA","06:42","06:34","-8","0","0","0","0","0"
"F9","08/24/2024","0688","N304FR","DCA","12:41","12:42","1","0","0","0","0","0"
"F9","08/24/2024","0690","N235FR","DCA","16:28","16:26","-2","0","0","0","0","0"
"F9","08/24/2024","1128","N644FR","OMA","12:08","11:51","-17","0","0","0","0","0"
"F9","08/24/2024","1150","N706FR","MSP","08:12","08:11","-1","0","0","0","0","0"
"F9","08/24/2024","1162","N387FR","HOU","05:01","04:55","-6","0","0","0","0","0"
"F9","08/24/2024","1175","N704FR","SEA","05:05","05:01","-4","0","0","0","0","0"
"F9","08/24/2024","1228","N347FR","MDW","18:17","18:12","-5","0","0","0","0","0"
"F9","08/24/2024","1229","N702FR","SFO","16:25","16:36","11","11","0","10","0","0"
"F9","08/24/2024","1248","N359FR","GRR","13:43","13:29","-14","0","0","0","0","0"
"F9","08/24/2024","1261","N723FR","ONT","06:00","05:58","-2","0","0","0","0","0"
"F9","08/24/2024","1292","N633FR","MSP","21:43","21:47","4","0","0","0","0","0"
"F9","08/24/2024","1362","N714FR","CLT","05:31","05:35","4","0","0","0","0","0"
"F9","08/24/2024","1402","N723FR","BNA","15:28","15:46","18","0","0","0","0","0"
"F9","08/24/2024","1499","N393FR","ONT","22:37","00:09","92","90","0","0","0","0"
"F9","08/24/2024","1560","N714FR","MSN","15:15","15:35","20","0","0","0","0","0"
"F9","08/24/2024","1678","N347FR","DSM","12:54","12:42","-12","0","0","0","0","0"
"F9","08/24/2024","1734","N603FR","MCO","00:49","01:42","53","0","0","0","0","31"
"F9","08/24/2024","1752","N351FR","CVG","20:10","19:58","-12","0","0","0","0","0"
"F9","08/24/2024","1819","N301FR","PHX","09:59","09:49","-10","0","0","0","0","0"
"F9","08/24/2024","1993","N335FR","LAS","10:09","09:59","-10","0","0","0","0","0"
"F9","08/24/2024","2105","N362FR","PHX","16:55","17:07","12","0","0","0","0","0"
"F9","08/24/2024","2108","N708FR","FSD","10:09","09:54","-15","0","0","0","0","0"
"F9","08/24/2024","2141","N232FR","PHX","14:45","14:55","10","0","0","0","0","0"
"F9","08/24/2024","2148","N385FR","DFW","08:10","07:48","-22","0","0","0","0","0"
"F9","08/24/2024","2210","N347FR","MDW","06:00","05:51","-9","0","0","0","0","0"
"F9","08/24/2024","2212","N633FR","DTW","12:51","13:16","25","0","0","0","0","0"
"F9","08/24/2024","2341","N718FR","LAX","05:55","05:48","-7","0","0","0","0","0"
"F9","08/24/2024","2348","N711FR","IND","06:31","06:26","-5","0","0","0","0","0"
"F9","08/24/2024","2349","N328FR","LAS","14:13","13:59","-14","0","0","0","0","0"
"F9","08/24/2024","2356","N644FR","SAT","05:11","05:02","-9","0","0","0","0","0"
"F9","08/24/2024","2360","N718FR","MSY","13:37","14:25","48","36","0","0","0","0"
"F9","08/24/2024","2374","N604FR","TYS","16:11","16:37","26","0","0","2","0","26"
"F9","08/24/2024","2421","N644FR","SAN","16:58","17:07","9","0","0","0","0","0"
"F9","08/24/2024","2429","N230FR","LAS","16:43","16:37","-6","0","0","0","0","0"
"F9","08/24/2024","2438","N348FR","RDU","15:06","15:53","47","30","0","0","0","0"
"F9","08/24/2024","2454","N635FR","PNS","07:10","06:58","-12","0","0","0","0","0"
"F9","08/24/2024","2632","N330FR","DFW","18:40","19:02","22","0","0","0","0","0"
"F9","08/24/2024","2687","N304FR","PDX","22:07","21:54","-13","0","0","0","0","0"
"F9","08/24/2024","2746","N713FR","TPA","17:22","18:32","70","28","0","0","0","41"
"F9","08/24/2024","2752","N715FR","BUF","08:00","09:12","72","62","0","0","0","0"
"F9","08/24/2024","2817","N604FR","SAN","06:45","06:36","-9","0","0","0","0","0"
"F9","08/24/2024","2890","N708FR","AUS","15:48","15:51","3","0","0","0","0","0"
"F9","08/24/2024","3138","N722FR","MIA","06:00","05:55","-5","0","0","55","0","0"
"F9","08/24/2024","3162","N711FR","LGA","15:14","15:24","10","0","0","0","0","0"
"F9","08/24/2024","3172","N382FR","ORD","20:00","20:08","8","0","0","0","0","0"
"F9","08/24/2024","3206","N706FR","IAH","14:34","14:32","-2","0","0","20","0","0"
"F9","08/24/2024","3230","N352FR","IAH","05:06","05:02","-4","0","0","0","0","0"
"F9","08/24/2024","3312","N392FR","MCO","10:34","10:31","-3","0","0","0","0","0"
"F9","08/24/2024","3340","N644FR","PHL","23:59","23:54","-5","0","0","0","0","0"
"F9","08/24/2024","3376","N612FR","MCI","17:29","17:13","-16","0","0","0","0","0"
"F9","08/24/2024","3405","N722FR","SEA","17:03","17:44","41","2","0","1","0","39"
"F9","08/24/2024","3421","N393FR","ELP","18:35","18:35","0","0","0","0","0","0"
"F9","08/24/2024","3439","N718FR","SFO","22:15","22:07","-8","0","0","0","0","0"
"F9","08/24/2024","3467","N335FR","PHX","19:00","18:50","-10","0","0","0","0","0"
"F9","08/24/2024","3539","N635FR","LAS","22:38","22:25","-13","0","0","0","0","0"
"F9","08/24/2024","3600","N702FR","ATL","23:59","00:03","4","0","0","0","0","0"
"F9","08/24/2024","3665","N629FR","SMF","13:30","13:30","0","0","0","0","0","0"
"F9","08/24/2024","3981","N230FR","SLC","11:14","11:00","-14","0","0","0","0","0"
"F9","08/24/2024","4070","N385FR","DFW","14:22","14:21","-1","0","0","0","0","0"
"F9","08/24/2024","4235","N723FR","SLC","23:08","22:59","-9","0","0","0","0","0"
"F9","08/24/2024","4345","N704FR","LAX","13:52","14:14","22","0","0","0","0","0"
"F9","08/24/2024","4371","N359FR","SNA","07:00","06:54","-6","0","0","0","0","0"
"F9","08/24/2024","4386","N393FR","CID","12:21","12:15","-6","0","0","0","0","0"
"F9","08/24/2024","4478","N635FR","STL","15:37","15:47","10","0","0","0","0","0"
"F9","08/24/2024","4576","N350FR","CMH","14:14","14:14","0","0","0","0","0","0"
"F9","08/24/2024","4611","N359FR","LAS","20:38","20:51","13","13","0","2","0","0"
"F9","08/24/2024","4626","N716FR","MEM","08:05","08:09","4","0","0","0","0","0"
"F9","08/24/2024","4638","N651FR","CLE","18:19","18:27","8","0","0","0","0","0"
"F9","08/24/2024","4721","N378FR","SLC","18:49","18:39","-10","0","0","0","0","0"
"F9","08/24/2024","4765","N232FR","PHX","21:30","21:20","-10","0","0","0","0","0"
"F9","08/24/2024","4794","N612FR","FAR","10:45","10:38","-7","0","0","0","0","0"
"F9","08/24/2024","4917","N362FR","SJC","07:40","07:30","-10","0","0","0","0","0"
"F9","08/24/2024","4927","N387FR","SAN","12:01","12:00","-1","0","0","0","0","0"
"F9","08/25/2024","0686","N393FR","DCA","06:40","06:31","-9","0","0","0","0","0"
"F9","08/25/2024","0688","N334FR","DCA","12:41","13:14","33","28","0","0","0","0"
"F9","08/25/2024","0690","N362FR","DCA","16:28","18:34","126","0","0","0","0","119"
"F9","08/25/2024","1128","N723FR","OMA","08:34","08:23","-11","0","0","0","0","0"
"F9","08/25/2024","1162","N334FR","HOU","05:55","05:47","-8","0","0","0","0","0"
"F9","08/25/2024","1175","N610FR","SEA","05:01","04:59","-2","0","0","0","0","0"
"F9","08/25/2024","1229","N641FR","SFO","16:56","17:13","17","0","0","0","0","0"
"F9","08/25/2024","1261","N304FR","ONT","06:00","05:49","-11","0","0","0","0","0"
"F9","08/25/2024","1292","N629FR","MSP","21:43","21:50","7","0","0","0","0","0"
"F9","08/25/2024","1324","N711FR","DFW","05:01","04:50","-11","0","0","0","0","0"
"F9","08/25/2024","1362","N706FR","CLT","06:35","06:25","-10","0","0","0","0","0"
"F9","08/25/2024","1375","N607FR","PHX","05:50","05:40","-10","0","0","0","0","0"
"F9","08/25/2024","1402","N714FR","BNA","06:00","05:58","-2","0","0","0","0","0"
"F9","08/25/2024","1450","N230FR","ATL","14:48","15:19","31","0","0","0","0","0"
"F9","08/25/2024","1484","N702FR","ORD","08:50","08:47","-3","0","0","0","0","0"
"F9","08/25/2024","1499","N705FR","ONT","22:40","22:35","-5","0","0","0","0","0"
"F9","08/25/2024","1560","N607FR","MSN","11:30","14:32","182","175","0","0","0","0"
"F9","08/25/2024","1608","N711FR","MKE","17:40","18:20","40","35","0","0","0","0"
"F9","08/25/2024","1678","N348FR","DSM","10:51","11:03","12","7","0","5","0","5"
"F9","08/25/2024","1734","N347FR","MCO","00:49","01:11","22","0","0","0","0","0"
"F9","08/25/2024","1789","N604FR","PDX","17:43","19:12","89","0","0","0","0","70"
"F9","08/25/2024","1816","N705FR","AUS","05:31","05:17","-14","0","0","0","0","0"
"F9","08/25/2024","1819","N387FR","PHX","08:51","08:37","-14","0","0","0","0","0"
"F9","08/25/2024","1864","N230FR","OKC","09:45","10:06","21","0","0","0","0","0"
"F9","08/25/2024","1918","N612FR","CLE","08:35","08:34","-1","0","0","0","0","0"
"F9","08/25/2024","1928","N377FR","OKC","16:15","16:11","-4","0","0","0","0","0"
"F9","08/25/2024","1993","N235FR","LAS","10:09","10:02","-7","0","0","0","0","0"
"F9","08/25/2024","2015","N708FR","LAS","06:31","06:27","-4","0","0","0","0","0"
"F9","08/25/2024","2108","N362FR","FSD","11:15","13:19","124","0","0","0","0","112"
"F9","08/25/2024","2141","N232FR","PHX","14:45","16:02","77","11","0","0","0","65"
"F9","08/25/2024","2210","N338FR","MDW","07:44","08:29","45","45","0","1","0","0"
"F9","08/25/2024","2212","N715FR","DTW","15:25","15:53","28","0","0","5","0","28"
"F9","08/25/2024","2261","N328FR","ELP","06:31","06:21","-10","0","0","0","0","0"
"F9","08/25/2024","2341","N704FR","LAX","05:55","05:49","-6","0","0","0","0","0"
"F9","08/25/2024","2348","N604FR","IND","05:06","04:56","-10","0","0","0","0","0"
"F9","08/25/2024","2349","N395FR","LAS","14:00","14:44","44","1","0","0","0","34"
"F9","08/25/2024","2356","N702FR","SAT","16:15","16:10","-5","0","0","0","0","0"
"F9","08/25/2024","2360","N328FR","MSY","18:03","17:52","-11","0","0","16","0","0"
"F9","08/25/2024","2438","N304FR","RDU","15:06","15:10","4","0","0","0","0","0"
"F9","08/25/2024","2632","N704FR","DFW","18:40","18:37","-3","0","0","0","0","0"
"F9","08/25/2024","2687","N326FR","PDX","22:16","23:20","64","0","0","0","0","48"
"F9","08/25/2024","2746","N610FR","TPA","13:11","13:32","21","21","0","17","0","0"
"F9","08/25/2024","2817","N715FR","SAN","06:00","05:54","-6","0","0","29","0","0"
"F9","08/25/2024","2890","N334FR","AUS","17:20","22:20","300","40","0","8","0","260"
"F9","08/25/2024","3138","N641FR","MIA","06:31","06:41","10","0","0","0","0","0"
"F9","08/25/2024","3162","N722FR","LGA","15:14","15:17","3","0","0","0","0","0"
"F9","08/25/2024","3174","N635FR","ORD","17:01","16:55","-6","0","0","0","0","0"
"F9","08/25/2024","3206","N629FR","IAH","14:29","14:27","-2","0","0","0","0","0"
"F9","08/25/2024","3230","N722FR","IAH","07:45","08:00","15","0","0","0","0","0"
"F9","08/25/2024","3286","N376FR","CVG","07:48","07:38","-10","0","0","0","0","0"
"F9","08/25/2024","3312","N633FR","MCO","09:00","09:02","2","0","0","0","0","0"
"F9","08/25/2024","3340","N615FR","PHL","23:59","00:05","6","0","0","0","0","0"
"F9","08/25/2024","3376","N718FR","MCI","10:42","10:50","8","0","0","0","0","0"
"F9","08/25/2024","3439","N706FR","SFO","22:15","22:56","41","0","0","0","0","30"
"F9","08/25/2024","3467","N301FR","PHX","21:01","20:57","-4","0","0","0","0","0"
"F9","08/25/2024","3600","N702FR","ATL","23:59","00:13","14","0","0","0","0","0"
"F9","08/25/2024","3665","N714FR","SMF","13:36","13:26","-10","0","0","0","0","0"
"F9","08/25/2024","3861","N362FR","SLC","06:00","07:57","117","117","0","32","0","0"
"F9","08/25/2024","3949","N723FR","LAS","22:38","22:48","10","0","0","0","0","0"
"F9","08/25/2024","3981","N704FR","SLC","13:11","13:04","-7","0","0","0","0","0"
"F9","08/25/2024","4070","N348FR","DFW","16:13","16:22","9","0","0","0","0","0"
"F9","08/25/2024","4251","N612FR","SLC","17:15","17:10","-5","0","0","0","0","0"
"F9","08/25/2024","4344","N328FR","XNA","12:04","12:01","-3","0","0","18","0","0"
"F9","08/25/2024","4345","N723FR","LAX","13:52","14:32","40","0","0","0","0","30"
"F9","08/25/2024","4371","N335FR","SNA","15:02","14:49","-13","0","0","0","0","0"
"F9","08/25/2024","4374","N629FR","PIT","05:45","05:56","11","0","0","0","0","0"
"F9","08/25/2024","4386","N624FR","CID","08:12","08:28","16","0","0","0","0","0"
"F9","08/25/2024","4464","N370FR","DFW","07:09","07:00","-9","0","0","0","0","0"
"F9","08/25/2024","4478","N706FR","STL","15:37","15:48","11","0","0","12","0","11"
"F9","08/25/2024","4576","N335FR","CMH","07:15","07:06","-9","0","0","0","0","0"
"F9","08/25/2024","4611","N330FR","LAS","20:38","22:21","103","86","0","0","0","2"
"F9","08/25/2024","4616","N393FR","MSP","15:55","15:52","-3","0","0","0","0","0"
"F9","08/25/2024","4647","N718FR","SEA","16:25","17:08","43","8","0","25","0","35"
"F9","08/25/2024","4721","N335FR","SLC","21:51","21:38","-13","0","0","0","0","0"
"F9","08/25/2024","4753","N308FR","PHX","23:25","00:08","43","0","0","7","0","43"
"F9","08/25/2024","4776","N624FR","LIT","14:27","14:20","-7","0","0","0","0","0"
"F9","08/25/2024","4794","N711FR","FAR","11:37","11:26","-11","0","0","0","0","0"
"F9","08/25/2024","4917","N705FR","SJC","12:11","12:18","7","0","0","0","0","0"
"F9","08/25/2024","4927","N604FR","SAN","12:37","12:25","-12","0","0","0","0","0"
"F9","08/25/2024","4989","N342FR","SAN","19:50","20:01","11","0","0","0","0","0"
"F9","08/26/2024","0686","N377FR","DCA","06:42","06:25","-17","0","0","0","0","0"
"F9","08/26/2024","0688","N348FR","DCA","12:41","12:31","-10","0","0","0","0","0"
"F9","08/26/2024","0690","N351FR","DCA","16:29","16:46","17","0","0","30","0","17"
"F9","08/26/2024","1093","N348FR","SFO","05:30","05:16","-14","0","0","0","0","0"
"F9","08/26/2024","1128","N722FR","OMA","11:50","11:37","-13","0","0","0","0","0"
"F9","08/26/2024","1150","N635FR","MSP","08:12","08:04","-8","0","0","0","0","0"
"F9","08/26/2024","1162","N230FR","HOU","08:24","08:08","-16","0","0","0","0","0"
"F9","08/26/2024","1175","N705FR","SEA","05:05","04:58","-7","0","0","0","0","0"
"F9","08/26/2024","1229","N706FR","SFO","16:56","17:06","10","0","0","0","0","0"
"F9","08/26/2024","1248","N337FR","GRR","12:03","11:54","-9","0","0","0","0","0"
"F9","08/26/2024","1261","N714FR","ONT","06:00","05:56","-4","0","0","0","0","0"
"F9","08/26/2024","1280","N638FR","MIA","18:02","18:02","0","0","0","33","0","0"
"F9","08/26/2024","1292","N635FR","MSP","21:15","21:15","0","0","0","16","0","0"
"F9","08/26/2024","1362","N641FR","CLT","13:40","13:37","-3","0","0","0","0","0"
"F9","08/26/2024","1402","N629FR","BNA","07:55","07:45","-10","0","0","0","0","0"
"F9","08/26/2024","1450","N230FR","ATL","15:04","15:00","-4","0","0","0","0","0"
"F9","08/26/2024","1484","N641FR","ORD","06:10","06:05","-5","0","0","0","0","0"
"F9","08/26/2024","1499","N705FR","ONT","22:30","22:27","-3","0","0","0","0","0"
"F9","08/26/2024","1560","N635FR","MSN","14:29","14:15","-14","0","0","0","0","0"
"F9","08/26/2024","1608","N377FR","MKE","17:14","17:04","-10","0","0","0","0","0"
"F9","08/26/2024","1678","N352FR","DSM","06:00","05:50","-10","0","0","0","0","0"
"F9","08/26/2024","1702","N612FR","SYR","14:09","14:11","2","0","0","0","0","0"
"F9","08/26/2024","1734","N328FR","MCO","00:49","01:21","32","0","0","0","0","17"
"F9","08/26/2024","1816","N723FR","AUS","06:00","05:50","-10","0","0","0","0","0"
"F9","08/26/2024","1819","N324FR","PHX","08:51","08:41","-10","0","0","0","0","0"
"F9","08/26/2024","1864","N718FR","OKC","15:37","15:30","-7","0","0","0","0","0"
"F9","08/26/2024","1918","N718FR","CLE","06:40","06:35","-5","0","0","0","0","0"
"F9","08/26/2024","1993","N720FR","LAS","10:14","10:09","-5","0","0","0","0","0"
"F9","08/26/2024","2105","N326FR","PHX","14:50","14:53","3","0","0","0","0","0"
"F9","08/26/2024","2108","N304FR","FSD","11:16","11:06","-10","0","0","0","0","0"
"F9","08/26/2024","2141","N342FR","PHX","12:01","11:50","-11","0","0","0","0","0"
"F9","08/26/2024","2148","N714FR","DFW","15:19","15:09","-10","0","0","0","0","0"
"F9","08/26/2024","2210","N362FR","MDW","15:41","15:28","-13","0","0","0","0","0"
"F9","08/26/2024","2341","N624FR","LAX","05:55","05:40","-15","0","0","0","0","0"
"F9","08/26/2024","2348","N704FR","IND","06:00","05:52","-8","0","0","0","0","0"
"F9","08/26/2024","2374","N335FR","TYS","17:06","18:28","82","2","0","64","0","80"
"F9","08/26/2024","2421","N702FR","SAN","16:21","16:58","37","0","0","0","0","15"
"F9","08/26/2024","2429","N352FR","LAS","16:19","17:38","79","10","0","0","0","57"
"F9","08/26/2024","2438","N350FR","RDU","15:06","15:45","39","35","0","0","0","0"
"F9","08/26/2024","2550","N309FR","DFW","21:32","22:13","41","0","0","0","0","24"
"F9","08/26/2024","2687","N348FR","PDX","22:10","22:01","-9","0","0","0","0","0"
"F9","08/26/2024","2746","N640FR","TPA","17:44","17:57","13","13","0","21","0","0"
"F9","08/26/2024","2752","N624FR","BUF","13:37","13:35","-2","0","0","0","0","0"
"F9","08/26/2024","2817","N604FR","SAN","06:45","06:33","-12","0","0","0","0","0"
"F9","08/26/2024","2946","N337FR","MDW","05:05","04:51","-14","0","0","0","0","0"
"F9","08/26/2024","3101","N723FR","MSO","12:35","12:21","-14","0","0","0","0","0"
"F9","08/26/2024","3162","N629FR","LGA","15:14","15:29","15","0","0","10","0","15"
"F9","08/26/2024","3172","N706FR","ORD","22:37","01:20","163","61","0","0","0","100"
"F9","08/26/2024","3206","N335FR","IAH","08:45","08:31","-14","0","0","17","0","0"
"F9","08/26/2024","3286","N304FR","CVG","16:35","16:52","17","17","0","7","0","0"
"F9","08/26/2024","3312","N713FR","MCO","10:39","10:32","-7","0","0","0","0","0"
"F9","08/26/2024","3340","N374FR","PHL","23:59","10:56","657","0","21","0","0","632"
"F9","08/26/2024","3376","N362FR","MCI","09:45","09:36","-9","0","0","0","0","0"
"F9","08/26/2024","3405","N723FR","SEA","18:56","19:00","4","0","0","0","0","0"
"F9","08/26/2024","3421","N337FR","ELP","19:10","19:20","10","0","0","0","0","0"
"F9","08/26/2024","3439","N718FR","SFO","22:15","22:08","-7","0","0","0","0","0"
"F9","08/26/2024","3467","N360FR","PHX","20:57","22:06","69","0","27","0","0","42"
"F9","08/26/2024","3539","N624FR","LAS","22:38","22:27","-11","0","0","0","0","0"
"F9","08/26/2024","3566","N326FR","DTW","06:35","06:25","-10","0","0","0","0","0"
"F9","08/26/2024","3600","N612FR","ATL","23:59","23:58","-1","0","0","0","0","0"
"F9","08/26/2024","3665","N715FR","SMF","13:30","13:31","1","0","0","0","0","0"
"F9","08/26/2024","3708","N610FR","SAT","17:59","17:59","0","0","0","0","0","0"
"F9","08/26/2024","3861","N722FR","SLC","06:30","06:21","-9","0","0","0","0","0"
"F9","08/26/2024","3930","N722FR","PNS","16:09","17:15","66","15","0","21","0","51"
"F9","08/26/2024","3981","N352FR","SLC","12:03","11:53","-10","0","0","35","0","0"
"F9","08/26/2024","4070","N705FR","DFW","13:00","13:01","1","0","0","0","0","0"
"F9","08/26/2024","4251","N324FR","SLC","14:34","14:27","-7","0","0","0","0","0"
"F9","08/26/2024","4344","N715FR","XNA","07:30","07:22","-8","0","0","0","0","0"
"F9","08/26/2024","4345","N704FR","LAX","13:52","13:53","1","0","0","0","0","0"
"F9","08/26/2024","4371","N308FR","SNA","14:26","14:29","3","0","0","0","0","0"
"F9","08/26/2024","4386","N610FR","CID","11:41","11:31","-10","0","0","0","0","0"
"F9","08/26/2024","4464","N610FR","DFW","05:05","04:53","-12","0","0","0","0","0"
"F9","08/26/2024","4478","N711FR","STL","17:16","17:20","4","4","0","16","0","0"
"F9","08/26/2024","4576","N612FR","CMH","06:00","06:25","25","0","0","0","0","0"
"F9","08/26/2024","4626","N702FR","MEM","08:52","10:10","78","0","0","0","0","68"
"F9","08/26/2024","4721","N714FR","SLC","22:03","22:02","-1","0","0","0","0","0"
"F9","08/26/2024","4753","N387FR","PHX","23:25","23:31","6","0","0","14","0","6"
"F9","08/26/2024","4794","N706FR","FAR","10:52","10:44","-8","0","0","0","0","0"
"F9","08/26/2024","4856","N604FR","IAH","15:55","16:00","5","0","0","21","0","5"
"F9","08/26/2024","4917","N711FR","SJC","07:31","07:25","-6","0","0","0","0","0"
"F9","08/26/2024","4967","N626FR","LAS","18:42","18:40","-2","0","0","0","0","0"
"F9","08/26/2024","4989","N329FR","SAN","19:50","19:41","-9","0","0","0","0","0"
"F9","08/27/2024","0686","N348FR","DCA","06:42","06:32","-10","0","0","0","0","0"
"F9","08/27/2024","0688","N349FR","DCA","12:41","12:35","-6","0","0","0","0","0"
"F9","08/27/2024","0690","N350FR","DCA","16:28","17:46","78","0","0","27","0","78"
"F9","08/27/2024","1114","N722FR","TPA","17:29","17:34","5","5","0","13","0","0"
"F9","08/27/2024","1128","N722FR","OMA","12:23","12:13","-10","0","0","0","0","0"
"F9","08/27/2024","1150","N635FR","MSP","08:12","08:31","19","0","0","0","0","0"
"F9","08/27/2024","1175","N702FR","SEA","06:36","06:24","-12","0","0","0","0","0"
"F9","08/27/2024","1229","N612FR","SFO","16:17","16:15","-2","0","0","0","0","0"
"F9","08/27/2024","1261","N610FR","ONT","06:00","05:50","-10","0","0","0","0","0"
"F9","08/27/2024","1362","N230FR","CLT","06:25","06:18","-7","0","0","0","0","0"
"F9","08/27/2024","1375","N337FR","PHX","05:01","04:52","-9","0","0","0","0","0"
"F9","08/27/2024","1402","N704FR","BNA","13:11","13:02","-9","0","0","0","0","0"
"F9","08/27/2024","1499","N704FR","ONT","22:40","22:34","-6","0","0","0","0","0"
"F9","08/27/2024","1560","N641FR","MSN","07:20","07:08","-12","0","0","0","0","0"
"F9","08/27/2024","1734","N604FR","MCO","00:49","01:53","64","64","0","0","0","0"
"F9","08/27/2024","1816","N612FR","AUS","09:30","09:21","-9","0","0","0","0","0"
"F9","08/27/2024","1918","N304FR","CLE","09:55","09:59","4","0","0","0","0","0"
"F9","08/27/2024","1928","N641FR","OKC","14:07","14:03","-4","0","0","0","0","0"
"F9","08/27/2024","1993","N377FR","LAS","10:09","09:58","-11","0","0","0","0","0"
"F9","08/27/2024","2015","N704FR","LAS","07:00","06:51","-9","0","0","0","0","0"
"F9","08/27/2024","2108","N714FR","FSD","08:23","08:10","-13","0","0","0","0","0"
"F9","08/27/2024","2141","N342FR","PHX","14:50","14:43","-7","0","0","0","0","0"
"F9","08/27/2024","2148","N386FR","DFW","09:35","09:34","-1","0","0","0","0","0"
"F9","08/27/2024","2210","N337FR","MDW","13:46","13:51","5","0","0","0","0","0"
"F9","08/27/2024","2261","N722FR","ELP","06:30","06:32","2","0","0","0","0","0"
"F9","08/27/2024","2341","N719FR","LAX","05:55","05:42","-13","0","0","0","0","0"
"F9","08/27/2024","2348","N702FR","IND","14:39","14:37","-2","0","0","0","0","0"
"F9","08/27/2024","2356","N638FR","SAT","15:45","18:11","146","61","0","19","0","85"
"F9","08/27/2024","2438","N230FR","RDU","15:06","15:10","4","0","0","0","0","0"
"F9","08/27/2024","2577","N348FR","SNA","15:54","15:52","-2","0","0","0","0","0"
"F9","08/27/2024","2632","N351FR","DFW","18:20","18:10","-10","0","0","0","0","0"
"F9","08/27/2024","2687","N715FR","PDX","22:06","22:40","34","27","0","0","0","0"
"F9","08/27/2024","2817","N613FR","SAN","06:20","06:10","-10","0","0","0","0","0"
"F9","08/27/2024","3138","N625FR","MIA","17:17","17:48","31","25","0","3","0","6"
"F9","08/27/2024","3162","N394FR","LGA","15:14","15:30","16","0","0","0","0","0"
"F9","08/27/2024","3206","N383FR","IAH","08:36","08:23","-13","0","0","0","0","0"
"F9","08/27/2024","3230","N723FR","IAH","14:29","15:26","57","0","0","80","0","0"
"F9","08/27/2024","3286","N335FR","CVG","08:48","08:48","0","0","0","0","0","0"
"F9","08/27/2024","3312","N362FR","MCO","10:21","10:11","-10","0","0","0","0","0"
"F9","08/27/2024","3340","N650FR","PHL","23:12","23:29","17","17","0","2","0","0"
"F9","08/27/2024","3376","N723FR","MCI","08:50","08:40","-10","0","0","0","0","0"
"F9","08/27/2024","3439","N635FR","SFO","22:15","22:36","21","0","0","0","0","0"
"F9","08/27/2024","3566","N715FR","DTW","07:15","07:09","-6","0","0","0","0","0"
"F9","08/27/2024","3600","N718FR","ATL","23:59","23:55","-4","0","0","0","0","0"
"F9","08/27/2024","3665","N719FR","SMF","13:30","13:21","-9","0","0","0","0","0"
"F9","08/27/2024","3843","N718FR","LAS","17:17","17:37","20","0","0","0","0","0"
"F9","08/27/2024","3981","N350FR","SLC","11:22","11:12","-10","0","0","0","0","0"
"F9","08/27/2024","4235","N360FR","SLC","22:36","22:34","-2","0","0","0","0","0"
"F9","08/27/2024","4345","N714FR","LAX","13:52","13:55","3","0","0","0","0","0"
"F9","08/27/2024","4386","N718FR","CID","10:42","11:04","22","0","0","5","0","22"
"F9","08/27/2024","4478","N715FR","STL","15:37","15:31","-6","0","0","0","0","0"
"F9","08/27/2024","4611","N629FR","LAS","22:38","22:27","-11","0","0","0","0","0"
"F9","08/27/2024","4616","N714FR","MSP","21:43","22:32","49","36","0","0","0","0"
"F9","08/27/2024","4647","N610FR","SEA","15:18","15:12","-6","0","0","0","0","0"
"F9","08/27/2024","4721","N329FR","SLC","19:54","19:47","-7","0","0","17","0","0"
"F9","08/27/2024","4765","N301FR","PHX","22:10","21:58","-12","0","0","0","0","0"
"F9","08/27/2024","4794","N351FR","FAR","09:45","09:35","-10","0","0","0","0","0"
"F9","08/27/2024","4917","N232FR","SJC","11:00","10:52","-8","0","0","0","0","0"
"F9","08/27/2024","4984","N390FR","ORD","20:00","19:57","-3","0","0","15","0","0"
"F9","08/27/2024","4989","N304FR","SAN","18:00","18:55","55","0","0","0","0","42"
"F9","08/28/2024","0686","N638FR","DCA","06:42","06:39","-3","0","0","0","0","0"
"F9","08/28/2024","0688","N723FR","DCA","12:41","12:46","5","0","0","0","0","0"
"F9","08/28/2024","0690","N343FR","DCA","16:25","17:25","60","0","0","0","0","59"
"F9","08/28/2024","1093","N719FR","SFO","14:09","14:10","1","0","0","0","0","0"
"F9","08/28/2024","1128","N329FR","OMA","11:22","11:08","-14","0","0","0","0","0"
"F9","08/28/2024","1150","N714FR","MSP","08:12","08:26","14","0","0","0","0","0"
"F9","08/28/2024","1162","N360FR","HOU","08:38","08:27","-11","0","0","0","0","0"
"F9","08/28/2024","1175","N232FR","SEA","05:05","04:54","-11","0","0","0","0","0"
"F9","08/28/2024","1248","N704FR","GRR","06:00","05:54","-6","0","0","0","0","0"
"F9","08/28/2024","1261","N348FR","ONT","06:00","05:53","-7","0","0","0","0","0"
"F9","08/28/2024","1292","N705FR","MSP","21:43","21:31","-12","0","0","0","0","0"
"F9","08/28/2024","1362","N714FR","CLT","14:27","14:32","5","0","0","0","0","0"
"F9","08/28/2024","1402","N641FR","BNA","16:10","16:25","15","0","0","0","0","0"
"F9","08/28/2024","1484","N390FR","ORD","08:50","09:37","47","24","0","15","0","23"
"F9","08/28/2024","1499","N719FR","ONT","22:20","22:39","19","0","0","0","0","0"
"F9","08/28/2024","1560","N705FR","MSN","14:29","14:33","4","0","0","0","0","0"
"F9","08/28/2024","1678","N386FR","DSM","06:00","05:58","-2","0","0","0","0","0"
"F9","08/28/2024","1702","N711FR","SYR","13:22","13:11","-11","0","0","0","0","0"
"F9","08/28/2024","1734","N610FR","MCO","00:59","00:53","-6","0","0","0","0","0"
"F9","08/28/2024","1816","N723FR","AUS","06:00","06:06","6","0","0","0","0","0"
"F9","08/28/2024","1819","N387FR","PHX","08:52","08:42","-10","0","0","0","0","0"
"F9","08/28/2024","1864","N718FR","OKC","08:00","08:38","38","0","0","0","0","22"
"F9","08/28/2024","1918","N719FR","CLE","05:01","04:57","-4","0","0","0","0","0"
"F9","08/28/2024","2141","N324FR","PHX","14:00","14:14","14","0","0","0","0","0"
"F9","08/28/2024","2148","N235FR","DFW","09:35","09:32","-3","0","0","0","0","0"
"F9","08/28/2024","2210","N337FR","MDW","08:51","10:09","78","0","0","0","0","73"
"F9","08/28/2024","2261","N230FR","ELP","11:27","11:23","-4","0","0","0","0","0"
"F9","08/28/2024","2341","N711FR","LAX","05:55","05:55","0","0","0","0","0","0"
"F9","08/28/2024","2348","N715FR","IND","06:05","05:56","-9","0","0","0","0","0"
"F9","08/28/2024","2349","N301FR","LAS","13:11","13:05","-6","0","0","0","0","0"
"F9","08/28/2024","2374","N702FR","TYS","06:45","06:35","-10","0","0","0","0","0"
"F9","08/28/2024","2421","N348FR","SAN","15:37","16:27","50","42","0","0","0","0"
"F9","08/28/2024","2429","N360FR","LAS","15:20","15:20","0","0","0","0","0","0"
"F9","08/28/2024","2440","N394FR","RDU","15:06","15:02","-4","0","0","0","0","0"
"F9","08/28/2024","2632","N309FR","DFW","18:36","18:40","4","0","0","0","0","0"
"F9","08/28/2024","2687","N348FR","PDX","22:06","23:03","57","0","17","0","0","37"
"F9","08/28/2024","2746","N387FR","TPA","17:55","17:52","-3","0","0","0","0","0"
"F9","08/28/2024","2752","N629FR","BUF","07:05","07:05","0","0","0","0","0","0"
"F9","08/28/2024","2817","N641FR","SAN","06:45","06:41","-4","0","0","0","0","0"
"F9","08/28/2024","3101","N382FR","MSO","12:35","12:41","6","0","0","0","0","0"
"F9","08/28/2024","3138","N718FR","MIA","13:39","13:42","3","0","0","0","0","0"
"F9","08/28/2024","3162","N638FR","LGA","15:14","16:25","71","0","0","0","0","0"
"F9","08/28/2024","3230","N382FR","IAH","05:11","05:00","-11","0","0","0","0","0"
"F9","08/28/2024","3286","N329FR","CVG","17:12","17:16","4","0","0","0","0","0"
"F9","08/28/2024","3312","N604FR","MCO","11:10","11:13","3","0","0","0","0","0"
"F9","08/28/2024","3340","N605FR","PHL","23:50","23:46","-4","0","0","0","0","0"
"F9","08/28/2024","3376","N350FR","MCI","09:45","10:47","62","0","0","1","0","62"
"F9","08/28/2024","3405","N612FR","SEA","17:58","17:49","-9","0","0","0","0","0"
"F9","08/28/2024","3439","N702FR","SFO","22:15","22:32","17","0","0","0","0","0"
"F9","08/28/2024","3467","N324FR","PHX","19:42","19:35","-7","0","0","0","0","0"
"F9","08/28/2024","3539","N704FR","LAS","22:38","22:47","9","0","0","0","0","0"
"F9","08/28/2024","3566","N721FR","DTW","06:40","06:39","-1","0","0","0","0","0"
"F9","08/28/2024","3600","N711FR","ATL","23:59","23:59","0","0","0","0","0","0"
"F9","08/28/2024","3665","N715FR","SMF","13:30","14:12","42","0","0","0","0","34"
"F9","08/28/2024","3708","N635FR","SAT","17:35","17:32","-3","0","0","0","0","0"
"F9","08/28/2024","3981","N386FR","SLC","11:00","11:24","24","8","0","0","0","14"
"F9","08/28/2024","4235","N629FR","SLC","22:35","22:36","1","0","0","0","0","0"
"F9","08/28/2024","4344","N629FR","XNA","15:58","16:25","27","19","0","0","0","0"
"F9","08/28/2024","4345","N704FR","LAX","13:52","13:45","-7","0","0","0","0","0"
"F9","08/28/2024","4371","N350FR","SNA","15:54","16:52","58","9","0","0","0","49"
"F9","08/28/2024","4386","N232FR","CID","13:08","12:57","-11","0","0","0","0","0"
"F9","08/28/2024","4478","N702FR","STL","15:37","15:35","-2","0","0","0","0","0"
"F9","08/28/2024","4721","N232FR","SLC","19:26","19:51","25","25","0","1","0","0"
"F9","08/28/2024","4753","N382FR","PHX","23:25","00:47","82","82","0","9","0","0"
"F9","08/28/2024","4794","N635FR","FAR","10:42","10:41","-1","0","0","0","0","0"
"F9","08/28/2024","4856","N721FR","IAH","15:06","15:44","38","38","0","19","0","0"
"F9","08/28/2024","4917","N612FR","SJC","07:31","07:21","-10","0","0","0","0","0"
"F9","08/28/2024","4967","N380FR","LAS","17:41","17:32","-9","0","0","0","0","0"
"F9","08/29/2024","0686","N350FR","DCA","06:42","06:36","-6","0","0","0","0","0"
"F9","08/29/2024","0688","N348FR","DCA","12:41","13:02","21","0","0","42","0","21"
"F9","08/29/2024","0690","N394FR","DCA","16:28","17:23","55","41","0","11","0","14"
"F9","08/29/2024","1128","N705FR","OMA","08:34","09:00","26","26","0","3","0","0"
"F9","08/29/2024","1162","N348FR","HOU","05:55","06:14","19","0","0","0","0","0"
"F9","08/29/2024","1175","N719FR","SEA","05:25","05:21","-4","0","0","0","0","0"
"F9","08/29/2024","1229","","SFO","16:55","00:00","0","0","0","0","0","0"
"F9","08/29/2024","1261","N230FR","ONT","06:00","05:56","-4","0","0","0","0","0"
"F9","08/29/2024","1324","N715FR","DFW","05:01","05:19","18","0","0","0","0","0"
"F9","08/29/2024","1362","N308FR","CLT","08:10","08:33","23","19","0","0","0","0"
"F9","08/29/2024","1375","N377FR","PHX","06:45","06:32","-13","0","0","0","0","0"
"F9","08/29/2024","1402","N708FR","BNA","06:00","05:50","-10","0","0","0","0","0"
"F9","08/29/2024","1450","N613FR","ATL","14:40","14:34","-6","0","0","87","0","0"
"F9","08/29/2024","1484","N711FR","ORD","08:50","08:47","-3","0","0","0","0","0"
"F9","08/29/2024","1499","N711FR","ONT","22:37","22:40","3","0","0","0","0","0"
"F9","08/29/2024","1560","N641FR","MSN","11:16","11:03","-13","0","0","0","0","0"
"F9","08/29/2024","1608","N715FR","MKE","17:40","17:40","0","0","0","56","0","0"
"F9","08/29/2024","1678","N232FR","DSM","11:38","11:27","-11","0","0","0","0","0"
"F9","08/29/2024","1734","N701FR","MCO","00:49","00:51","2","0","0","0","0","0"
"F9","08/29/2024","1789","N308FR","PDX","17:20","18:05","45","0","0","0","0","28"
"F9","08/29/2024","1816","N714FR","AUS","05:31","05:19","-12","0","0","0","0","0"
"F9","08/29/2024","1819","N312FR","PHX","08:51","08:41","-10","0","0","0","0","0"
"F9","08/29/2024","1864","N336FR","OKC","09:45","09:45","0","0","0","27","0","0"
"F9","08/29/2024","1918","N650FR","CLE","08:35","08:36","1","0","0","0","0","0"
"F9","08/29/2024","1928","N232FR","OKC","16:52","17:27","35","0","0","0","0","25"
"F9","08/29/2024","1993","N352FR","LAS","06:31","06:17","-14","0","0","0","0","0"
"F9","08/29/2024","2015","N343FR","LAS","10:14","10:09","-5","0","0","0","0","0"
"F9","08/29/2024","2108","N394FR","FSD","11:15","11:05","-10","0","0","0","0","0"
"F9","08/29/2024","2141","N350FR","PHX","14:50","15:50","60","16","0","0","0","42"
"F9","08/29/2024","2210","N337FR","MDW","07:44","08:39","55","47","0","0","0","0"
"F9","08/29/2024","2212","N383FR","DTW","15:54","15:51","-3","0","0","26","0","0"
"F9","08/29/2024","2261","N232FR","ELP","06:00","05:53","-7","0","0","0","0","0"
"F9","08/29/2024","2341","N633FR","LAX","05:55","05:43","-12","0","0","0","0","0"
"F9","08/29/2024","2348","N612FR","IND","05:06","05:05","-1","0","0","0","0","0"
"F9","08/29/2024","2349","N720FR","LAS","14:00","13:53","-7","0","0","0","0","0"
"F9","08/29/2024","2356","N711FR","SAT","16:15","16:08","-7","0","0","0","0","0"
"F9","08/29/2024","2360","N633FR","MSY","18:08","18:31","23","11","0","20","0","12"
"F9","08/29/2024","2440","N380FR","RDU","15:06","15:17","11","11","0","28","0","0"
"F9","08/29/2024","2632","N612FR","DFW","18:40","19:11","31","0","0","12","0","31"
"F9","08/29/2024","2687","N352FR","PDX","22:07","00:36","149","0","0","0","0","138"
"F9","08/29/2024","2746","N719FR","TPA","13:11","13:31","20","0","0","0","0","0"
"F9","08/29/2024","2817","N723FR","SAN","06:00","05:50","-10","0","0","0","0","0"
"F9","08/29/2024","2890","N360FR","AUS","17:20","17:12","-8","0","0","0","0","0"
"F9","08/29/2024","3138","N635FR","MIA","06:30","06:47","17","17","0","56","0","0"
"F9","08/29/2024","3162","N336FR","LGA","15:14","15:22","8","0","0","0","0","0"
"F9","08/29/2024","3174","N352FR","ORD","17:01","17:16","15","12","0","4","0","3"
"F9","08/29/2024","3200","N714FR","MSP","21:43","21:48","5","0","0","0","0","0"
"F9","08/29/2024","3206","N629FR","IAH","14:34","14:31","-3","0","0","0","0","0"
"F9","08/29/2024","3230","N613FR","IAH","07:25","07:31","6","0","0","0","0","0"
"F9","08/29/2024","3286","N376FR","CVG","07:48","07:39","-9","0","0","0","0","0"
"F9","08/29/2024","3312","N603FR","MCO","09:00","08:58","-2","0","0","0","0","0"
"F9","08/29/2024","3340","","PHL","23:59","00:00","0","0","0","0","0","0"
"F9","08/29/2024","3376","N702FR","MCI","10:42","10:37","-5","0","0","0","0","0"
"F9","08/29/2024","3439","N638FR","SFO","22:15","23:04","49","0","0","0","0","33"
"F9","08/29/2024","3467","N385FR","PHX","21:01","20:52","-9","0","0","0","0","0"
"F9","08/29/2024","3600","N613FR","ATL","23:59","01:03","64","0","0","0","0","48"
"F9","08/29/2024","3665","N708FR","SMF","13:36","13:29","-7","0","0","0","0","0"
"F9","08/29/2024","3861","N641FR","SLC","06:00","05:58","-2","0","0","0","0","0"
"F9","08/29/2024","3949","N719FR","LAS","22:38","23:53","75","0","0","0","0","48"
"F9","08/29/2024","3981","N633FR","SLC","13:11","13:04","-7","0","0","0","0","0"
"F9","08/29/2024","4070","N723FR","DFW","15:25","15:31","6","0","0","12","0","6"
"F9","08/29/2024","4251","N650FR","SLC","17:15","17:26","11","0","0","0","0","0"
"F9","08/29/2024","4345","N641FR","LAX","13:52","18:31","279","0","0","0","0","268"
"F9","08/29/2024","4371","N230FR","SNA","15:00","15:04","4","0","0","0","0","0"
"F9","08/29/2024","4374","N637FR","PIT","07:00","06:55","-5","0","0","0","0","0"
"F9","08/29/2024","4386","N629FR","CID","08:12","08:03","-9","0","0","0","0","0"
"F9","08/29/2024","4464","N309FR","DFW","07:09","06:56","-13","0","0","0","0","0"
"F9","08/29/2024","4478","N638FR","STL","15:37","15:38","1","1","0","29","0","0"
"F9","08/29/2024","4576","N721FR","CMH","07:25","07:24","-1","0","0","0","0","0"
"F9","08/29/2024","4611","N371FR","LAS","20:38","20:26","-12","0","0","0","0","0"
"F9","08/29/2024","4616","N328FR","MSP","16:00","16:43","43","0","0","3","0","43"
"F9","08/29/2024","4647","N702FR","SEA","16:25","16:56","31","17","0","7","0","14"
"F9","08/29/2024","4721","N230FR","SLC","21:40","21:40","0","0","0","0","0","0"
"F9","08/29/2024","4753","N364FR","PHX","23:30","23:22","-8","0","0","0","0","0"
"F9","08/29/2024","4776","N637FR","LIT","15:41","15:51","10","2","0","5","0","8"
"F9","08/29/2024","4794","N715FR","FAR","11:37","11:35","-2","0","0","0","0","0"
"F9","08/29/2024","4917","N714FR","SJC","12:11","12:07","-4","0","0","0","0","0"
"F9","08/29/2024","4927","N612FR","SAN","12:37","12:30","-7","0","0","0","0","0"
"F9","08/29/2024","4989","N386FR","SAN","19:50","19:53","3","0","0","0","0","0"
"F9","08/30/2024","0686","N352FR","DCA","06:42","07:34","52","14","0","0","0","29"
"F9","08/30/2024","0688","N348FR","DCA","12:41","12:36","-5","0","0","0","0","0"
"F9","08/30/2024","0690","N336FR","DCA","16:29","16:25","-4","0","0","0","0","0"
"F9","08/30/2024","1093","N308FR","SFO","05:30","05:22","-8","0","0","0","0","0"
"F9","08/30/2024","1128","N629FR","OMA","11:51","11:39","-12","0","0","0","0","0"
"F9","08/30/2024","1150","N714FR","MSP","08:12","08:05","-7","0","0","0","0","0"
"F9","08/30/2024","1162","N230FR","HOU","08:24","08:16","-8","0","0","0","0","0"
"F9","08/30/2024","1175","N702FR","SEA","05:05","04:59","-6","0","0","0","0","0"
"F9","08/30/2024","1229","N636FR","SFO","16:56","16:58","2","0","0","0","0","0"
"F9","08/30/2024","1248","N230FR","GRR","15:04","15:00","-4","0","0","0","0","0"
"F9","08/30/2024","1261","N612FR","ONT","06:00","05:50","-10","0","0","0","0","0"
"F9","08/30/2024","1280","N723FR","MIA","18:02","18:44","42","25","0","0","0","0"
"F9","08/30/2024","1292","N633FR","MSP","20:48","20:38","-10","0","0","0","0","0"
"F9","08/30/2024","1362","N704FR","CLT","13:33","13:32","-1","0","0","0","0","0"
"F9","08/30/2024","1402","N708FR","BNA","07:55","07:56","1","0","0","0","0","0"
"F9","08/30/2024","1450","N641FR","ATL","06:35","06:34","-1","0","0","0","0","0"
"F9","08/30/2024","1484","N633FR","ORD","06:35","06:34","-1","0","0","0","0","0"
"F9","08/30/2024","1499","N714FR","ONT","22:20","22:59","39","0","0","0","0","32"
"F9","08/30/2024","1560","N633FR","MSN","14:02","13:59","-3","0","0","0","0","0"
"F9","08/30/2024","1608","N629FR","MKE","17:14","17:08","-6","0","0","0","0","0"
"F9","08/30/2024","1678","N366FR","DSM","06:00","05:51","-9","0","0","0","0","0"
"F9","08/30/2024","1702","N637FR","SYR","14:07","14:09","2","0","0","0","0","0"
"F9","08/30/2024","1734","N303FR","MCO","00:49","00:43","-6","0","0","0","0","0"
"F9","08/30/2024","1816","N650FR","AUS","06:20","06:17","-3","0","0","0","0","0"
"F9","08/30/2024","1819","N301FR","PHX","08:52","08:40","-12","0","0","0","0","0"
"F9","08/30/2024","1918","N715FR","CLE","07:00","07:00","0","0","0","0","0","0"
"F9","08/30/2024","1993","N394FR","LAS","10:14","10:00","-14","0","0","0","0","0"
"F9","08/30/2024","2105","N312FR","PHX","12:01","11:54","-7","0","0","0","0","0"
"F9","08/30/2024","2108","N336FR","FSD","11:16","11:06","-10","0","0","0","0","0"
"F9","08/30/2024","2141","N395FR","PHX","14:50","14:45","-5","0","0","0","0","0"
"F9","08/30/2024","2148","N612FR","DFW","15:19","15:19","0","0","0","0","0","0"
"F9","08/30/2024","2210","N232FR","MDW","16:31","17:18","47","0","0","0","0","28"
"F9","08/30/2024","2341","N704FR","LAX","05:55","05:46","-9","0","0","0","0","0"
"F9","08/30/2024","2348","N383FR","IND","06:00","05:52","-8","0","0","0","0","0"
"F9","08/30/2024","2349","N711FR","LAS","13:30","14:31","61","0","0","42","0","0"
"F9","08/30/2024","2374","N714FR","TYS","14:27","15:00","33","33","0","5","0","0"
"F9","08/30/2024","2421","N613FR","SAN","16:27","16:28","1","0","0","0","0","0"
"F9","08/30/2024","2429","N235FR","LAS","16:19","18:24","125","0","0","21","0","81"
"F9","08/30/2024","2440","N339FR","RDU","15:06","15:10","4","0","0","0","0","0"
"F9","08/30/2024","2550","N391FR","DFW","21:32","22:01","29","0","0","0","0","0"
"F9","08/30/2024","2687","N612FR","PDX","22:00","21:59","-1","0","0","0","0","0"
"F9","08/30/2024","2746","N721FR","TPA","17:34","17:46","12","12","0","26","0","0"
"F9","08/30/2024","2752","N352FR","BUF","15:54","17:30","96","65","0","0","0","16"
"F9","08/30/2024","2817","N635FR","SAN","06:45","06:44","-1","0","0","0","0","0"
"F9","08/30/2024","2946","N348FR","MDW","05:05","05:44","39","29","0","0","0","0"
"F9","08/30/2024","3101","N383FR","MSO","13:23","15:26","123","0","0","0","0","97"
"F9","08/30/2024","3162","N641FR","LGA","15:14","15:11","-3","0","0","0","0","0"
"F9","08/30/2024","3206","N715FR","IAH","15:35","16:03","28","6","0","0","0","16"
"F9","08/30/2024","3230","N232FR","IAH","09:35","09:33","-2","0","0","40","0","0"
"F9","08/30/2024","3286","N349FR","CVG","17:36","09:50","974","957","0","0","0","0"
"F9","08/30/2024","3312","N638FR","MCO","10:39","10:55","16","0","0","0","0","0"
"F9","08/30/2024","3340","N637FR","PHL","23:59","23:57","-2","0","0","0","0","0"
"F9","08/30/2024","3376","N339FR","MCI","09:45","09:37","-8","0","0","0","0","0"
"F9","08/30/2024","3405","N644FR","SEA","17:59","18:25","26","0","0","0","0","25"
"F9","08/30/2024","3421","N308FR","ELP","19:10","19:09","-1","0","0","29","0","0"
"F9","08/30/2024","3439","N702FR","SFO","22:15","00:03","108","46","0","0","0","45"
"F9","08/30/2024","3467","N350FR","PHX","21:20","21:14","-6","0","0","0","0","0"
"F9","08/30/2024","3566","N637FR","DTW","06:00","06:15","15","0","0","0","0","0"
"F9","08/30/2024","3600","N701FR","ATL","23:59","00:23","24","0","0","0","0","0"
"F9","08/30/2024","3665","N702FR","SMF","13:30","13:25","-5","0","0","0","0","0"
"F9","08/30/2024","3708","N615FR","SAT","17:35","20:53","198","189","0","0","0","0"
"F9","08/30/2024","3843","N718FR","LAS","18:42","19:25","43","0","0","24","0","5"
"F9","08/30/2024","3861","N629FR","SLC","06:31","06:27","-4","0","0","0","0","0"
"F9","08/30/2024","3930","N635FR","PNS","16:10","16:12","2","0","0","0","0","0"
"F9","08/30/2024","3949","N348FR","LAS","22:48","22:41","-7","0","0","0","0","0"
"F9","08/30/2024","3981","N366FR","SLC","12:03","11:54","-9","0","0","0","0","0"
"F9","08/30/2024","4070","N650FR","DFW","13:00","12:58","-2","0","0","0","0","0"
"F9","08/30/2024","4251","N301FR","SLC","14:34","14:43","9","0","0","0","0","0"
"F9","08/30/2024","4344","N705FR","XNA","07:55","07:44","-11","0","0","0","0","0"
"F9","08/30/2024","4345","N705FR","LAX","13:52","13:44","-8","0","0","0","0","0"
"F9","08/30/2024","4371","N308FR","SNA","12:33","12:26","-7","0","0","0","0","0"
"F9","08/30/2024","4386","N723FR","CID","11:41","11:31","-10","0","0","0","0","0"
"F9","08/30/2024","4464","N723FR","DFW","05:05","05:00","-5","0","0","0","0","0"
"F9","08/30/2024","4478","N708FR","STL","15:37","16:30","53","48","0","0","0","0"
"F9","08/30/2024","4626","N613FR","MEM","08:50","08:46","-4","0","0","0","0","0"
"F9","08/30/2024","4721","N708FR","SLC","22:03","22:46","43","0","0","0","0","27"
"F9","08/30/2024","4753","N304FR","PHX","23:25","23:48","23","0","0","0","0","0"
"F9","08/30/2024","4794","N636FR","FAR","10:52","10:44","-8","0","0","0","0","0"
"F9","08/30/2024","4917","N721FR","SJC","07:31","07:18","-13","0","0","0","0","0"
"F9","08/30/2024","4984","N626FR","ORD","22:37","23:20","43","0","0","0","0","38"
"F9","08/30/2024","4989","N385FR","SAN","19:50","19:39","-11","0","0","0","0","0"
"F9","08/31/2024","0686","N232FR","DCA","06:42","06:28","-14","0","0","0","0","0"
"F9","08/31/2024","0688","N230FR","DCA","12:41","12:30","-11","0","0","17","0","0"
"F9","08/31/2024","0690","N339FR","DCA","16:28","16:22","-6","0","0","0","0","0"
"F9","08/31/2024","1128","N644FR","OMA","12:08","12:08","0","0","0","0","0","0"
"F9","08/31/2024","1150","N633FR","MSP","08:12","08:03","-9","0","0","0","0","0"
"F9","08/31/2024","1162","N230FR","HOU","05:01","05:02","1","0","0","0","0","0"
"F9","08/31/2024","1175","N704FR","SEA","05:05","05:11","6","0","0","0","0","0"
"F9","08/31/2024","1228","N383FR","MDW","18:17","18:06","-11","0","0","0","0","0"
"F9","08/31/2024","1229","N641FR","SFO","16:25","17:03","38","0","0","0","0","25"
"F9","08/31/2024","1248","N376FR","GRR","13:43","13:33","-10","0","0","0","0","0"
"F9","08/31/2024","1261","","ONT","06:00","00:00","0","0","0","0","0","0"
"F9","08/31/2024","1292","N709FR","MSP","21:43","21:37","-6","0","0","0","0","0"
"F9","08/31/2024","1362","N352FR","CLT","05:31","05:23","-8","0","0","0","0","0"
"F9","08/31/2024","1402","N612FR","BNA","15:28","15:35","7","0","0","0","0","0"
"F9","08/31/2024","1499","N230FR","ONT","22:37","23:00","23","23","0","21","0","0"
"F9","08/31/2024","1560","N366FR","MSN","15:15","15:02","-13","0","0","0","0","0"
"F9","08/31/2024","1678","N383FR","DSM","12:54","12:44","-10","0","0","0","0","0"
"F9","08/31/2024","1734","N629FR","MCO","00:49","00:46","-3","0","0","0","0","0"
"F9","08/31/2024","1752","N329FR","CVG","20:10","20:05","-5","0","0","0","0","0"
"F9","08/31/2024","1819","N304FR","PHX","09:59","10:01","2","0","0","0","0","0"
"F9","08/31/2024","1993","N371FR","LAS","10:09","19:01","532","0","0","0","0","517"
"F9","08/31/2024","2105","N380FR","PHX","16:55","16:47","-8","0","0","0","0","0"
"F9","08/31/2024","2108","N701FR","FSD","10:09","09:59","-10","0","0","0","0","0"
"F9","08/31/2024","2141","N395FR","PHX","14:45","14:43","-2","0","0","0","0","0"
"F9","08/31/2024","2148","N308FR","DFW","08:10","08:02","-8","0","0","0","0","0"
"F9","08/31/2024","2210","N383FR","MDW","06:00","05:53","-7","0","0","0","0","0"
"F9","08/31/2024","2212","N704FR","DTW","12:51","12:47","-4","0","0","0","0","0"
"F9","08/31/2024","2341","N615FR","LAX","05:55","05:45","-10","0","0","0","0","0"
"F9","08/31/2024","2348","N714FR","IND","06:31","06:21","-10","0","0","0","0","0"
"F9","08/31/2024","2349","N352FR","LAS","14:13","15:00","47","24","0","0","0","0"
"F9","08/31/2024","2356","N644FR","SAT","05:11","05:15","4","0","0","0","0","0"
"F9","08/31/2024","2360","N715FR","MSY","13:37","13:41","4","0","0","0","0","0"
"F9","08/31/2024","2374","N705FR","TYS","16:11","16:36","25","0","0","0","0","0"
"F9","08/31/2024","2429","N360FR","LAS","16:43","16:42","-1","0","0","0","0","0"
"F9","08/31/2024","2440","N334FR","RDU","15:06","15:04","-2","0","0","0","0","0"
"F9","08/31/2024","2454","N612FR","PNS","07:10","07:10","0","0","0","0","0","0"
"F9","08/31/2024","2632","N309FR","DFW","18:40","18:31","-9","0","0","0","0","0"
"F9","08/31/2024","2687","N343FR","PDX","22:07","22:09","2","0","0","0","0","0"
"F9","08/31/2024","2746","N708FR","TPA","17:22","17:22","0","0","0","0","0","0"
"F9","08/31/2024","2752","N708FR","BUF","08:00","08:23","23","0","0","0","0","0"
"F9","08/31/2024","2817","N635FR","SAN","06:45","06:44","-1","0","0","0","0","0"
"F9","08/31/2024","2890","N701FR","AUS","15:48","15:45","-3","0","0","0","0","0"
"F9","08/31/2024","3138","N641FR","MIA","06:00","05:59","-1","0","0","16","0","0"
"F9","08/31/2024","3162","N625FR","LGA","15:14","15:15","1","0","0","0","0","0"
"F9","08/31/2024","3172","N228FR","ORD","20:00","20:00","0","0","0","0","0","0"
"F9","08/31/2024","3206","N633FR","IAH","14:34","14:31","-3","0","0","0","0","0"
"F9","08/31/2024","3230","N613FR","IAH","05:06","05:03","-3","0","0","0","0","0"
"F9","08/31/2024","3312","N336FR","MCO","10:34","10:24","-10","0","0","0","0","0"
"F9","08/31/2024","3340","N641FR","PHL","23:59","00:33","34","7","0","0","0","18"
"F9","08/31/2024","3376","N702FR","MCI","17:29","17:56","27","25","0","0","0","0"
"F9","08/31/2024","3405","N721FR","SEA","17:03","17:13","10","0","0","0","0","0"
"F9","08/31/2024","3421","N341FR","ELP","18:35","18:29","-6","0","0","0","0","0"
"F9","08/31/2024","3439","N636FR","SFO","22:15","22:12","-3","0","0","0","0","0"
"F9","08/31/2024","3467","N232FR","PHX","19:00","18:51","-9","0","0","0","0","0"
"F9","08/31/2024","3539","N715FR","LAS","22:38","22:33","-5","0","0","0","0","0"
"F9","08/31/2024","3600","N644FR","ATL","23:59","00:10","11","0","0","0","0","0"
"F9","08/31/2024","3665","N615FR","SMF","13:30","13:24","-6","0","0","0","0","0"
"F9","08/31/2024","3981","N339FR","SLC","11:14","11:06","-8","0","0","0","0","0"
"F9","08/31/2024","4070","N308FR","DFW","14:22","14:18","-4","0","0","59","0","0"
"F9","08/31/2024","4235","N701FR","SLC","23:08","23:12","4","0","0","0","0","0"
"F9","08/31/2024","4345","N605FR","LAX","13:52","17:55","243","223","0","0","0","0"
"F9","08/31/2024","4371","N376FR","SNA","07:00","06:49","-11","0","0","0","0","0"
"F9","08/31/2024","4386","N341FR","CID","12:21","12:20","-1","0","0","0","0","0"
"F9","08/31/2024","4478","N636FR","STL","15:37","15:42","5","0","0","0","0","0"
"F9","08/31/2024","4576","N389FR","CMH","14:14","14:05","-9","0","0","0","0","0"
"F9","08/31/2024","4626","N334FR","MEM","08:05","07:54","-11","0","0","0","0","0"
"F9","08/31/2024","4638","N616FR","CLE","18:19","18:28","9","0","0","0","0","0"
"F9","08/31/2024","4721","N386FR","SLC","18:49","19:35","46","0","0","9","0","46"
"F9","08/31/2024","4765","N380FR","PHX","21:30","21:56","26","0","0","0","0","25"
"F9","08/31/2024","4794","N702FR","FAR","10:45","10:41","-4","0","0","0","0","0"
"F9","08/31/2024","4917","N380FR","SJC","07:40","07:26","-14","0","0","0","0","0"
"F9","08/31/2024","4927","N356FR","SAN","12:01","12:10","9","0","0","0","0","0"
"F9","09/01/2024","0686","N366FR","DCA","06:40","06:34","-6","0","0","0","0","0"
"F9","09/01/2024","0688","N343FR","DCA","12:41","12:40","-1","0","0","0","0","0"
"F9","09/01/2024","0690","N334FR","DCA","16:28","16:30","2","0","0","0","0","0"
"F9","09/01/2024","1128","N704FR","OMA","08:34","10:11","97","97","0","0","0","0"
"F9","09/01/2024","1162","N343FR","HOU","05:55","05:45","-10","0","0","0","0","0"
"F9","09/01/2024","1175","N718FR","SEA","05:01","05:01","0","0","0","0","0","0"
"F9","09/01/2024","1229","N613FR","SFO","16:56","18:31","95","0","0","0","0","83"
"F9","09/01/2024","1261","N341FR","ONT","06:00","05:55","-5","0","0","0","0","0"
"F9","09/01/2024","1292","N704FR","MSP","21:43","21:56","13","0","0","0","0","0"
"F9","09/01/2024","1324","N702FR","DFW","05:01","04:48","-13","0","0","0","0","0"
"F9","09/01/2024","1362","N653FR","CLT","06:35","06:48","13","0","0","0","0","0"
"F9","09/01/2024","1375","N383FR","PHX","05:50","05:39","-11","0","0","0","0","0"
"F9","09/01/2024","1402","N230FR","BNA","06:00","05:55","-5","0","0","0","0","0"
"F9","09/01/2024","1450","N386FR","ATL","14:48","14:43","-5","0","0","0","0","0"
"F9","09/01/2024","1484","N629FR","ORD","08:50","09:00","10","0","0","6","0","10"
"F9","09/01/2024","1499","N705FR","ONT","22:40","22:27","-13","0","0","0","0","0"
"F9","09/01/2024","1560","N383FR","MSN","11:30","11:17","-13","0","0","0","0","0"
"F9","09/01/2024","1608","N702FR","MKE","17:40","17:56","16","16","0","2","0","0"
"F9","09/01/2024","1678","N389FR","DSM","10:51","11:05","14","0","0","0","0","0"
"F9","09/01/2024","1734","N232FR","MCO","00:49","00:49","0","0","0","0","0","0"
"F9","09/01/2024","1789","N714FR","PDX","17:51","18:02","11","11","0","6","0","0"
"F9","09/01/2024","1816","N705FR","AUS","05:01","04:47","-14","0","0","0","0","0"
"F9","09/01/2024","1819","N350FR","PHX","08:51","08:41","-10","0","0","0","0","0"
"F9","09/01/2024","1864","N339FR","OKC","09:45","09:33","-12","0","0","0","0","0"
"F9","09/01/2024","1918","N644FR","CLE","08:35","08:34","-1","0","0","0","0","0"
"F9","09/01/2024","1928","N366FR","OKC","16:15","16:01","-14","0","0","0","0","0"
"F9","09/01/2024","1993","N377FR","LAS","10:14","10:09","-5","0","0","0","0","0"
"F9","09/01/2024","2015","N635FR","LAS","06:31","06:47","16","0","0","0","0","0"
"F9","09/01/2024","2108","N334FR","FSD","11:15","11:11","-4","0","0","0","0","0"
"F9","09/01/2024","2141","N341FR","PHX","14:45","14:48","3","0","0","0","0","0"
"F9","09/01/2024","2210","N337FR","MDW","07:44","07:33","-11","0","0","0","0","0"
"F9","09/01/2024","2212","N605FR","DTW","15:25","15:20","-5","0","0","0","0","0"
"F9","09/01/2024","2261","N625FR","ELP","06:31","06:22","-9","0","0","0","0","0"
"F9","09/01/2024","2341","N633FR","LAX","05:55","05:46","-9","0","0","0","0","0"
"F9","09/01/2024","2349","N701FR","LAS","14:00","13:54","-6","0","0","0","0","0"
"F9","09/01/2024","2356","N629FR","SAT","16:15","16:20","5","0","0","0","0","0"
"F9","09/01/2024","2360","N383FR","MSY","18:03","18:01","-2","0","0","0","0","0"
"F9","09/01/2024","2440","N339FR","RDU","15:06","14:56","-10","0","0","0","0","0"
"F9","09/01/2024","2632","N633FR","DFW","18:40","18:31","-9","0","0","0","0","0"
"F9","09/01/2024","2687","N366FR","PDX","22:16","22:08","-8","0","0","0","0","0"
"F9","09/01/2024","2746","N718FR","TPA","13:11","13:08","-3","0","0","0","0","0"
"F9","09/01/2024","2817","N605FR","SAN","06:00","05:51","-9","0","0","0","0","0"
"F9","09/01/2024","2890","N356FR","AUS","17:20","17:10","-10","0","0","0","0","0"
"F9","09/01/2024","3138","N637FR","MIA","06:31","06:35","4","0","0","0","0","0"
"F9","09/01/2024","3162","N709FR","LGA","15:14","15:27","13","0","0","0","0","0"
"F9","09/01/2024","3174","N635FR","ORD","17:01","16:51","-10","0","0","0","0","0"
"F9","09/01/2024","3206","N615FR","IAH","14:29","14:25","-4","0","0","0","0","0"
"F9","09/01/2024","3230","N709FR","IAH","07:45","07:40","-5","0","0","0","0","0"
"F9","09/01/2024","3286","N349FR","CVG","07:48","07:36","-12","0","0","0","0","0"
"F9","09/01/2024","3312","N721FR","MCO","09:00","09:48","48","20","0","0","0","0"
"F9","09/01/2024","3340","N605FR","PHL","23:59","23:50","-9","0","0","0","0","0"
"F9","09/01/2024","3376","N636FR","MCI","10:42","10:36","-6","0","0","0","0","0"
"F9","09/01/2024","3439","N629FR","SFO","22:15","22:47","32","0","0","0","0","22"
"F9","09/01/2024","3467","N380FR","PHX","21:01","20:55","-6","0","0","0","0","0"
"F9","09/01/2024","3600","N636FR","ATL","23:59","23:58","-1","0","0","0","0","0"
"F9","09/01/2024","3665","N230FR","SMF","13:36","13:20","-16","0","0","0","0","0"
"F9","09/01/2024","3861","N389FR","SLC","06:00","05:53","-7","0","0","0","0","0"
"F9","09/01/2024","3949","N615FR","LAS","22:38","22:40","2","0","0","0","0","0"
"F9","09/01/2024","3981","N633FR","SLC","13:11","13:06","-5","0","0","0","0","0"
"F9","09/01/2024","4070","N389FR","DFW","16:13","16:06","-7","0","0","0","0","0"
"F9","09/01/2024","4251","N644FR","SLC","17:15","17:17","2","0","0","0","0","0"
"F9","09/01/2024","4344","N714FR","XNA","11:50","11:48","-2","0","0","0","0","0"
"F9","09/01/2024","4345","N711FR","LAX","13:52","13:46","-6","0","0","0","0","0"
"F9","09/01/2024","4371","N304FR","SNA","15:02","14:59","-3","0","0","0","0","0"
"F9","09/01/2024","4374","N615FR","PIT","05:40","05:30","-10","0","0","0","0","0"
"F9","09/01/2024","4386","N701FR","CID","08:12","08:06","-6","0","0","0","0","0"
"F9","09/01/2024","4464","N391FR","DFW","07:09","07:07","-2","0","0","0","0","0"
"F9","09/01/2024","4478","N653FR","STL","15:37","19:26","229","216","0","0","0","0"
"F9","09/01/2024","4576","N304FR","CMH","07:15","07:06","-9","0","0","0","0","0"
"F9","09/01/2024","4611","N379FR","LAS","20:38","20:31","-7","0","0","0","0","0"
"F9","09/01/2024","4616","N323FR","MSP","15:55","16:01","6","0","0","0","0","0"
"F9","09/01/2024","4647","N636FR","SEA","16:25","16:23","-2","0","0","0","0","0"
"F9","09/01/2024","4721","N304FR","SLC","21:51","21:36","-15","0","0","0","0","0"
"F9","09/01/2024","4753","N395FR","PHX","23:25","23:25","0","0","0","0","0","0"
"F9","09/01/2024","4776","N704FR","LIT","14:27","14:51","24","0","0","0","0","0"
"F9","09/01/2024","4794","N702FR","FAR","11:37","11:25","-12","0","0","0","0","0"
"F9","09/01/2024","4917","N705FR","SJC","12:11","12:09","-2","0","0","0","0","0"
"F9","09/01/2024","4927","N625FR","SAN","12:37","12:35","-2","0","0","0","0","0"
"F9","09/01/2024","4989","N312FR","SAN","19:50","20:29","39","0","0","0","0","31"
"F9","09/02/2024","0686","N372FR","DCA","06:42","06:38","-4","0","0","0","0","0"
"F9","09/02/2024","0688","N343FR","DCA","12:41","12:49","8","0","0","0","0","0"
"F9","09/02/2024","0690","N326FR","DCA","16:29","16:16","-13","0","0","0","0","0"
"F9","09/02/2024","1093","N343FR","SFO","05:30","05:21","-9","0","0","0","0","0"
"F9","09/02/2024","1128","N709FR","OMA","11:50","11:52","2","0","0","0","0","0"
"F9","09/02/2024","1150","N704FR","MSP","08:12","08:05","-7","0","0","0","0","0"
"F9","09/02/2024","1162","N366FR","HOU","08:24","08:16","-8","0","0","0","0","0"
"F9","09/02/2024","1175","N625FR","SEA","05:05","04:56","-9","0","0","0","0","0"
"F9","09/02/2024","1229","N629FR","SFO","16:56","16:56","0","0","0","0","0","0"
"F9","09/02/2024","1248","N389FR","GRR","12:03","11:49","-14","0","0","0","0","0"
"F9","09/02/2024","1261","N702FR","ONT","06:00","06:27","27","19","0","0","0","0"
"F9","09/02/2024","1280","N637FR","MIA","18:02","18:55","53","0","0","0","0","39"
"F9","09/02/2024","1292","N704FR","MSP","21:15","21:06","-9","0","0","0","0","0"
"F9","09/02/2024","1362","N714FR","CLT","13:30","13:29","-1","0","0","0","0","0"
"F9","09/02/2024","1402","N230FR","BNA","07:55","07:50","-5","0","0","0","0","0"
"F9","09/02/2024","1450","N366FR","ATL","15:04","15:04","0","0","0","0","0","0"
"F9","09/02/2024","1484","N718FR","ORD","06:20","06:10","-10","0","0","0","0","0"
"F9","09/02/2024","1499","N718FR","ONT","22:30","22:47","17","0","0","0","0","0"
"F9","09/02/2024","1560","N704FR","MSN","14:29","14:24","-5","0","0","0","0","0"
"F9","09/02/2024","1608","N709FR","MKE","17:14","17:04","-10","0","0","0","0","0"
"F9","09/02/2024","1678","N705FR","DSM","06:00","05:53","-7","0","0","0","0","0"
"F9","09/02/2024","1702","N644FR","SYR","14:09","14:01","-8","0","0","0","0","0"
"F9","09/02/2024","1734","N373FR","MCO","00:49","00:49","0","0","0","0","0","0"
"F9","09/02/2024","1816","N615FR","AUS","06:00","05:53","-7","0","0","0","0","0"
"F9","09/02/2024","1819","N312FR","PHX","08:51","08:40","-11","0","0","0","0","0"
"F9","09/02/2024","1864","N230FR","OKC","15:37","15:40","3","0","0","0","0","0"
"F9","09/02/2024","1918","N635FR","CLE","06:40","06:33","-7","0","0","0","0","0"
"F9","09/02/2024","1993","N371FR","LAS","10:14","11:55","101","87","0","0","0","0"
"F9","09/02/2024","2105","N334FR","PHX","14:50","15:18","28","5","0","0","0","15"
"F9","09/02/2024","2108","N374FR","FSD","11:16","13:09","113","60","0","0","0","40"
"F9","09/02/2024","2141","N341FR","PHX","12:01","11:57","-4","0","0","0","0","0"
"F9","09/02/2024","2148","N702FR","DFW","15:19","15:18","-1","0","0","0","0","0"
"F9","09/02/2024","2210","N386FR","MDW","15:41","15:28","-13","0","0","0","0","0"
"F9","09/02/2024","2341","N714FR","LAX","05:55","05:51","-4","0","0","0","0","0"
"F9","09/02/2024","2348","N633FR","IND","06:00","05:49","-11","0","0","0","0","0"
"F9","09/02/2024","2349","N235FR","LAS","13:30","13:17","-13","0","0","0","0","0"
"F9","09/02/2024","2374","N705FR","TYS","17:16","17:47","31","21","0","0","0","0"
"F9","09/02/2024","2421","N636FR","SAN","16:21","16:20","-1","0","0","0","0","0"
"F9","09/02/2024","2429","N363FR","LAS","16:19","16:38","19","0","0","0","0","0"
"F9","09/02/2024","2440","N380FR","RDU","15:06","15:17","11","0","0","0","0","0"
"F9","09/02/2024","2550","N383FR","DFW","21:32","21:26","-6","0","0","0","0","0"
"F9","09/02/2024","2687","N343FR","PDX","22:10","22:07","-3","0","0","0","0","0"
"F9","09/02/2024","2746","N716FR","TPA","17:44","18:13","29","29","0","0","0","0"
"F9","09/02/2024","2752","N711FR","BUF","13:37","13:48","11","11","0","25","0","0"
"F9","09/02/2024","2817","N613FR","SAN","06:45","06:33","-12","0","0","0","0","0"
"F9","09/02/2024","2946","N389FR","MDW","05:05","04:54","-11","0","0","0","0","0"
"F9","09/02/2024","3101","N615FR","MSO","12:35","12:23","-12","0","0","0","0","0"
"F9","09/02/2024","3162","N635FR","LGA","15:14","15:14","0","0","0","17","0","0"
"F9","09/02/2024","3172","N626FR","ORD","22:37","23:07","30","0","0","0","0","0"
"F9","09/02/2024","3206","N386FR","IAH","08:45","08:33","-12","0","0","0","0","0"
"F9","09/02/2024","3286","N374FR","CVG","16:35","17:50","75","1","0","3","0","74"
"F9","09/02/2024","3312","N706FR","MCO","10:39","10:39","0","0","0","0","0","0"
"F9","09/02/2024","3340","N396FR","PHL","23:59","23:43","-16","0","0","0","0","0"
"F9","09/02/2024","3376","N334FR","MCI","09:45","09:35","-10","0","0","0","0","0"
"F9","09/02/2024","3405","N607FR","SEA","18:56","18:52","-4","0","0","0","0","0"
"F9","09/02/2024","3421","N389FR","ELP","19:10","19:00","-10","0","0","0","0","0"
"F9","09/02/2024","3439","N230FR","SFO","22:15","21:59","-16","0","0","0","0","0"
"F9","09/02/2024","3467","N382FR","PHX","20:57","00:40","223","0","0","0","0","213"
"F9","09/02/2024","3539","N714FR","LAS","22:38","22:38","0","0","0","0","0","0"
"F9","09/02/2024","3566","N383FR","DTW","06:15","06:07","-8","0","0","0","0","0"
"F9","09/02/2024","3600","N633FR","ATL","23:59","23:49","-10","0","0","0","0","0"
"F9","09/02/2024","3665","N633FR","SMF","13:30","13:47","17","0","0","0","0","0"
"F9","09/02/2024","3708","N653FR","SAT","17:59","17:57","-2","0","0","0","0","0"
"F9","09/02/2024","3861","N709FR","SLC","06:30","06:18","-12","0","0","0","0","0"
"F9","09/02/2024","3930","N613FR","PNS","16:09","16:49","40","0","0","0","0","28"
"F9","09/02/2024","3981","N705FR","SLC","11:52","11:45","-7","0","0","0","0","0"
"F9","09/02/2024","4070","N625FR","DFW","13:00","13:12","12","0","0","0","0","0"
"F9","09/02/2024","4251","N312FR","SLC","14:34","14:34","0","0","0","0","0","0"
"F9","09/02/2024","4344","N711FR","XNA","07:30","07:14","-16","0","0","0","0","0"
"F9","09/02/2024","4345","N718FR","LAX","13:52","13:58","6","0","0","0","0","0"
"F9","09/02/2024","4371","N383FR","SNA","14:26","14:29","3","0","0","0","0","0"
"F9","09/02/2024","4386","N653FR","CID","11:41","11:31","-10","0","0","0","0","0"
"F9","09/02/2024","4464","N653FR","DFW","05:05","04:57","-8","0","0","0","0","0"
"F9","09/02/2024","4478","N609FR","STL","17:16","17:51","35","0","0","17","0","35"
"F9","09/02/2024","4576","N644FR","CMH","06:00","06:03","3","0","0","0","0","0"
"F9","09/02/2024","4626","N636FR","MEM","08:52","08:44","-8","0","0","0","0","0"
"F9","09/02/2024","4721","N702FR","SLC","22:03","22:00","-3","0","0","0","0","0"
"F9","09/02/2024","4753","N370FR","PHX","23:25","23:24","-1","0","0","0","0","0"
"F9","09/02/2024","4794","N629FR","FAR","10:52","10:37","-15","0","0","0","0","0"
"F9","09/02/2024","4856","N372FR","IAH","15:55","16:15","20","0","0","0","0","0"
"F9","09/02/2024","4917","N609FR","SJC","07:31","07:26","-5","0","0","0","0","0"
"F9","09/02/2024","4967","N625FR","LAS","18:42","19:17","35","0","0","0","0","23"
"F9","09/02/2024","4989","N303FR","SAN","19:50","19:47","-3","0","0","0","0","0"
"F9","09/03/2024","0686","N348FR","DCA","06:42","06:33","-9","0","0","0","0","0"
"F9","09/03/2024","0688","N358FR","DCA","12:41","12:32","-9","0","0","0","0","0"
"F9","09/03/2024","0690","N380FR","DCA","16:28","16:24","-4","0","0","0","0","0"
"F9","09/03/2024","1114","N609FR","TPA","17:29","17:21","-8","0","0","0","0","0"
"F9","09/03/2024","1128","N636FR","OMA","12:23","12:48","25","17","0","0","0","0"
"F9","09/03/2024","1150","N704FR","MSP","08:12","08:06","-6","0","0","0","0","0"
"F9","09/03/2024","1162","N358FR","HOU","05:55","05:40","-15","0","0","0","0","0"
"F9","09/03/2024","1175","N718FR","SEA","06:36","06:31","-5","0","0","0","0","0"
"F9","09/03/2024","1229","N629FR","SFO","16:17","16:13","-4","0","0","0","0","0"
"F9","09/03/2024","1261","N701FR","ONT","06:00","05:50","-10","0","0","0","0","0"
"F9","09/03/2024","1362","N343FR","CLT","06:25","06:17","-8","0","0","0","0","0"
"F9","09/03/2024","1375","N386FR","PHX","05:01","04:51","-10","0","0","0","0","0"
"F9","09/03/2024","1402","N711FR","BNA","13:11","13:11","0","0","0","0","0","0"
"F9","09/03/2024","1499","N711FR","ONT","22:40","22:35","-5","0","0","0","0","0"
"F9","09/03/2024","1560","N716FR","MSN","07:20","07:06","-14","0","0","0","0","0"
"F9","09/03/2024","1734","N621FR","MCO","00:49","00:46","-3","0","0","0","0","0"
"F9","09/03/2024","1816","N629FR","AUS","09:30","09:26","-4","0","0","0","0","0"
"F9","09/03/2024","1918","N329FR","CLE","09:55","09:45","-10","0","0","0","0","0"
"F9","09/03/2024","1928","N716FR","OKC","14:07","13:58","-9","0","0","0","0","0"
"F9","09/03/2024","1993","N379FR","LAS","10:09","09:57","-12","0","0","0","0","0"
"F9","09/03/2024","2015","N653FR","LAS","07:00","06:48","-12","0","0","0","0","0"
"F9","09/03/2024","2108","N702FR","FSD","08:23","09:06","43","0","37","0","0","0"
"F9","09/03/2024","2141","N382FR","PHX","14:50","15:06","16","0","0","0","0","0"
"F9","09/03/2024","2148","N328FR","DFW","09:35","09:34","-1","0","0","0","0","0"
"F9","09/03/2024","2210","N304FR","MDW","13:46","13:36","-10","0","0","0","0","0"
"F9","09/03/2024","2261","N607FR","ELP","06:30","06:19","-11","0","0","0","0","0"
"F9","09/03/2024","2341","N635FR","LAX","05:55","05:48","-7","0","0","0","0","0"
"F9","09/03/2024","2348","N718FR","IND","14:39","14:33","-6","0","0","0","0","0"
"F9","09/03/2024","2356","N704FR","SAT","15:45","15:46","1","0","0","0","0","0"
"F9","09/03/2024","2440","N343FR","RDU","15:06","14:56","-10","0","0","0","0","0"
"F9","09/03/2024","2577","N348FR","SNA","15:54","16:01","7","0","0","0","0","0"
"F9","09/03/2024","2632","N230FR","DFW","18:20","18:36","16","0","0","0","0","0"
"F9","09/03/2024","2687","N718FR","PDX","22:06","22:14","8","0","0","0","0","0"
"F9","09/03/2024","2817","N609FR","SAN","06:20","06:12","-8","0","0","0","0","0"
"F9","09/03/2024","3138","N636FR","MIA","17:17","17:42","25","0","0","15","0","25"
"F9","09/03/2024","3162","N653FR","LGA","15:14","15:08","-6","0","0","0","0","0"
"F9","09/03/2024","3206","N389FR","IAH","08:36","08:28","-8","0","0","0","0","0"
"F9","09/03/2024","3230","N633FR","IAH","14:29","14:27","-2","0","0","0","0","0"
"F9","09/03/2024","3286","N361FR","CVG","08:48","08:57","9","0","0","0","0","0"
"F9","09/03/2024","3312","N622FR","MCO","10:21","10:33","12","0","0","0","0","0"
"F9","09/03/2024","3376","N633FR","MCI","08:50","08:41","-9","0","0","0","0","0"
"F9","09/03/2024","3439","N709FR","SFO","22:15","22:01","-14","0","0","0","0","0"
"F9","09/03/2024","3566","N709FR","DTW","07:15","07:05","-10","0","0","0","0","0"
"F9","09/03/2024","3600","N629FR","ATL","23:59","23:54","-5","0","0","0","0","0"
"F9","09/03/2024","3665","N635FR","SMF","13:30","13:23","-7","0","0","0","0","0"
"F9","09/03/2024","3843","N631FR","LAS","17:17","17:11","-6","0","0","0","0","0"
"F9","09/03/2024","3981","N380FR","SLC","11:22","11:18","-4","0","0","0","0","0"
"F9","09/03/2024","4235","N348FR","SLC","22:36","22:50","14","1","0","11","0","13"
"F9","09/03/2024","4345","N702FR","LAX","13:52","14:01","9","0","0","0","0","0"
"F9","09/03/2024","4386","N230FR","CID","10:42","10:29","-13","0","0","0","0","0"
"F9","09/03/2024","4478","N709FR","STL","15:37","15:31","-6","0","0","0","0","0"
"F9","09/03/2024","4611","N637FR","LAS","22:38","22:35","-3","0","0","0","0","0"
"F9","09/03/2024","4616","N702FR","MSP","21:43","21:28","-15","0","0","0","0","0"
"F9","09/03/2024","4647","N701FR","SEA","15:18","15:09","-9","0","0","0","0","0"
"F9","09/03/2024","4721","N303FR","SLC","19:54","19:41","-13","0","0","0","0","0"
"F9","09/03/2024","4765","N334FR","PHX","22:10","22:15","5","0","0","0","0","0"
"F9","09/03/2024","4794","N326FR","FAR","09:45","09:33","-12","0","0","0","0","0"
"F9","09/03/2024","4917","N386FR","SJC","11:00","10:58","-2","0","0","0","0","0"
"F9","09/03/2024","4984","N341FR","ORD","20:00","21:21","81","75","0","0","0","0"
"F9","09/03/2024","4989","N391FR","SAN","18:00","18:04","4","0","0","0","0","0"
"F9","09/04/2024","0686","N326FR","DCA","06:42","06:33","-9","0","0","0","0","0"
"F9","09/04/2024","0688","N359FR","DCA","12:41","12:34","-7","0","0","0","0","0"
"F9","09/04/2024","0690","N353FR","DCA","16:25","16:20","-5","0","0","0","0","0"
"F9","09/04/2024","1093","N635FR","SFO","14:09","14:08","-1","0","0","0","0","0"
"F9","09/04/2024","1128","N353FR","OMA","11:22","11:12","-10","0","0","0","0","0"
"F9","09/04/2024","1150","N702FR","MSP","08:12","08:02","-10","0","0","0","0","0"
"F9","09/04/2024","1162","N341FR","HOU","08:38","08:36","-2","0","0","0","0","0"
"F9","09/04/2024","1175","N701FR","SEA","05:05","04:59","-6","0","0","0","0","0"
"F9","09/04/2024","1248","N653FR","GRR","06:00","05:56","-4","0","0","0","0","0"
"F9","09/04/2024","1261","N716FR","ONT","06:00","05:50","-10","0","0","0","0","0"
"F9","09/04/2024","1292","N644FR","MSP","21:43","21:33","-10","0","0","0","0","0"
"F9","09/04/2024","1362","N702FR","CLT","14:27","14:31","4","0","0","0","0","0"
"F9","09/04/2024","1402","N723FR","BNA","16:10","16:27","17","17","0","8","0","0"
"F9","09/04/2024","1484","N348FR","ORD","08:50","08:39","-11","0","0","0","0","0"
"F9","09/04/2024","1497","N386FR","ONT","23:34","24:00","26","26","0","12","0","0"
"F9","09/04/2024","1560","N644FR","MSN","14:29","14:17","-12","0","0","0","0","0"
"F9","09/04/2024","1678","N353FR","DSM","06:00","05:50","-10","0","0","0","0","0"
"F9","09/04/2024","1702","N711FR","SYR","13:22","13:14","-8","0","0","0","0","0"
"F9","09/04/2024","1734","N631FR","MCO","00:59","00:54","-5","0","0","0","0","0"
"F9","09/04/2024","1816","N704FR","AUS","06:00","05:54","-6","0","0","0","0","0"
"F9","09/04/2024","1819","N391FR","PHX","08:52","08:39","-13","0","0","0","0","0"
"F9","09/04/2024","1864","N358FR","OKC","08:00","07:55","-5","0","0","0","0","0"
"F9","09/04/2024","1918","N635FR","CLE","05:01","04:51","-10","0","0","0","0","0"
"F9","09/04/2024","2141","N303FR","PHX","14:00","14:04","4","0","0","0","0","0"
"F9","09/04/2024","2148","N380FR","DFW","09:35","09:39","4","0","0","0","0","0"
"F9","09/04/2024","2210","N367FR","MDW","08:51","11:15","144","95","0","0","0","41"
"F9","09/04/2024","2261","N343FR","ELP","11:27","11:17","-10","0","0","0","0","0"
"F9","09/04/2024","2341","N711FR","LAX","05:55","05:48","-7","0","0","0","0","0"
"F9","09/04/2024","2348","N633FR","IND","06:05","05:56","-9","0","0","0","0","0"
"F9","09/04/2024","2349","N395FR","LAS","13:11","13:19","8","0","0","0","0","0"
"F9","09/04/2024","2374","N718FR","TYS","06:45","06:39","-6","0","0","0","0","0"
"F9","09/04/2024","2421","N341FR","SAN","15:37","15:33","-4","0","0","0","0","0"
"F9","09/04/2024","2429","N716FR","LAS","15:20","15:19","-1","0","0","0","0","0"
"F9","09/04/2024","2440","N309FR","RDU","15:06","15:02","-4","0","0","0","0","0"
"F9","09/04/2024","2632","N377FR","DFW","18:36","19:00","24","0","0","2","0","24"
"F9","09/04/2024","2687","N619FR","PDX","22:06","21:55","-11","0","0","0","0","0"
"F9","09/04/2024","2746","N391FR","TPA","17:55","17:53","-2","0","0","47","0","0"
"F9","09/04/2024","2752","N615FR","BUF","07:05","06:57","-8","0","0","0","0","0"
"F9","09/04/2024","2817","N723FR","SAN","06:45","06:38","-7","0","0","0","0","0"
"F9","09/04/2024","3101","N704FR","MSO","12:35","12:26","-9","0","0","0","0","0"
"F9","09/04/2024","3138","N358FR","MIA","13:29","13:27","-2","0","0","0","0","0"
"F9","09/04/2024","3162","N629FR","LGA","15:14","15:28","14","14","0","7","0","0"
"F9","09/04/2024","3230","N644FR","IAH","05:11","05:05","-6","0","0","0","0","0"
"F9","09/04/2024","3312","N631FR","MCO","11:10","10:57","-13","0","0","0","0","0"
"F9","09/04/2024","3340","N712FR","PHL","23:59","23:47","-12","0","0","0","0","0"
"F9","09/04/2024","3376","N309FR","MCI","09:45","09:48","3","0","0","0","0","0"
"F9","09/04/2024","3405","N613FR","SEA","17:58","17:59","1","0","0","0","0","0"
"F9","09/04/2024","3439","N635FR","SFO","22:15","22:03","-12","0","0","0","0","0"
"F9","09/04/2024","3467","N303FR","PHX","19:42","19:36","-6","0","0","0","0","0"
"F9","09/04/2024","3539","N341FR","LAS","22:38","22:36","-2","0","0","0","0","0"
"F9","09/04/2024","3566","N386FR","DTW","06:40","06:30","-10","0","0","0","0","0"
"F9","09/04/2024","3600","N633FR","ATL","23:59","00:14","15","0","0","0","0","0"
"F9","09/04/2024","3665","N633FR","SMF","13:30","13:30","0","0","0","0","0","0"
"F9","09/04/2024","3708","N709FR","SAT","17:35","17:59","24","0","24","28","0","0"
"F9","09/04/2024","3981","N334FR","SLC","11:00","10:51","-9","0","0","0","0","0"
"F9","09/04/2024","4235","N326FR","SLC","22:35","22:34","-1","0","0","0","0","0"
"F9","09/04/2024","4344","N615FR","XNA","15:58","15:49","-9","0","0","0","0","0"
"F9","09/04/2024","4345","N653FR","LAX","13:52","13:48","-4","0","0","0","0","0"
"F9","09/04/2024","4371","N326FR","SNA","15:54","15:54","0","0","0","0","0","0"
"F9","09/04/2024","4386","N701FR","CID","13:08","13:15","7","0","0","0","0","0"
"F9","09/04/2024","4478","N718FR","STL","15:37","15:36","-1","0","0","0","0","0"
"F9","09/04/2024","4721","N701FR","SLC","19:26","19:21","-5","0","0","0","0","0"
"F9","09/04/2024","4753","N360FR","PHX","23:25","23:13","-12","0","0","0","0","0"
"F9","09/04/2024","4794","N709FR","FAR","10:42","10:33","-9","0","0","0","0","0"
"F9","09/04/2024","4856","N386FR","IAH","15:06","15:09","3","0","0","0","0","0"
"F9","09/04/2024","4917","N613FR","SJC","07:31","07:25","-6","0","0","0","0","0"
"F9","09/04/2024","4967","N328FR","LAS","17:41","17:51","10","0","0","0","0","0"
"F9","09/05/2024","0686","N387FR","DCA","06:44","06:35","-9","0","0","0","0","0"
"F9","09/05/2024","0688","N365FR","DCA","12:46","12:34","-12","0","0","0","0","0"
"F9","09/05/2024","0690","N386FR","DCA","16:33","16:22","-11","0","0","0","0","0"
"F9","09/05/2024","1093","N387FR","SFO","16:54","16:42","-12","0","0","0","0","0"
"F9","09/05/2024","1128","N635FR","OMA","10:44","10:50","6","0","0","0","0","0"
"F9","09/05/2024","1162","N353FR","HOU","15:31","15:25","-6","0","0","0","0","0"
"F9","09/05/2024","1175","N723FR","SEA","06:00","05:59","-1","0","0","0","0","0"
"F9","09/05/2024","1248","N711FR","GRR","15:28","15:32","4","0","0","0","0","0"
"F9","09/05/2024","1261","N711FR","ONT","06:00","05:54","-6","0","0","0","0","0"
"F9","09/05/2024","1282","N613FR","MIA","18:01","18:39","38","30","0","0","0","0"
"F9","09/05/2024","1324","N613FR","DFW","05:05","04:58","-7","0","0","0","0","0"
"F9","09/05/2024","1362","N359FR","CLT","13:44","13:43","-1","0","0","0","0","0"
"F9","09/05/2024","1375","N365FR","PHX","06:45","06:30","-15","0","0","0","0","0"
"F9","09/05/2024","1402","N607FR","BNA","05:50","05:58","8","0","0","0","0","0"
"F9","09/05/2024","1450","N637FR","ATL","14:33","14:31","-2","0","0","0","0","0"
"F9","09/05/2024","1484","N718FR","ORD","07:00","06:48","-12","0","0","0","0","0"
"F9","09/05/2024","1499","N701FR","ONT","22:38","22:30","-8","0","0","0","0","0"
"F9","09/05/2024","1560","N619FR","MSN","12:24","12:11","-13","0","0","0","0","0"
"F9","09/05/2024","1608","N322FR","MKE","07:57","07:53","-4","0","0","0","0","0"
"F9","09/05/2024","1678","N309FR","DSM","14:50","15:01","11","0","0","0","0","0"
"F9","09/05/2024","1734","N615FR","MCO","00:20","01:05","45","40","0","0","0","0"
"F9","09/05/2024","1752","N374FR","CVG","18:47","18:39","-8","0","0","0","0","0"
"F9","09/05/2024","1784","N702FR","BNA","13:51","13:41","-10","0","0","0","0","0"
"F9","09/05/2024","1789","N375FR","PDX","11:30","11:23","-7","0","0","0","0","0"
"F9","09/05/2024","1816","N705FR","AUS","06:17","06:09","-8","0","0","18","0","0"
"F9","09/05/2024","1819","N342FR","PHX","09:01","09:46","45","3","0","20","0","42"
"F9","09/05/2024","1864","N705FR","OKC","12:53","12:44","-9","0","0","0","0","0"
"F9","09/05/2024","1918","N606FR","CLE","13:30","13:20","-10","0","0","0","0","0"
"F9","09/05/2024","2015","N235FR","LAS","10:06","10:03","-3","0","0","0","0","0"
"F9","09/05/2024","2108","N353FR","FSD","10:04","09:51","-13","0","0","0","0","0"
"F9","09/05/2024","2141","N395FR","PHX","14:40","14:54","14","0","0","0","0","0"
"F9","09/05/2024","2210","N341FR","MDW","12:02","11:49","-13","0","0","0","0","0"
"F9","09/05/2024","2226","N704FR","RDU","07:30","07:19","-11","0","0","0","0","0"
"F9","09/05/2024","2261","N644FR","ELP","08:35","08:20","-15","0","0","15","0","0"
"F9","09/05/2024","2341","N653FR","LAX","05:55","05:45","-10","0","0","0","0","0"
"F9","09/05/2024","2348","N702FR","IND","06:25","06:15","-10","0","0","0","0","0"
"F9","09/05/2024","2356","N343FR","SAT","05:40","05:36","-4","0","0","0","0","0"
"F9","09/05/2024","2360","N359FR","MSY","06:00","06:13","13","13","0","14","0","0"
"F9","09/05/2024","2429","N635FR","LAS","16:33","16:31","-2","0","0","0","0","0"
"F9","09/05/2024","2440","N326FR","RDU","15:13","15:05","-8","0","0","0","0","0"
"F9","09/05/2024","2632","N636FR","DFW","18:05","17:53","-12","0","0","0","0","0"
"F9","09/05/2024","2687","N702FR","PDX","22:13","22:03","-10","0","0","0","0","0"
"F9","09/05/2024","2706","N354FR","BWI","08:11","08:01","-10","0","0","0","0","0"
"F9","09/05/2024","2746","N718FR","TPA","13:38","14:17","39","0","0","0","0","34"
"F9","09/05/2024","2817","N709FR","SAN","05:38","05:34","-4","0","0","0","0","0"
"F9","09/05/2024","2890","N354FR","AUS","17:34","17:20","-14","0","0","0","0","0"
"F9","09/05/2024","3155","N723FR","LAX","13:55","13:50","-5","0","0","0","0","0"
"F9","09/05/2024","3162","N629FR","LGA","15:16","15:13","-3","0","0","0","0","0"
"F9","09/05/2024","3172","N307FR","ORD","20:15","20:39","24","0","0","0","0","0"
"F9","09/05/2024","3200","N619FR","MSP","19:12","19:02","-10","0","0","0","0","0"
"F9","09/05/2024","3230","N341FR","IAH","05:05","04:53","-12","0","0","0","0","0"
"F9","09/05/2024","3286","N638FR","CVG","08:37","08:24","-13","0","0","0","0","0"
"F9","09/05/2024","3294","N637FR","ATL","23:49","23:56","7","0","0","0","0","0"
"F9","09/05/2024","3302","N309FR","STL","20:14","20:05","-9","0","0","0","0","0"
"F9","09/05/2024","3312","N622FR","MCO","09:05","09:09","4","0","0","0","0","0"
"F9","09/05/2024","3340","N353FR","PHL","23:59","00:22","23","0","0","0","0","0"
"F9","09/05/2024","3374","N705FR","MCI","18:21","18:16","-5","0","0","0","0","0"
"F9","09/05/2024","3405","N633FR","SEA","18:42","18:42","0","0","0","0","0","0"
"F9","09/05/2024","3439","N714FR","SFO","22:35","22:25","-10","0","0","0","0","0"
"F9","09/05/2024","3467","N370FR","PHX","20:23","20:14","-9","0","0","0","0","0"
"F9","09/05/2024","3566","N701FR","DTW","05:15","05:08","-7","0","0","0","0","0"
"F9","09/05/2024","3665","N701FR","SMF","13:10","13:01","-9","0","0","0","0","0"
"F9","09/05/2024","3930","N709FR","PNS","15:01","15:07","6","0","0","0","0","0"
"F9","09/05/2024","3949","N723FR","LAS","22:46","22:33","-13","0","0","0","0","0"
"F9","09/05/2024","3981","N386FR","SLC","11:25","11:15","-10","0","0","0","0","0"
"F9","09/05/2024","4070","N613FR","DFW","11:33","11:21","-12","0","0","0","0","0"
"F9","09/05/2024","4251","N704FR","SLC","17:05","17:01","-4","0","0","0","0","0"
"F9","09/05/2024","4344","N607FR","XNA","13:20","13:54","34","0","0","0","0","29"
"F9","09/05/2024","4371","N326FR","SNA","08:24","08:16","-8","0","0","0","0","0"
"F9","09/05/2024","4374","N629FR","PIT","06:36","06:25","-11","0","0","0","0","0"
"F9","09/05/2024","4386","N714FR","CID","16:12","16:06","-6","0","0","0","0","0"
"F9","09/05/2024","4464","N371FR","DFW","08:09","08:03","-6","0","0","0","0","0"
"F9","09/05/2024","4611","N348FR","LAS","20:45","20:33","-12","0","0","0","0","0"
"F9","09/05/2024","4616","N644FR","MSP","21:15","21:02","-13","0","0","0","0","0"
"F9","09/05/2024","4721","N365FR","SLC","22:26","22:20","-6","0","0","0","0","0"
"F9","09/05/2024","4753","N308FR","PHX","23:30","23:20","-10","0","0","0","0","0"
"F9","09/05/2024","4776","N644FR","LIT","14:29","14:17","-12","0","0","0","0","0"
"F9","09/05/2024","4794","N343FR","FAR","12:00","11:47","-13","0","0","0","0","0"
"F9","09/05/2024","4856","N235FR","IAH","20:40","20:25","-15","0","0","0","0","0"
"F9","09/05/2024","4917","N633FR","SJC","09:08","09:01","-7","0","0","0","0","0"
"F9","09/05/2024","4927","N313FR","SAN","19:56","19:47","-9","0","0","0","0","0"
"F9","09/05/2024","4967","N372FR","LAS","18:45","18:41","-4","0","0","0","0","0"
"F9","09/05/2024","4989","N343FR","SAN","17:42","17:37","-5","0","0","0","0","0"
"F9","09/06/2024","0686","N338FR","DCA","06:44","06:36","-8","0","0","0","0","0"
"F9","09/06/2024","0688","N301FR","DCA","12:46","12:40","-6","0","0","0","0","0"
"F9","09/06/2024","0690","N361FR","DCA","16:33","16:28","-5","0","0","0","0","0"
"F9","09/06/2024","1093","N326FR","SFO","17:19","17:11","-8","0","0","0","0","0"
"F9","09/06/2024","1128","N361FR","OMA","11:25","11:17","-8","0","0","0","0","0"
"F9","09/06/2024","1150","N709FR","MSP","06:03","06:00","-3","0","0","0","0","0"
"F9","09/06/2024","1162","N369FR","HOU","15:31","15:25","-6","0","0","0","0","0"
"F9","09/06/2024","1175","N354FR","SEA","06:00","06:03","3","0","0","0","0","0"
"F9","09/06/2024","1228","N383FR","MDW","19:37","19:49","12","0","0","0","0","0"
"F9","09/06/2024","1248","N723FR","GRR","15:18","15:21","3","0","0","0","0","0"
"F9","09/06/2024","1261","N723FR","ONT","06:00","05:59","-1","0","0","0","0","0"
"F9","09/06/2024","1282","N607FR","MIA","18:01","18:34","33","0","0","0","0","15"
"F9","09/06/2024","1292","N705FR","MSP","21:15","21:47","32","0","0","0","0","24"
"F9","09/06/2024","1324","N607FR","DFW","05:05","04:55","-10","0","0","0","0","0"
"F9","09/06/2024","1362","N711FR","CLT","14:47","14:39","-8","0","0","0","0","0"
"F9","09/06/2024","1402","N359FR","BNA","06:00","05:50","-10","0","0","0","0","0"
"F9","09/06/2024","1450","N606FR","ATL","14:29","14:30","1","1","0","76","0","0"
"F9","09/06/2024","1484","N704FR","ORD","05:01","04:52","-9","0","0","0","0","0"
"F9","09/06/2024","1499","N341FR","ONT","22:38","22:28","-10","0","0","0","0","0"
"F9","09/06/2024","1560","N359FR","MSN","13:17","13:06","-11","0","0","0","0","0"
"F9","09/06/2024","1608","N714FR","MKE","10:36","10:40","4","0","0","0","0","0"
"F9","09/06/2024","1678","N365FR","DSM","15:03","15:43","40","35","0","0","0","0"
"F9","09/06/2024","1734","N343FR","MCO","00:20","00:35","15","0","0","0","0","0"
"F9","09/06/2024","1784","N637FR","BNA","16:34","18:46","132","0","0","0","0","117"
"F9","09/06/2024","1789","N330FR","PDX","06:10","06:08","-2","0","0","0","0","0"
"F9","09/06/2024","1819","N389FR","PHX","08:52","08:38","-14","0","0","0","0","0"
"F9","09/06/2024","1864","N326FR","OKC","11:47","11:50","3","0","0","0","0","0"
"F9","09/06/2024","1918","N705FR","CLE","05:15","05:06","-9","0","0","0","0","0"
"F9","09/06/2024","1993","N322FR","LAS","06:00","05:52","-8","0","0","0","0","0"
"F9","09/06/2024","2015","N323FR","LAS","10:01","09:59","-2","0","0","0","0","0"
"F9","09/06/2024","2108","N702FR","FSD","17:11","17:12","1","0","0","0","0","0"
"F9","09/06/2024","2141","N313FR","PHX","14:46","14:49","3","0","0","0","0","0"
"F9","09/06/2024","2210","N342FR","MDW","08:40","08:29","-11","0","0","0","0","0"
"F9","09/06/2024","2212","N701FR","DTW","16:12","16:33","21","0","21","9","0","0"
"F9","09/06/2024","2261","N701FR","ELP","10:10","10:00","-10","0","0","0","0","0"
"F9","09/06/2024","2341","N625FR","LAX","05:55","05:44","-11","0","0","0","0","0"
"F9","09/06/2024","2348","N653FR","IND","09:05","08:58","-7","0","0","0","0","0"
"F9","09/06/2024","2356","N629FR","SAT","07:00","06:43","-17","0","0","0","0","0"
"F9","09/06/2024","2374","N611FR","TYS","13:43","13:40","-3","0","0","0","0","0"
"F9","09/06/2024","2421","N714FR","SAN","17:55","17:47","-8","0","0","0","0","0"
"F9","09/06/2024","2440","N386FR","RDU","15:13","15:03","-10","0","0","15","0","0"
"F9","09/06/2024","2632","N709FR","DFW","18:05","18:28","23","21","0","0","0","0"
"F9","09/06/2024","2687","N338FR","PDX","22:23","22:36","13","0","0","0","0","0"
"F9","09/06/2024","2746","N629FR","TPA","13:38","14:08","30","0","0","0","0","16"
"F9","09/06/2024","2752","N330FR","BUF","13:16","13:06","-10","0","0","0","0","0"
"F9","09/06/2024","2817","N619FR","SAN","05:38","05:22","-16","0","0","0","0","0"
"F9","09/06/2024","2890","N338FR","AUS","15:54","16:24","30","19","0","0","0","0"
"F9","09/06/2024","2986","N341FR","CLT","05:01","04:57","-4","0","0","0","0","0"
"F9","09/06/2024","3101","N619FR","MSO","14:58","14:53","-5","0","0","22","0","0"
"F9","09/06/2024","3155","N354FR","LAX","13:55","13:52","-3","0","0","0","0","0"
"F9","09/06/2024","3162","N644FR","LGA","15:16","15:09","-7","0","0","0","0","0"
"F9","09/06/2024","3172","N635FR","ORD","21:13","21:03","-10","0","0","0","0","0"
"F9","09/06/2024","3230","N606FR","IAH","07:30","07:19","-11","0","0","0","0","0"
"F9","09/06/2024","3286","N235FR","CVG","08:27","08:17","-10","0","0","0","0","0"
"F9","09/06/2024","3294","N606FR","ATL","23:49","23:50","1","0","0","0","0","0"
"F9","09/06/2024","3302","N365FR","STL","20:28","20:43","15","0","0","0","0","0"
"F9","09/06/2024","3312","N343FR","MCO","10:42","10:36","-6","0","0","0","0","0"
"F9","09/06/2024","3340","N625FR","PHL","23:59","23:46","-13","0","0","0","0","0"
"F9","09/06/2024","3376","N709FR","MCI","12:19","12:06","-13","0","0","0","0","0"
"F9","09/06/2024","3405","N307FR","SEA","18:42","18:31","-11","0","0","0","0","0"
"F9","09/06/2024","3439","N702FR","SFO","22:34","22:41","7","0","0","0","0","0"
"F9","09/06/2024","3467","N308FR","PHX","20:57","20:47","-10","0","0","0","0","0"
"F9","09/06/2024","3539","N723FR","LAS","22:46","22:50","4","0","0","0","0","0"
"F9","09/06/2024","3566","N711FR","DTW","06:35","06:30","-5","0","0","0","0","0"
"F9","09/06/2024","3665","N625FR","SMF","13:05","12:57","-8","0","0","0","0","0"
"F9","09/06/2024","3843","N704FR","LAS","18:33","18:41","8","0","0","0","0","0"
"F9","09/06/2024","3861","N387FR","SLC","06:31","06:21","-10","0","0","0","0","0"
"F9","09/06/2024","3930","N341FR","PNS","13:46","13:40","-6","0","0","0","0","0"
"F9","09/06/2024","3981","N386FR","SLC","10:14","10:15","1","0","0","0","0","0"
"F9","09/06/2024","4070","N607FR","DFW","11:33","11:23","-10","0","0","0","0","0"
"F9","09/06/2024","4251","N389FR","SLC","14:30","14:32","2","0","0","0","0","0"
"F9","09/06/2024","4344","N369FR","XNA","09:49","09:38","-11","0","0","0","0","0"
"F9","09/06/2024","4371","N365FR","SNA","08:24","08:18","-6","0","0","0","0","0"
"F9","09/06/2024","4386","N702FR","CID","10:44","10:35","-9","0","0","0","0","0"
"F9","09/06/2024","4464","N371FR","DFW","07:12","07:00","-12","0","0","0","0","0"
"F9","09/06/2024","4562","N650FR","MSY","18:02","17:54","-8","0","0","0","0","0"
"F9","09/06/2024","4576","N705FR","CMH","13:36","13:32","-4","0","0","0","0","0"
"F9","09/06/2024","4611","N228FR","LAS","20:45","21:34","49","45","0","0","0","0"
"F9","09/06/2024","4626","N644FR","MEM","08:15","08:02","-13","0","0","0","0","0"
"F9","09/06/2024","4721","N330FR","SLC","22:26","22:16","-10","0","0","0","0","0"
"F9","09/06/2024","4753","N369FR","PHX","23:25","23:16","-9","0","0","0","0","0"
"F9","09/06/2024","4765","N387FR","PHX","11:25","11:40","15","6","0","3","0","9"
"F9","09/06/2024","4794","N704FR","FAR","12:32","12:44","12","0","0","0","0","0"
"F9","09/06/2024","4856","N359FR","IAH","20:40","20:37","-3","0","0","0","0","0"
"F9","09/06/2024","4917","N637FR","SJC","09:47","09:41","-6","0","0","0","0","0"
"F9","09/06/2024","4991","N394FR","SAN","20:00","19:53","-7","0","0","0","0","0"
"F9","09/07/2024","0686","N307FR","DCA","06:44","06:35","-9","0","0","0","0","0"
"F9","09/07/2024","0688","N352FR","DCA","12:46","13:10","24","24","0","10","0","0"
"F9","09/07/2024","0690","N307FR","DCA","16:33","16:32","-1","0","0","0","0","0"
"F9","09/07/2024","1093","N702FR","SFO","11:00","10:50","-10","0","0","0","0","0"
"F9","09/07/2024","1128","N605FR","OMA","10:54","10:39","-15","0","0","0","0","0"
"F9","09/07/2024","1150","N650FR","MSP","08:00","07:56","-4","0","0","0","0","0"
"F9","09/07/2024","1175","N653FR","SEA","06:00","05:50","-10","0","0","0","0","0"
"F9","09/07/2024","1248","N714FR","GRR","13:43","13:37","-6","0","0","0","0","0"
"F9","09/07/2024","1261","N395FR","ONT","06:00","05:50","-10","0","0","0","0","0"
"F9","09/07/2024","1280","N361FR","MIA","10:12","10:46","34","34","0","13","0","0"
"F9","09/07/2024","1292","N714FR","MSP","21:15","21:04","-11","0","0","0","0","0"
"F9","09/07/2024","1362","N637FR","CLT","13:55","13:48","-7","0","0","0","0","0"
"F9","09/07/2024","1450","N705FR","ATL","14:29","14:32","3","0","0","0","0","0"
"F9","09/07/2024","1499","N653FR","ONT","22:38","22:38","0","0","0","0","0","0"
"F9","09/07/2024","1560","N723FR","MSN","09:30","09:19","-11","0","0","0","0","0"
"F9","09/07/2024","1678","N395FR","DSM","15:03","14:47","-16","0","0","0","0","0"
"F9","09/07/2024","1734","N711FR","MCO","00:20","00:14","-6","0","0","0","0","0"
"F9","09/07/2024","1784","N704FR","BNA","12:24","12:14","-10","0","0","0","0","0"
"F9","09/07/2024","1789","N359FR","PDX","08:25","08:15","-10","0","0","0","0","0"
"F9","09/07/2024","1819","N308FR","PHX","09:25","09:15","-10","0","0","0","0","0"
"F9","09/07/2024","1864","N612FR","OKC","09:47","09:43","-4","0","0","0","0","0"
"F9","09/07/2024","1993","N328FR","LAS","10:06","09:56","-10","0","0","0","0","0"
"F9","09/07/2024","2015","N704FR","LAS","06:00","05:46","-14","0","0","0","0","0"
"F9","09/07/2024","2105","N389FR","PHX","19:00","20:56","116","0","0","0","0","105"
"F9","09/07/2024","2108","N335FR","FSD","10:04","09:57","-7","0","0","0","0","0"
"F9","09/07/2024","2141","N301FR","PHX","14:45","14:44","-1","0","0","0","0","0"
"F9","09/07/2024","2148","N376FR","DFW","08:44","08:34","-10","0","0","0","0","0"
"F9","09/07/2024","2210","N389FR","MDW","12:00","14:46","166","0","0","0","0","151"
"F9","09/07/2024","2212","N611FR","DTW","15:36","15:31","-5","0","0","0","0","0"
"F9","09/07/2024","2261","N705FR","ELP","08:35","08:28","-7","0","0","0","0","0"
"F9","09/07/2024","2341","N701FR","LAX","05:55","05:47","-8","0","0","0","0","0"
"F9","09/07/2024","2348","N386FR","IND","12:00","11:47","-13","0","0","0","0","0"
"F9","09/07/2024","2356","N714FR","SAT","07:00","06:47","-13","0","0","0","0","0"
"F9","09/07/2024","2429","N610FR","LAS","16:33","16:30","-3","0","0","0","0","0"
"F9","09/07/2024","2440","N335FR","RDU","15:13","15:21","8","0","0","0","0","0"
"F9","09/07/2024","2550","N236FR","DFW","21:16","21:48","32","0","0","0","0","21"
"F9","09/07/2024","2746","N645FR","TPA","13:38","13:58","20","0","0","0","0","0"
"F9","09/07/2024","2817","N644FR","SAN","10:10","10:00","-10","0","0","0","0","0"
"F9","09/07/2024","2890","N359FR","AUS","15:54","15:45","-9","0","0","0","0","0"
"F9","09/07/2024","3155","N653FR","LAX","13:55","14:04","9","0","0","0","0","0"
"F9","09/07/2024","3162","N612FR","LGA","15:16","15:29","13","0","0","0","0","0"
"F9","09/07/2024","3174","N619FR","ORD","19:24","19:27","3","0","0","0","0","0"
"F9","09/07/2024","3206","N611FR","IAH","08:25","08:18","-7","0","0","0","0","0"
"F9","09/07/2024","3286","N330FR","CVG","08:27","08:18","-9","0","0","0","0","0"
"F9","09/07/2024","3294","N705FR","ATL","23:49","23:45","-4","0","0","0","0","0"
"F9","09/07/2024","3302","N309FR","STL","20:28","20:18","-10","0","0","0","0","0"
"F9","09/07/2024","3312","N326FR","MCO","10:34","10:35","1","0","0","0","0","0"
"F9","09/07/2024","3340","N637FR","PHL","23:59","00:40","41","41","0","3","0","0"
"F9","09/07/2024","3376","N723FR","MCI","16:57","16:51","-6","0","0","0","0","0"
"F9","09/07/2024","3405","N644FR","SEA","18:42","18:35","-7","0","0","0","0","0"
"F9","09/07/2024","3439","N605FR","SFO","22:45","22:40","-5","0","0","0","0","0"
"F9","09/07/2024","3467","N387FR","PHX","21:30","21:26","-4","0","0","0","0","0"
"F9","09/07/2024","3539","N704FR","LAS","22:46","22:40","-6","0","0","0","0","0"
"F9","09/07/2024","3665","N701FR","SMF","13:30","13:23","-7","0","0","0","0","0"
"F9","09/07/2024","3843","N702FR","LAS","18:35","18:43","8","0","0","0","0","0"
"F9","09/07/2024","3930","N331FR","PNS","08:54","08:42","-12","0","0","0","0","0"
"F9","09/07/2024","3981","N338FR","SLC","11:30","11:31","1","0","0","0","0","0"
"F9","09/07/2024","4070","N376FR","DFW","14:55","14:55","0","0","0","0","0","0"
"F9","09/07/2024","4249","N338FR","SLC","18:31","18:41","10","0","0","0","0","0"
"F9","09/07/2024","4349","N386FR","PDX","22:23","22:23","0","0","0","0","0","0"
"F9","09/07/2024","4371","N341FR","SNA","11:50","11:38","-12","0","0","0","0","0"
"F9","09/07/2024","4386","N605FR","CID","16:22","16:07","-15","0","0","0","0","0"
"F9","09/07/2024","4464","N350FR","DFW","17:45","17:31","-14","0","0","0","0","0"
"F9","09/07/2024","4721","N352FR","SLC","22:26","22:27","1","0","0","0","0","0"
"F9","09/07/2024","4765","N313FR","PHX","12:04","11:54","-10","0","0","0","0","0"
"F9","09/07/2024","4794","N650FR","FAR","14:14","14:05","-9","0","0","0","0","0"
"F9","09/07/2024","4856","N313FR","IAH","20:40","20:29","-11","0","0","0","0","0"
"F9","09/07/2024","4927","N382FR","SAN","12:10","12:07","-3","0","0","0","0","0"
"F9","09/07/2024","4989","N331FR","SAN","16:49","16:39","-10","0","0","0","0","0"
"F9","09/08/2024","0686","N395FR","DCA","06:44","06:37","-7","0","0","0","0","0"
"F9","09/08/2024","0688","N359FR","DCA","12:46","12:40","-6","0","0","0","0","0"
"F9","09/08/2024","0690","N335FR","DCA","16:33","16:26","-7","0","0","0","0","0"
"F9","09/08/2024","1093","N341FR","SFO","17:33","17:37","4","0","0","0","0","0"
"F9","09/08/2024","1128","N605FR","OMA","10:44","10:31","-13","0","0","0","0","0"
"F9","09/08/2024","1162","N348FR","HOU","15:37","15:35","-2","0","0","0","0","0"
"F9","09/08/2024","1175","N704FR","SEA","06:00","05:58","-2","0","0","0","0","0"
"F9","09/08/2024","1248","N644FR","GRR","15:18","15:14","-4","0","0","0","0","0"
"F9","09/08/2024","1261","N644FR","ONT","06:00","05:51","-9","0","0","0","0","0"
"F9","09/08/2024","1280","N723FR","MIA","06:00","05:57","-3","0","0","0","0","0"
"F9","09/08/2024","1324","N701FR","DFW","05:30","05:24","-6","0","0","0","0","0"
"F9","09/08/2024","1362","N606FR","CLT","14:58","14:52","-6","0","0","0","0","0"
"F9","09/08/2024","1375","N359FR","PHX","06:45","06:36","-9","0","0","0","0","0"
"F9","09/08/2024","1402","N638FR","BNA","05:50","05:42","-8","0","0","0","0","0"
"F9","09/08/2024","1450","N712FR","ATL","13:38","13:55","17","17","0","3","0","0"
"F9","09/08/2024","1484","N331FR","ORD","05:01","04:53","-8","0","0","0","0","0"
"F9","09/08/2024","1499","N704FR","ONT","22:38","23:10","32","24","0","0","0","0"
"F9","09/08/2024","1560","N716FR","MSN","12:30","12:51","21","17","0","0","0","0"
"F9","09/08/2024","1608","N352FR","MKE","08:24","08:11","-13","0","0","0","0","0"
"F9","09/08/2024","1678","N304FR","DSM","14:50","14:48","-2","0","0","0","0","0"
"F9","09/08/2024","1734","N373FR","MCO","00:20","00:12","-8","0","0","0","0","0"
"F9","09/08/2024","1752","N233FR","CVG","18:47","18:41","-6","0","0","0","0","0"
"F9","09/08/2024","1784","N702FR","BNA","13:56","13:49","-7","0","0","0","0","0"
"F9","09/08/2024","1789","N304FR","PDX","07:48","07:29","-19","0","0","0","0","0"
"F9","09/08/2024","1816","N716FR","AUS","05:55","05:45","-10","0","0","0","0","0"
"F9","09/08/2024","1819","N388FR","PHX","08:52","08:44","-8","0","0","0","0","0"
"F9","09/08/2024","1864","N348FR","OKC","10:26","10:14","-12","0","0","0","0","0"
"F9","09/08/2024","1918","N638FR","CLE","13:30","13:20","-10","0","0","0","0","0"
"F9","09/08/2024","1993","N307FR","LAS","10:06","09:56","-10","0","0","0","0","0"
"F9","09/08/2024","2108","N308FR","FSD","10:04","09:54","-10","0","0","0","0","0"
"F9","09/08/2024","2141","N334FR","PHX","14:40","14:44","4","0","0","0","0","0"
"F9","09/08/2024","2210","N386FR","MDW","10:30","10:23","-7","0","0","0","0","0"
"F9","09/08/2024","2212","N723FR","DTW","16:28","16:22","-6","0","0","0","0","0"
"F9","09/08/2024","2226","N718FR","RDU","07:30","07:25","-5","0","0","17","0","0"
"F9","09/08/2024","2261","N714FR","ELP","08:35","08:26","-9","0","0","0","0","0"
"F9","09/08/2024","2341","N611FR","LAX","05:55","05:46","-9","0","0","0","0","0"
"F9","09/08/2024","2348","N702FR","IND","06:31","06:20","-11","0","0","0","0","0"
"F9","09/08/2024","2349","N366FR","LAS","12:11","12:00","-11","0","0","0","0","0"
"F9","09/08/2024","2356","N653FR","SAT","11:00","10:52","-8","0","0","0","0","0"
"F9","09/08/2024","2360","N612FR","MSY","06:00","05:52","-8","0","0","0","0","0"
"F9","09/08/2024","2421","N653FR","SAN","17:52","17:40","-12","0","0","0","0","0"
"F9","09/08/2024","2429","N610FR","LAS","16:33","16:25","-8","0","0","0","0","0"
"F9","09/08/2024","2440","N308FR","RDU","15:13","15:04","-9","0","0","0","0","0"
"F9","09/08/2024","2632","N701FR","DFW","18:29","18:53","24","0","0","0","0","20"
"F9","09/08/2024","2687","N712FR","PDX","22:13","22:15","2","0","0","0","0","0"
"F9","09/08/2024","2706","N341FR","BWI","08:11","08:01","-10","0","0","0","0","0"
"F9","09/08/2024","2746","N612FR","TPA","13:38","13:41","3","0","0","0","0","0"
"F9","09/08/2024","2817","N606FR","SAN","05:38","05:23","-15","0","0","0","0","0"
"F9","09/08/2024","2890","N386FR","AUS","17:35","17:42","7","0","0","0","0","0"
"F9","09/08/2024","3155","N704FR","LAX","13:55","13:52","-3","0","0","40","0","0"
"F9","09/08/2024","3162","N650FR","LGA","15:16","15:10","-6","0","0","0","0","0"
"F9","09/08/2024","3174","N309FR","ORD","20:18","21:01","43","0","0","0","0","32"
"F9","09/08/2024","3200","N331FR","MSP","19:12","18:54","-18","0","0","0","0","0"
"F9","09/08/2024","3230","N233FR","IAH","05:05","04:49","-16","0","0","17","0","0"
"F9","09/08/2024","3286","N620FR","CVG","08:37","08:31","-6","0","0","0","0","0"
"F9","09/08/2024","3294","N611FR","ATL","23:49","23:46","-3","0","0","0","0","0"
"F9","09/08/2024","3302","N304FR","STL","20:14","20:33","19","0","0","0","0","0"
"F9","09/08/2024","3312","N641FR","MCO","09:05","09:05","0","0","0","0","0","0"
"F9","09/08/2024","3340","N352FR","PHL","23:59","23:48","-11","0","0","0","0","0"
"F9","09/08/2024","3374","N716FR","MCI","19:18","19:06","-12","0","0","0","0","0"
"F9","09/08/2024","3405","N702FR","SEA","18:42","21:46","184","0","0","0","0","166"
"F9","09/08/2024","3439","N605FR","SFO","22:35","22:34","-1","0","0","0","0","0"
"F9","09/08/2024","3467","N301FR","PHX","20:05","19:57","-8","0","0","0","0","0"
"F9","09/08/2024","3665","N611FR","SMF","13:10","13:10","0","0","0","0","0","0"
"F9","09/08/2024","3930","N352FR","PNS","15:16","15:00","-16","0","0","0","0","0"
"F9","09/08/2024","3949","N638FR","LAS","22:42","22:35","-7","0","0","0","0","0"
"F9","09/08/2024","3981","N335FR","SLC","11:25","11:18","-7","0","0","0","0","0"
"F9","09/08/2024","4070","N701FR","DFW","11:58","11:56","-2","0","0","0","0","0"
"F9","09/08/2024","4251","N718FR","SLC","17:05","16:59","-6","0","0","0","0","0"
"F9","09/08/2024","4344","N331FR","XNA","13:08","12:55","-13","0","0","0","0","0"
"F9","09/08/2024","4371","N233FR","SNA","12:02","12:11","9","0","0","0","0","0"
"F9","09/08/2024","4374","N650FR","PIT","06:31","06:21","-10","0","0","0","0","0"
"F9","09/08/2024","4386","N605FR","CID","16:12","16:34","22","0","0","0","0","17"
"F9","09/08/2024","4464","N313FR","DFW","08:09","07:54","-15","0","0","50","0","0"
"F9","09/08/2024","4616","N714FR","MSP","21:15","21:03","-12","0","0","0","0","0"
"F9","09/08/2024","4721","N359FR","SLC","22:26","22:16","-10","0","0","20","0","0"
"F9","09/08/2024","4753","N387FR","PHX","23:30","00:15","45","0","0","0","0","27"
"F9","09/08/2024","4776","N714FR","LIT","14:29","14:21","-8","0","0","0","0","0"
"F9","09/08/2024","4794","N395FR","FAR","15:54","15:44","-10","0","0","0","0","0"
"F9","09/08/2024","4856","N365FR","IAH","20:40","20:31","-9","0","0","0","0","0"
"F9","09/08/2024","4917","N705FR","SJC","09:08","09:01","-7","0","0","0","0","0"
"F9","09/08/2024","4967","N324FR","LAS","18:45","19:09","24","0","0","0","0","0"
"F9","09/08/2024","4989","N346FR","SAN","19:56","19:57","1","0","0","0","0","0"
"F9","09/09/2024","0686","N331FR","DCA","06:44","06:39","-5","0","0","0","0","0"
"F9","09/09/2024","0688","N324FR","DCA","12:46","12:48","2","0","0","0","0","0"
"F9","09/09/2024","0690","N348FR","DCA","16:33","17:04","31","17","0","0","0","0"
"F9","09/09/2024","1093","N386FR","SFO","16:49","16:44","-5","0","0","0","0","0"
"F9","09/09/2024","1150","N723FR","MSP","07:00","06:58","-2","0","0","0","0","0"
"F9","09/09/2024","1162","N346FR","HOU","15:49","16:18","29","2","0","8","0","27"
"F9","09/09/2024","1175","N653FR","SEA","06:00","05:54","-6","0","0","0","0","0"
"F9","09/09/2024","1228","N368FR","MDW","18:41","18:36","-5","0","0","0","0","0"
"F9","09/09/2024","1248","N723FR","GRR","13:14","13:09","-5","0","0","0","0","0"
"F9","09/09/2024","1261","N638FR","ONT","06:00","05:53","-7","0","0","0","0","0"
"F9","09/09/2024","1282","N718FR","MIA","18:01","18:01","0","0","0","0","0","0"
"F9","09/09/2024","1292","N716FR","MSP","20:57","20:55","-2","0","0","0","0","0"
"F9","09/09/2024","1362","N650FR","CLT","13:43","13:35","-8","0","0","67","0","0"
"F9","09/09/2024","1402","N716FR","BNA","06:40","06:29","-11","0","0","0","0","0"
"F9","09/09/2024","1450","N702FR","ATL","13:35","13:36","1","0","0","0","0","0"
"F9","09/09/2024","1484","N702FR","ORD","06:00","05:51","-9","0","0","0","0","0"
"F9","09/09/2024","1499","N346FR","ONT","22:38","01:04","146","6","0","0","0","133"
"F9","09/09/2024","1560","N706FR","MSN","15:44","15:41","-3","0","0","0","0","0"
"F9","09/09/2024","1608","N712FR","MKE","10:36","10:41","5","0","0","0","0","0"
"F9","09/09/2024","1678","N359FR","DSM","15:03","14:54","-9","0","0","0","0","0"
"F9","09/09/2024","1734","N614FR","MCO","00:12","01:01","49","22","0","0","0","0"
"F9","09/09/2024","1784","N638FR","BNA","15:30","15:30","0","0","0","0","0","0"
"F9","09/09/2024","1789","N365FR","PDX","08:46","08:41","-5","0","0","0","0","0"
"F9","09/09/2024","1819","N376FR","PHX","08:52","08:43","-9","0","0","0","0","0"
"F9","09/09/2024","1864","N386FR","OKC","11:37","11:30","-7","0","0","0","0","0"
"F9","09/09/2024","1874","N605FR","OMA","17:11","17:07","-4","0","0","0","0","0"
"F9","09/09/2024","1918","N650FR","CLE","05:15","05:02","-13","0","0","0","0","0"
"F9","09/09/2024","1993","N382FR","LAS","10:06","09:53","-13","0","0","0","0","0"
"F9","09/09/2024","2015","N324FR","LAS","06:00","05:54","-6","0","0","0","0","0"
"F9","09/09/2024","2105","N228FR","PHX","15:20","15:29","9","0","0","0","0","0"
"F9","09/09/2024","2108","N335FR","FSD","10:04","09:54","-10","0","0","0","0","0"
"F9","09/09/2024","2141","N308FR","PHX","11:25","11:19","-6","0","0","0","0","0"
"F9","09/09/2024","2148","N636FR","DFW","07:22","07:10","-12","0","0","0","0","0"
"F9","09/09/2024","2210","N362FR","MDW","08:40","08:50","10","0","0","0","0","0"
"F9","09/09/2024","2212","N704FR","DTW","16:14","16:27","13","0","0","0","0","0"
"F9","09/09/2024","2261","N706FR","ELP","09:48","09:35","-13","0","0","0","0","0"
"F9","09/09/2024","2341","N644FR","LAX","05:55","05:47","-8","0","0","0","0","0"
"F9","09/09/2024","2348","N705FR","IND","09:05","08:53","-12","0","0","0","0","0"
"F9","09/09/2024","2356","N341FR","SAT","07:05","06:53","-12","0","0","0","0","0"
"F9","09/09/2024","2374","N395FR","TYS","13:46","13:39","-7","0","0","0","0","0"
"F9","09/09/2024","2421","N712FR","SAN","18:00","17:53","-7","0","0","0","0","0"
"F9","09/09/2024","2440","N335FR","RDU","15:13","15:04","-9","0","0","0","0","0"
"F9","09/09/2024","2632","N613FR","DFW","18:05","17:54","-11","0","0","0","0","0"
"F9","09/09/2024","2687","N331FR","PDX","22:43","22:42","-1","0","0","0","0","0"
"F9","09/09/2024","2746","N630FR","TPA","13:38","13:42","4","0","0","0","0","0"
"F9","09/09/2024","2752","N341FR","BUF","13:21","13:20","-1","0","0","0","0","0"
"F9","09/09/2024","2817","N389FR","SAN","05:38","05:28","-10","0","0","0","0","0"
"F9","09/09/2024","2890","N331FR","AUS","16:14","16:03","-11","0","0","0","0","0"
"F9","09/09/2024","2986","N395FR","CLT","05:01","04:49","-12","0","0","0","0","0"
"F9","09/09/2024","3101","N716FR","MSO","14:22","14:15","-7","0","0","0","0","0"
"F9","09/09/2024","3155","N653FR","LAX","13:55","14:02","7","0","0","0","0","0"
"F9","09/09/2024","3162","N714FR","LGA","15:16","15:23","7","0","0","0","0","0"
"F9","09/09/2024","3172","N653FR","ORD","21:13","21:24","11","0","0","0","0","0"
"F9","09/09/2024","3206","N384FR","IAH","05:25","05:16","-9","0","0","0","0","0"
"F9","09/09/2024","3286","N338FR","CVG","08:27","08:21","-6","0","0","0","0","0"
"F9","09/09/2024","3294","N644FR","ATL","23:49","00:22","33","0","0","0","0","0"
"F9","09/09/2024","3302","N395FR","STL","21:31","21:23","-8","0","0","0","0","0"
"F9","09/09/2024","3312","N353FR","MCO","10:39","10:39","0","0","0","0","0","0"
"F9","09/09/2024","3340","N386FR","PHL","23:59","23:56","-3","0","0","0","0","0"
"F9","09/09/2024","3376","N705FR","MCI","16:33","16:28","-5","0","0","0","0","0"
"F9","09/09/2024","3407","N384FR","SEA","18:12","18:05","-7","0","0","0","0","0"
"F9","09/09/2024","3439","N723FR","SFO","22:35","22:26","-9","0","0","0","0","0"
"F9","09/09/2024","3467","N624FR","PHX","21:10","21:21","11","0","0","0","0","0"
"F9","09/09/2024","3539","N605FR","LAS","22:46","22:50","4","0","0","0","0","0"
"F9","09/09/2024","3566","N701FR","DTW","06:00","06:05","5","0","0","0","0","0"
"F9","09/09/2024","3665","N644FR","SMF","13:04","12:58","-6","0","0","0","0","0"
"F9","09/09/2024","3843","N390FR","LAS","17:54","17:57","3","0","0","0","0","0"
"F9","09/09/2024","3861","N386FR","SLC","06:30","06:20","-10","0","0","0","0","0"
"F9","09/09/2024","3930","N389FR","PNS","14:58","15:00","2","0","0","0","0","0"
"F9","09/09/2024","3981","N346FR","SLC","11:25","11:23","-2","0","0","0","0","0"
"F9","09/09/2024","4070","N718FR","DFW","11:33","12:00","27","0","0","0","0","0"
"F9","09/09/2024","4251","N376FR","SLC","14:29","14:20","-9","0","0","0","0","0"
"F9","09/09/2024","4344","N704FR","XNA","10:09","10:03","-6","0","0","0","0","0"
"F9","09/09/2024","4371","N359FR","SNA","08:24","08:19","-5","0","0","0","0","0"
"F9","09/09/2024","4386","N605FR","CID","10:44","10:39","-5","0","0","0","0","0"
"F9","09/09/2024","4464","N718FR","DFW","05:05","06:08","63","63","0","11","0","0"
"F9","09/09/2024","4576","N701FR","CMH","14:18","14:13","-5","0","0","0","0","0"
"F9","09/09/2024","4611","N606FR","LAS","20:45","20:54","9","0","0","0","0","0"
"F9","09/09/2024","4626","N714FR","MEM","08:15","08:01","-14","0","0","0","0","0"
"F9","09/09/2024","4721","N324FR","SLC","22:26","22:21","-5","0","0","0","0","0"
"F9","09/09/2024","4753","N389FR","PHX","23:25","23:40","15","0","0","0","0","0"
"F9","09/09/2024","4794","N384FR","FAR","12:12","12:00","-12","0","0","0","0","0"
"F9","09/09/2024","4856","N359FR","IAH","20:40","20:38","-2","0","0","0","0","0"
"F9","09/09/2024","4917","N606FR","SJC","09:47","09:41","-6","0","0","0","0","0"
"F9","09/09/2024","4991","N377FR","SAN","20:01","19:48","-13","0","0","0","0","0"
"F9","09/10/2024","0686","N365FR","DCA","06:44","06:37","-7","0","0","0","0","0"
"F9","09/10/2024","0688","N331FR","DCA","12:46","12:41","-5","0","0","0","0","0"
"F9","09/10/2024","0690","N348FR","DCA","16:33","16:23","-10","0","0","0","0","0"
"F9","09/10/2024","1093","N702FR","SFO","11:00","10:55","-5","0","0","0","0","0"
"F9","09/10/2024","1128","N712FR","OMA","10:44","10:32","-12","0","0","0","0","0"
"F9","09/10/2024","1150","N644FR","MSP","09:30","09:23","-7","0","0","0","0","0"
"F9","09/10/2024","1175","N714FR","SEA","06:00","05:50","-10","0","0","0","0","0"
"F9","09/10/2024","1261","N716FR","ONT","08:45","08:43","-2","0","0","0","0","0"
"F9","09/10/2024","1362","N638FR","CLT","13:11","13:05","-6","0","0","0","0","0"
"F9","09/10/2024","1375","N641FR","PHX","07:00","06:48","-12","0","0","0","0","0"
"F9","09/10/2024","1402","N616FR","BNA","12:24","12:11","-13","0","0","0","0","0"
"F9","09/10/2024","1499","N638FR","ONT","22:38","22:27","-11","0","0","0","0","0"
"F9","09/10/2024","1560","N335FR","MSN","12:24","12:12","-12","0","0","0","0","0"
"F9","09/10/2024","1734","N701FR","MCO","00:20","01:38","78","0","0","0","0","64"
"F9","09/10/2024","1789","N324FR","PDX","08:25","08:19","-6","0","0","0","0","0"
"F9","09/10/2024","1819","N384FR","PHX","09:01","09:00","-1","0","0","0","0","0"
"F9","09/10/2024","1864","N633FR","OKC","14:23","14:19","-4","0","0","0","0","0"
"F9","09/10/2024","2015","N619FR","LAS","06:00","05:54","-6","0","0","0","0","0"
"F9","09/10/2024","2105","N228FR","PHX","22:59","22:49","-10","0","0","0","0","0"
"F9","09/10/2024","2108","N372FR","FSD","10:04","09:54","-10","0","0","0","0","0"
"F9","09/10/2024","2141","N389FR","PHX","13:54","13:50","-4","0","0","0","0","0"
"F9","09/10/2024","2150","N339FR","DFW","08:09","07:55","-14","0","0","0","0","0"
"F9","09/10/2024","2210","N358FR","MDW","12:23","12:13","-10","0","0","0","0","0"
"F9","09/10/2024","2212","N716FR","DTW","15:40","15:47","7","0","0","0","0","0"
"F9","09/10/2024","2261","N706FR","ELP","15:49","16:06","17","0","0","0","0","0"
"F9","09/10/2024","2341","N638FR","LAX","05:55","05:45","-10","0","0","0","0","0"
"F9","09/10/2024","2348","N723FR","IND","12:00","12:12","12","0","0","0","0","0"
"F9","09/10/2024","2356","N633FR","SAT","07:45","07:34","-11","0","0","0","0","0"
"F9","09/10/2024","2429","N719FR","LAS","15:19","15:17","-2","0","0","0","0","0"
"F9","09/10/2024","2440","N372FR","RDU","15:13","15:10","-3","0","0","0","0","0"
"F9","09/10/2024","2632","N346FR","DFW","18:22","18:16","-6","0","0","0","0","0"
"F9","09/10/2024","2687","N369FR","PDX","22:23","22:22","-1","0","0","0","0","0"
"F9","09/10/2024","2746","N650FR","TPA","11:25","11:17","-8","0","0","0","0","0"
"F9","09/10/2024","2890","N324FR","AUS","15:54","15:37","-17","0","0","0","0","0"
"F9","09/10/2024","3155","N714FR","LAX","13:55","14:02","7","0","0","0","0","0"
"F9","09/10/2024","3162","N611FR","LGA","15:16","15:53","37","0","0","0","0","33"
"F9","09/10/2024","3174","N653FR","ORD","19:24","19:15","-9","0","0","0","0","0"
"F9","09/10/2024","3206","N611FR","IAH","08:36","08:23","-13","0","0","0","0","0"
"F9","09/10/2024","3286","N235FR","CVG","08:27","08:22","-5","0","0","0","0","0"
"F9","09/10/2024","3294","N706FR","ATL","23:49","23:41","-8","0","0","0","0","0"
"F9","09/10/2024","3310","N616FR","STL","20:14","20:03","-11","0","0","0","0","0"
"F9","09/10/2024","3312","N360FR","MCO","10:21","10:19","-2","0","0","0","0","0"
"F9","09/10/2024","3340","N354FR","PHL","23:12","22:56","-16","0","0","0","0","0"
"F9","09/10/2024","3376","N612FR","MCI","14:29","14:27","-2","0","0","0","0","0"
"F9","09/10/2024","3405","N613FR","SEA","17:21","17:49","28","21","0","0","0","0"
"F9","09/10/2024","3439","N712FR","SFO","22:35","00:19","104","95","0","0","0","0"
"F9","09/10/2024","3467","N389FR","PHX","20:03","20:24","21","0","0","0","0","17"
"F9","09/10/2024","3981","N348FR","SLC","11:25","11:16","-9","0","0","0","0","0"
"F9","09/10/2024","4070","N232FR","DFW","13:56","14:11","15","15","0","19","0","0"
"F9","09/10/2024","4251","N228FR","SLC","13:58","13:48","-10","0","0","0","0","0"
"F9","09/10/2024","4371","N359FR","SNA","09:47","09:41","-6","0","0","0","0","0"
"F9","09/10/2024","4386","N712FR","CID","16:12","16:01","-11","0","0","0","0","0"
"F9","09/10/2024","4611","N635FR","LAS","22:42","22:35","-7","0","0","0","0","0"
"F9","09/10/2024","4616","N714FR","MSP","21:15","21:04","-11","0","0","0","0","0"
"F9","09/10/2024","4721","N392FR","SLC","22:26","22:16","-10","0","0","0","0","0"
"F9","09/10/2024","4794","N346FR","FAR","11:29","11:14","-15","0","0","0","0","0"
"F9","09/10/2024","4856","N335FR","IAH","20:40","20:33","-7","0","0","0","0","0"
"F9","09/10/2024","4927","N704FR","SAN","09:45","09:36","-9","0","0","0","0","0"
"F9","09/10/2024","4967","N702FR","LAS","18:35","18:28","-7","0","0","0","0","0"
"F9","09/10/2024","4989","N365FR","SAN","17:14","17:04","-10","0","0","0","0","0"
"F9","09/11/2024","0686","N365FR","DCA","06:44","06:36","-8","0","0","0","0","0"
"F9","09/11/2024","0688","N362FR","DCA","12:46","14:04","78","78","0","6","0","0"
"F9","09/11/2024","0690","N369FR","DCA","16:33","16:41","8","0","0","0","0","0"
"F9","09/11/2024","1093","N706FR","SFO","11:00","10:59","-1","0","0","0","0","0"
"F9","09/11/2024","1128","N712FR","OMA","10:44","10:38","-6","0","0","0","0","0"
"F9","09/11/2024","1150","N723FR","MSP","08:55","08:44","-11","0","0","0","0","0"
"F9","09/11/2024","1175","N634FR","SEA","06:00","05:50","-10","0","0","0","0","0"
"F9","09/11/2024","1261","N611FR","ONT","08:20","08:13","-7","0","0","0","0","0"
"F9","09/11/2024","1292","N634FR","MSP","21:15","21:22","7","0","0","0","0","0"
"F9","09/11/2024","1362","N633FR","CLT","13:44","13:44","0","0","0","0","0","0"
"F9","09/11/2024","1375","N317FR","PHX","07:00","06:45","-15","0","0","0","0","0"
"F9","09/11/2024","1499","N714FR","ONT","22:38","22:50","12","0","0","0","0","0"
"F9","09/11/2024","1560","N613FR","MSN","13:04","12:49","-15","0","0","0","0","0"
"F9","09/11/2024","1678","N335FR","DSM","15:19","15:15","-4","0","0","0","0","0"
"F9","09/11/2024","1734","N612FR","MCO","00:20","00:13","-7","0","0","0","0","0"
"F9","09/11/2024","1784","N635FR","BNA","12:24","12:40","16","0","0","0","0","0"
"F9","09/11/2024","1789","N392FR","PDX","08:25","08:26","1","0","0","0","0","0"
"F9","09/11/2024","1816","N365FR","AUS","15:54","15:50","-4","0","0","0","0","0"
"F9","09/11/2024","1819","N228FR","PHX","09:01","08:56","-5","0","0","0","0","0"
"F9","09/11/2024","1864","N372FR","OKC","11:37","11:27","-10","0","0","0","0","0"
"F9","09/11/2024","2015","N635FR","LAS","06:00","05:50","-10","0","0","0","0","0"
"F9","09/11/2024","2105","N392FR","PHX","20:03","20:04","1","0","0","0","0","0"
"F9","09/11/2024","2108","N235FR","FSD","10:02","09:52","-10","0","0","0","0","0"
"F9","09/11/2024","2141","N389FR","PHX","13:54","13:46","-8","0","0","0","0","0"
"F9","09/11/2024","2210","N331FR","MDW","12:28","12:57","29","18","0","0","0","0"
"F9","09/11/2024","2212","N341FR","DTW","15:36","15:31","-5","0","0","0","0","0"
"F9","09/11/2024","2261","N714FR","ELP","08:35","08:50","15","0","0","0","0","0"
"F9","09/11/2024","2341","N613FR","LAX","05:55","05:43","-12","0","0","0","0","0"
"F9","09/11/2024","2348","N716FR","IND","08:00","07:49","-11","0","0","0","0","0"
"F9","09/11/2024","2356","N704FR","SAT","07:10","06:54","-16","0","0","0","0","0"
"F9","09/11/2024","2429","N644FR","LAS","15:19","17:58","159","0","0","150","0","8"
"F9","09/11/2024","2440","N235FR","RDU","15:11","15:15","4","0","0","0","0","0"
"F9","09/11/2024","2632","N372FR","DFW","18:17","18:21","4","4","0","22","0","0"
"F9","09/11/2024","2746","N638FR","TPA","11:25","11:26","1","0","0","0","0","0"
"F9","09/11/2024","3155","N634FR","LAX","13:55","14:02","7","0","0","0","0","0"
"F9","09/11/2024","3162","N723FR","LGA","15:16","15:16","0","0","0","27","0","0"
"F9","09/11/2024","3172","N641FR","ORD","19:24","19:16","-8","0","0","0","0","0"
"F9","09/11/2024","3230","N644FR","IAH","08:25","08:15","-10","0","0","0","0","0"
"F9","09/11/2024","3286","N359FR","CVG","08:27","08:21","-6","0","0","0","0","0"
"F9","09/11/2024","3294","N631FR","ATL","23:49","23:45","-4","0","0","0","0","0"
"F9","09/11/2024","3306","N335FR","STL","20:44","20:58","14","0","0","21","0","14"
"F9","09/11/2024","3312","N626FR","MCO","10:21","10:17","-4","0","0","0","0","0"
"F9","09/11/2024","3340","N352FR","PHL","23:59","23:51","-8","0","0","0","0","0"
"F9","09/11/2024","3376","N704FR","MCI","13:46","13:31","-15","0","0","0","0","0"
"F9","09/11/2024","3405","N616FR","SEA","17:23","19:07","104","0","0","15","0","104"
"F9","09/11/2024","3439","N633FR","SFO","22:35","22:56","21","21","0","4","0","0"
"F9","09/11/2024","3539","N702FR","LAS","22:46","22:41","-5","0","0","0","0","0"
"F9","09/11/2024","3930","N631FR","PNS","14:19","14:25","6","0","0","0","0","0"
"F9","09/11/2024","3981","N369FR","SLC","11:25","11:14","-11","0","0","0","0","0"
"F9","09/11/2024","4070","N307FR","DFW","13:56","13:56","0","0","0","0","0","0"
"F9","09/11/2024","4251","N303FR","SLC","14:00","14:00","0","0","0","0","0","0"
"F9","09/11/2024","4344","N716FR","XNA","15:25","15:22","-3","0","0","0","0","0"
"F9","09/11/2024","4349","N365FR","PDX","22:23","22:24","1","0","0","0","0","0"
"F9","09/11/2024","4371","N348FR","SNA","09:47","09:40","-7","0","0","0","0","0"
"F9","09/11/2024","4386","N702FR","CID","16:12","16:01","-11","0","0","0","0","0"
"F9","09/11/2024","4464","N358FR","DFW","08:09","08:00","-9","0","0","0","0","0"
"F9","09/11/2024","4626","N335FR","MEM","08:40","08:30","-10","0","0","0","0","0"
"F9","09/11/2024","4721","N362FR","SLC","22:26","23:15","49","0","0","0","0","44"
"F9","09/11/2024","4753","N348FR","PHX","22:59","23:17","18","0","0","0","0","0"
"F9","09/11/2024","4794","N714FR","FAR","14:29","14:27","-2","0","0","0","0","0"
"F9","09/11/2024","4856","N329FR","IAH","20:40","20:42","2","0","0","0","0","0"
"F9","09/11/2024","4927","N615FR","SAN","10:15","10:11","-4","0","0","0","0","0"
"F9","09/11/2024","4967","N706FR","LAS","18:35","22:36","241","237","0","0","0","0"
"F9","09/11/2024","4989","N316FR","SAN","16:49","16:55","6","0","0","0","0","0"
"F9","09/12/2024","0686","N389FR","DCA","06:44","06:36","-8","0","0","0","0","0"
"F9","09/12/2024","0688","N305FR","DCA","12:46","12:53","7","0","0","0","0","0"
"F9","09/12/2024","0690","N235FR","DCA","16:33","18:13","100","29","0","3","0","71"
"F9","09/12/2024","1093","N329FR","SFO","17:33","18:44","71","71","0","33","0","0"
"F9","09/12/2024","1128","N633FR","OMA","10:44","10:38","-6","0","0","0","0","0"
"F9","09/12/2024","1162","N362FR","HOU","08:24","08:48","24","0","0","0","0","0"
"F9","09/12/2024","1175","N616FR","SEA","06:00","05:54","-6","0","0","0","0","0"
"F9","09/12/2024","1248","N704FR","GRR","15:04","15:08","4","0","0","0","0","0"
"F9","09/12/2024","1261","N716FR","ONT","06:00","06:22","22","22","0","15","0","0"
"F9","09/12/2024","1282","N607FR","MIA","18:01","18:02","1","0","0","0","0","0"
"F9","09/12/2024","1324","N611FR","DFW","05:05","04:55","-10","0","0","0","0","0"
"F9","09/12/2024","1362","N654FR","CLT","13:44","14:04","20","20","0","10","0","0"
"F9","09/12/2024","1375","N305FR","PHX","06:45","06:35","-10","0","0","0","0","0"
"F9","09/12/2024","1402","N613FR","BNA","05:50","05:40","-10","0","0","0","0","0"
"F9","09/12/2024","1450","N619FR","ATL","14:33","14:33","0","0","0","0","0","0"
"F9","09/12/2024","1484","N619FR","ORD","07:00","06:49","-11","0","0","0","0","0"
"F9","09/12/2024","1499","N702FR","ONT","22:38","23:19","41","41","0","23","0","0"
"F9","09/12/2024","1560","N712FR","MSN","13:20","13:07","-13","0","0","0","0","0"
"F9","09/12/2024","1608","N303FR","MKE","07:57","07:43","-14","0","0","0","0","0"
"F9","09/12/2024","1678","N303FR","DSM","14:50","15:10","20","0","16","0","0","0"
"F9","09/12/2024","1734","N341FR","MCO","00:20","00:22","2","2","0","13","0","0"
"F9","09/12/2024","1752","N396FR","CVG","18:47","19:16","29","0","0","0","0","21"
"F9","09/12/2024","1784","N716FR","BNA","15:30","15:29","-1","0","0","23","0","0"
"F9","09/12/2024","1789","N365FR","PDX","11:30","11:25","-5","0","0","0","0","0"
"F9","09/12/2024","1816","N374FR","AUS","06:17","06:13","-4","0","0","15","0","0"
"F9","09/12/2024","1819","N370FR","PHX","09:01","09:14","13","0","0","0","0","0"
"F9","09/12/2024","1864","N389FR","OKC","15:54","15:46","-8","0","0","0","0","0"
"F9","09/12/2024","1918","N613FR","CLE","13:30","13:32","2","0","0","0","0","0"
"F9","09/12/2024","2015","N228FR","LAS","10:06","10:05","-1","0","0","0","0","0"
"F9","09/12/2024","2108","N369FR","FSD","10:04","09:54","-10","0","0","0","0","0"
"F9","09/12/2024","2141","N392FR","PHX","14:40","14:44","4","0","0","0","0","0"
"F9","09/12/2024","2210","N362FR","MDW","15:25","15:15","-10","0","0","0","0","0"
"F9","09/12/2024","2226","N634FR","RDU","07:30","07:38","8","0","0","0","0","0"
"F9","09/12/2024","2261","N609FR","ELP","08:35","08:38","3","0","0","0","0","0"
"F9","09/12/2024","2341","N702FR","LAX","05:55","05:47","-8","0","0","0","0","0"
"F9","09/12/2024","2348","N714FR","IND","11:00","11:43","43","43","0","3","0","0"
"F9","09/12/2024","2356","N363FR","SAT","05:40","05:29","-11","0","0","0","0","0"
"F9","09/12/2024","2360","","MSY","06:00","00:00","0","0","0","0","0","0"
"F9","09/12/2024","2429","N634FR","LAS","16:33","16:44","11","0","0","0","0","0"
"F9","09/12/2024","2440","N369FR","RDU","15:13","15:07","-6","0","0","0","0","0"
"F9","09/12/2024","2632","N611FR","DFW","18:05","18:10","5","5","0","62","0","0"
"F9","09/12/2024","2687","N710FR","PDX","22:13","22:44","31","20","0","0","0","0"
"F9","09/12/2024","2706","N329FR","BWI","08:11","07:59","-12","0","0","0","0","0"
"F9","09/12/2024","2746","N717FR","TPA","13:38","13:49","11","11","0","61","0","0"
"F9","09/12/2024","2817","N704FR","SAN","05:38","05:31","-7","0","0","0","0","0"
"F9","09/12/2024","2890","N316FR","AUS","17:29","17:21","-8","0","0","0","0","0"
"F9","09/12/2024","3155","N616FR","LAX","13:55","14:09","14","0","0","0","0","0"
"F9","09/12/2024","3162","N635FR","LGA","15:16","15:06","-10","0","0","0","0","0"
"F9","09/12/2024","3172","N309FR","ORD","20:15","20:52","37","0","0","0","0","34"
"F9","09/12/2024","3200","N316FR","MSP","05:10","05:10","0","0","0","0","0","0"
"F9","09/12/2024","3230","N324FR","IAH","05:05","05:01","-4","0","0","0","0","0"
"F9","09/12/2024","3286","N723FR","CVG","08:37","08:33","-4","0","0","0","0","0"
"F9","09/12/2024","3294","N619FR","ATL","23:49","00:36","47","39","0","0","0","0"
"F9","09/12/2024","3302","N303FR","STL","20:14","20:49","35","30","0","3","0","5"
"F9","09/12/2024","3312","N708FR","MCO","09:05","09:11","6","0","0","0","0","0"
"F9","09/12/2024","3340","N326FR","PHL","23:59","23:51","-8","0","0","0","0","0"
"F9","09/12/2024","3374","N615FR","MCI","18:30","18:26","-4","0","0","0","0","0"
"F9","09/12/2024","3405","N714FR","SEA","18:42","18:49","7","0","0","0","0","0"
"F9","09/12/2024","3439","N633FR","SFO","22:35","22:29","-6","0","0","0","0","0"
"F9","09/12/2024","3467","N384FR","PHX","20:23","20:13","-10","0","0","0","0","0"
"F9","09/12/2024","3566","N712FR","DTW","05:15","05:04","-11","0","0","0","0","0"
"F9","09/12/2024","3665","N702FR","SMF","13:10","13:37","27","27","0","4","0","0"
"F9","09/12/2024","3930","N374FR","PNS","12:58","13:35","37","5","0","1","0","32"
"F9","09/12/2024","3949","N616FR","LAS","22:46","22:46","0","0","0","0","0","0"
"F9","09/12/2024","3981","N235FR","SLC","11:25","11:28","3","0","0","0","0","0"
"F9","09/12/2024","4070","N611FR","DFW","11:33","11:25","-8","0","0","0","0","0"
"F9","09/12/2024","4251","N706FR","SLC","17:05","17:01","-4","0","0","0","0","0"
"F9","09/12/2024","4344","N316FR","XNA","11:26","11:15","-11","0","0","0","0","0"
"F9","09/12/2024","4371","N324FR","SNA","12:02","11:54","-8","0","0","0","0","0"
"F9","09/12/2024","4374","N635FR","PIT","06:36","06:26","-10","0","0","0","0","0"
"F9","09/12/2024","4386","N633FR","CID","16:12","16:02","-10","0","0","0","0","0"
"F9","09/12/2024","4464","N358FR","DFW","08:09","07:59","-10","0","0","0","0","0"
"F9","09/12/2024","4611","N228FR","LAS","20:45","20:42","-3","0","0","0","0","0"
"F9","09/12/2024","4616","N609FR","MSP","21:15","21:22","7","0","0","0","0","0"
"F9","09/12/2024","4721","N305FR","SLC","22:26","22:47","21","0","0","0","0","0"
"F9","09/12/2024","4753","N308FR","PHX","23:30","23:18","-12","0","0","0","0","0"
"F9","09/12/2024","4776","N609FR","LIT","14:29","14:39","10","0","0","0","0","0"
"F9","09/12/2024","4794","N363FR","FAR","12:00","12:00","0","0","0","0","0","0"
"F9","09/12/2024","4856","N374FR","IAH","20:40","21:40","60","0","0","4","0","60"
"F9","09/12/2024","4917","N620FR","SJC","09:08","09:06","-2","0","0","0","0","0"
"F9","09/12/2024","4927","N324FR","SAN","19:56","19:46","-10","0","0","0","0","0"
"F9","09/12/2024","4967","N365FR","LAS","18:45","18:52","7","2","0","10","0","5"
"F9","09/12/2024","4989","N363FR","SAN","17:42","17:43","1","0","0","0","0","0"
"F9","09/13/2024","0686","N362FR","DCA","06:44","06:58","14","0","0","0","0","0"
"F9","09/13/2024","0688","N228FR","DCA","12:46","12:37","-9","0","0","0","0","0"
"F9","09/13/2024","0690","N369FR","DCA","16:33","16:39","6","0","0","0","0","0"
"F9","09/13/2024","1093","N633FR","SFO","17:19","17:16","-3","0","0","0","0","0"
"F9","09/13/2024","1128","N369FR","OMA","11:25","11:12","-13","0","0","0","0","0"
"F9","09/13/2024","1150","N714FR","MSP","06:03","05:55","-8","0","0","0","0","0"
"F9","09/13/2024","1162","N235FR","HOU","15:31","16:04","33","0","0","0","0","19"
"F9","09/13/2024","1175","N389FR","SEA","06:00","06:08","8","0","0","0","0","0"
"F9","09/13/2024","1228","N376FR","MDW","19:37","19:37","0","0","0","0","0","0"
"F9","09/13/2024","1248","N616FR","GRR","15:18","15:21","3","0","0","0","0","0"
"F9","09/13/2024","1261","N616FR","ONT","06:00","05:49","-11","0","0","0","0","0"
"F9","09/13/2024","1282","N712FR","MIA","18:01","18:00","-1","0","0","0","0","0"
"F9","09/13/2024","1292","N705FR","MSP","21:15","23:33","138","45","0","0","0","75"
"F9","09/13/2024","1324","N712FR","DFW","05:05","04:55","-10","0","0","0","0","0"
"F9","09/13/2024","1362","N716FR","CLT","14:47","15:08","21","0","0","0","0","0"
"F9","09/13/2024","1402","N311FR","BNA","06:00","05:54","-6","0","0","0","0","0"
"F9","09/13/2024","1450","N706FR","ATL","14:29","14:47","18","0","0","0","0","0"
"F9","09/13/2024","1484","N635FR","ORD","05:01","04:56","-5","0","0","0","0","0"
"F9","09/13/2024","1499","N362FR","ONT","22:38","05:54","436","430","0","0","0","0"
"F9","09/13/2024","1560","N311FR","MSN","13:17","13:05","-12","0","0","0","0","0"
"F9","09/13/2024","1608","N710FR","MKE","10:36","10:33","-3","0","0","0","0","0"
"F9","09/13/2024","1678","N304FR","DSM","15:03","17:24","141","10","0","0","0","128"
"F9","09/13/2024","1734","N318FR","MCO","00:20","00:24","4","0","0","0","0","0"
"F9","09/13/2024","1784","N640FR","BNA","16:34","16:30","-4","0","0","0","0","0"
"F9","09/13/2024","1789","N316FR","PDX","06:10","06:02","-8","0","0","0","0","0"
"F9","09/13/2024","1819","N370FR","PHX","08:52","08:50","-2","0","0","0","0","0"
"F9","09/13/2024","1864","N704FR","OKC","11:47","11:37","-10","0","0","0","0","0"
"F9","09/13/2024","1918","N611FR","CLE","05:15","05:05","-10","0","0","0","0","0"
"F9","09/13/2024","1993","N329FR","LAS","06:00","05:57","-3","0","0","0","0","0"
"F9","09/13/2024","2015","N307FR","LAS","10:01","09:50","-11","0","0","0","0","0"
"F9","09/13/2024","2108","N704FR","FSD","17:11","17:33","22","0","0","2","0","22"
"F9","09/13/2024","2141","N324FR","PHX","14:46","14:45","-1","0","0","0","0","0"
"F9","09/13/2024","2210","N344FR","MDW","08:40","08:34","-6","0","0","0","0","0"
"F9","09/13/2024","2212","N702FR","DTW","16:12","16:04","-8","0","0","0","0","0"
"F9","09/13/2024","2261","N702FR","ELP","10:10","10:03","-7","0","0","0","0","0"
"F9","09/13/2024","2341","N615FR","LAX","05:55","05:46","-9","0","0","0","0","0"
"F9","09/13/2024","2348","N640FR","IND","09:05","09:25","20","0","0","8","0","20"
"F9","09/13/2024","2356","N620FR","SAT","07:00","08:11","71","64","0","0","0","0"
"F9","09/13/2024","2374","N705FR","TYS","13:43","14:44","61","27","0","0","0","30"
"F9","09/13/2024","2421","N710FR","SAN","17:55","17:40","-15","0","0","0","0","0"
"F9","09/13/2024","2440","N233FR","RDU","15:13","16:00","47","13","0","5","0","34"
"F9","09/13/2024","2632","N607FR","DFW","18:05","17:57","-8","0","0","0","0","0"
"F9","09/13/2024","2687","N228FR","PDX","22:23","22:30","7","0","0","0","0","0"
"F9","09/13/2024","2746","N611FR","TPA","13:38","13:37","-1","0","0","0","0","0"
"F9","09/13/2024","2752","N316FR","BUF","13:16","13:02","-14","0","0","0","0","0"
"F9","09/13/2024","2817","N716FR","SAN","05:38","05:44","6","0","0","0","0","0"
"F9","09/13/2024","2890","N362FR","AUS","15:54","19:22","208","175","0","0","0","23"
"F9","09/13/2024","2986","","CLT","05:01","00:00","0","0","0","0","0","0"
"F9","09/13/2024","3101","N365FR","MSO","14:58","15:21","23","0","0","0","0","0"
"F9","09/13/2024","3155","N389FR","LAX","13:55","13:52","-3","0","0","0","0","0"
"F9","09/13/2024","3162","N609FR","LGA","15:16","15:16","0","0","0","0","0","0"
"F9","09/13/2024","3172","N641FR","ORD","21:13","20:56","-17","0","0","0","0","0"
"F9","09/13/2024","3230","N705FR","IAH","07:30","07:26","-4","0","0","0","0","0"
"F9","09/13/2024","3286","N374FR","CVG","08:27","08:17","-10","0","0","0","0","0"
"F9","09/13/2024","3294","N704FR","ATL","23:49","23:49","0","0","0","0","0","0"
"F9","09/13/2024","3302","N363FR","STL","20:28","22:24","116","21","0","0","0","86"
"F9","09/13/2024","3312","N338FR","MCO","10:42","10:39","-3","0","0","0","0","0"
"F9","09/13/2024","3340","N721FR","PHL","23:59","01:36","97","10","0","11","0","87"
"F9","09/13/2024","3376","N639FR","MCI","12:19","15:36","197","118","0","0","0","68"
"F9","09/13/2024","3405","N309FR","SEA","18:42","18:36","-6","0","0","0","0","0"
"F9","09/13/2024","3439","N615FR","SFO","22:34","22:27","-7","0","0","0","0","0"
"F9","09/13/2024","3467","N389FR","PHX","20:57","21:25","28","28","0","0","0","0"
"F9","09/13/2024","3539","N710FR","LAS","22:46","01:19","153","22","0","0","0","112"
"F9","09/13/2024","3566","N706FR","DTW","06:35","06:26","-9","0","0","0","0","0"
"F9","09/13/2024","3665","N615FR","SMF","13:05","13:08","3","0","0","0","0","0"
"F9","09/13/2024","3843","N635FR","LAS","18:33","18:30","-3","0","0","0","0","0"
"F9","09/13/2024","3861","N704FR","SLC","06:31","06:23","-8","0","0","0","0","0"
"F9","09/13/2024","3930","N363FR","PNS","13:46","13:58","12","0","0","0","0","0"
"F9","09/13/2024","3981","N235FR","SLC","10:14","10:19","5","0","0","0","0","0"
"F9","09/13/2024","4070","N712FR","DFW","11:33","11:30","-3","0","0","0","0","0"
"F9","09/13/2024","4251","N370FR","SLC","14:30","14:48","18","0","0","0","0","0"
"F9","09/13/2024","4344","N233FR","XNA","09:49","09:39","-10","0","0","0","0","0"
"F9","09/13/2024","4371","N304FR","SNA","08:24","11:02","158","0","0","0","0","148"
"F9","09/13/2024","4386","N633FR","CID","10:44","10:40","-4","0","0","0","0","0"
"F9","09/13/2024","4464","N337FR","DFW","07:12","07:04","-8","0","0","0","0","0"
"F9","09/13/2024","4562","N311FR","MSY","18:02","19:59","117","0","0","0","0","91"
"F9","09/13/2024","4576","N620FR","CMH","13:36","14:25","49","0","0","0","0","31"
"F9","09/13/2024","4611","N358FR","LAS","20:45","20:43","-2","0","0","0","0","0"
"F9","09/13/2024","4626","N609FR","MEM","08:15","08:12","-3","0","0","0","0","0"
"F9","09/13/2024","4721","N316FR","SLC","22:26","22:39","13","13","0","12","0","0"
"F9","09/13/2024","4753","N392FR","PHX","23:25","23:28","3","0","0","0","0","0"
"F9","09/13/2024","4765","N391FR","PHX","11:25","11:19","-6","0","0","0","0","0"
"F9","09/13/2024","4794","N635FR","FAR","12:32","12:22","-10","0","0","0","0","0"
"F9","09/13/2024","4856","N365FR","IAH","20:40","20:46","6","0","0","0","0","0"
"F9","09/13/2024","4917","N619FR","SJC","09:47","09:37","-10","0","0","0","0","0"
"F9","09/13/2024","4991","N331FR","SAN","20:00","20:04","4","0","0","0","0","0"
"F9","09/14/2024","0686","N309FR","DCA","06:44","06:38","-6","0","0","0","0","0"
"F9","09/14/2024","0688","N362FR","DCA","12:46","12:36","-10","0","0","0","0","0"
"F9","09/14/2024","0690","N235FR","DCA","16:33","16:38","5","0","5","22","0","0"
"F9","09/14/2024","1093","N640FR","SFO","11:00","10:52","-8","0","0","0","0","0"
"F9","09/14/2024","1128","N615FR","OMA","10:54","10:53","-1","0","0","0","0","0"
"F9","09/14/2024","1150","N715FR","MSP","08:00","07:52","-8","0","0","0","0","0"
"F9","09/14/2024","1175","N609FR","SEA","06:00","05:54","-6","0","0","0","0","0"
"F9","09/14/2024","1248","N619FR","GRR","13:43","13:39","-4","0","0","0","0","0"
"F9","09/14/2024","1261","N311FR","ONT","06:00","05:53","-7","0","0","53","0","0"
"F9","09/14/2024","1280","N368FR","MIA","10:12","10:32","20","0","0","0","0","0"
"F9","09/14/2024","1292","N619FR","MSP","21:15","21:39","24","24","0","5","0","0"
"F9","09/14/2024","1362","N638FR","CLT","13:55","13:48","-7","0","0","0","0","0"
"F9","09/14/2024","1450","N705FR","ATL","14:29","14:32","3","0","0","0","0","0"
"F9","09/14/2024","1499","N609FR","ONT","22:38","23:02","24","0","0","0","0","0"
"F9","09/14/2024","1560","N704FR","MSN","09:30","09:23","-7","0","0","0","0","0"
"F9","09/14/2024","1678","N311FR","DSM","15:03","15:10","7","0","0","0","0","0"
"F9","09/14/2024","1734","N713FR","MCO","00:20","01:26","66","6","0","5","0","60"
"F9","09/14/2024","1784","N607FR","BNA","12:24","12:16","-8","0","0","0","0","0"
"F9","09/14/2024","1789","N365FR","PDX","08:25","08:22","-3","0","0","0","0","0"
"F9","09/14/2024","1819","N389FR","PHX","09:25","09:32","7","0","0","0","0","0"
"F9","09/14/2024","1864","N716FR","OKC","09:47","09:49","2","0","0","0","0","0"
"F9","09/14/2024","1993","N378FR","LAS","10:06","11:10","64","0","0","0","0","42"
"F9","09/14/2024","2015","N607FR","LAS","06:00","05:57","-3","0","0","0","0","0"
"F9","09/14/2024","2105","N233FR","PHX","19:00","19:03","3","0","0","0","0","0"
"F9","09/14/2024","2108","N369FR","FSD","10:04","09:53","-11","0","0","0","0","0"
"F9","09/14/2024","2141","N370FR","PHX","14:45","14:35","-10","0","0","0","0","0"
"F9","09/14/2024","2148","N232FR","DFW","08:44","08:58","14","0","0","0","0","0"
"F9","09/14/2024","2210","N233FR","MDW","12:00","11:52","-8","0","0","0","0","0"
"F9","09/14/2024","2212","N646FR","DTW","15:36","15:37","1","0","0","0","0","0"
"F9","09/14/2024","2261","N705FR","ELP","08:35","08:33","-2","0","0","0","0","0"
"F9","09/14/2024","2341","N702FR","LAX","05:55","06:05","10","0","0","0","0","0"
"F9","09/14/2024","2348","N620FR","IND","12:00","12:33","33","26","0","0","0","0"
"F9","09/14/2024","2356","N308FR","SAT","07:00","06:50","-10","0","0","0","0","0"
"F9","09/14/2024","2429","N704FR","LAS","16:33","17:01","28","24","0","0","0","0"
"F9","09/14/2024","2440","N369FR","RDU","15:13","15:34","21","21","0","0","0","0"
"F9","09/14/2024","2550","N232FR","DFW","21:16","21:56","40","0","0","0","0","27"
"F9","09/14/2024","2746","N616FR","TPA","13:38","13:51","13","0","0","0","0","0"
"F9","09/14/2024","2817","N706FR","SAN","10:10","10:00","-10","0","0","0","0","0"
"F9","09/14/2024","2890","N309FR","AUS","15:54","15:48","-6","0","0","0","0","0"
"F9","09/14/2024","3155","N308FR","LAX","13:55","13:51","-4","0","0","0","0","0"
"F9","09/14/2024","3162","N716FR","LGA","15:16","15:40","24","19","0","0","0","0"
"F9","09/14/2024","3174","N606FR","ORD","19:24","19:25","1","0","0","0","0","0"
"F9","09/14/2024","3206","N646FR","IAH","08:25","08:23","-2","0","0","0","0","0"
"F9","09/14/2024","3286","N396FR","CVG","08:27","08:19","-8","0","0","0","0","0"
"F9","09/14/2024","3294","N607FR","ATL","23:49","23:59","10","0","0","0","0","0"
"F9","09/14/2024","3302","N311FR","STL","20:28","20:39","11","0","0","0","0","0"
"F9","09/14/2024","3312","N379FR","MCO","10:34","10:52","18","0","0","0","0","0"
"F9","09/14/2024","3340","N316FR","PHL","23:59","00:24","25","25","0","0","0","0"
"F9","09/14/2024","3376","N711FR","MCI","16:57","17:45","48","45","0","0","0","3"
"F9","09/14/2024","3405","N706FR","SEA","18:42","18:47","5","0","0","0","0","0"
"F9","09/14/2024","3439","N615FR","SFO","22:45","22:35","-10","0","0","0","0","0"
"F9","09/14/2024","3467","N335FR","PHX","21:30","21:22","-8","0","0","0","0","0"
"F9","09/14/2024","3539","N702FR","LAS","22:46","23:07","21","0","0","0","0","0"
"F9","09/14/2024","3665","N702FR","SMF","13:30","13:18","-12","0","0","0","0","0"
"F9","09/14/2024","3843","N640FR","LAS","18:35","18:22","-13","0","0","0","0","0"
"F9","09/14/2024","3930","N316FR","PNS","08:54","08:48","-6","0","0","0","0","0"
"F9","09/14/2024","3981","N235FR","SLC","11:30","11:21","-9","0","0","0","0","0"
"F9","09/14/2024","4070","N232FR","DFW","14:55","15:57","62","46","0","0","0","1"
"F9","09/14/2024","4249","N324FR","SLC","18:31","18:29","-2","0","0","0","0","0"
"F9","09/14/2024","4349","N391FR","PDX","22:23","22:18","-5","0","0","0","0","0"
"F9","09/14/2024","4371","N228FR","SNA","11:50","11:57","7","7","0","30","0","0"
"F9","09/14/2024","4386","N615FR","CID","16:22","16:12","-10","0","0","0","0","0"
"F9","09/14/2024","4464","N371FR","DFW","17:45","17:39","-6","0","0","29","0","0"
"F9","09/14/2024","4721","N308FR","SLC","22:26","22:22","-4","0","0","0","0","0"
"F9","09/14/2024","4765","N324FR","PHX","12:04","12:08","4","0","0","0","0","0"
"F9","09/14/2024","4794","N715FR","FAR","14:14","14:06","-8","0","0","0","0","0"
"F9","09/14/2024","4856","N365FR","IAH","20:40","20:33","-7","0","0","0","0","0"
"F9","09/14/2024","4927","N348FR","SAN","12:10","12:02","-8","0","0","0","0","0"
"F9","09/14/2024","4989","N316FR","SAN","16:49","16:56","7","0","0","0","0","0"
"F9","09/15/2024","0686","N233FR","DCA","06:44","06:34","-10","0","0","0","0","0"
"F9","09/15/2024","0688","N309FR","DCA","12:46","12:47","1","0","0","0","0","0"
"F9","09/15/2024","0690","N369FR","DCA","16:33","16:34","1","0","0","0","0","0"
"F9","09/15/2024","1093","N308FR","SFO","17:33","17:30","-3","0","0","0","0","0"
"F9","09/15/2024","1128","N615FR","OMA","10:44","10:37","-7","0","0","0","0","0"
"F9","09/15/2024","1162","N235FR","HOU","15:37","15:40","3","0","0","0","0","0"
"F9","09/15/2024","1175","N620FR","SEA","06:00","05:56","-4","0","0","0","0","0"
"F9","09/15/2024","1248","N705FR","GRR","15:18","15:05","-13","0","0","16","0","0"
"F9","09/15/2024","1261","N705FR","ONT","06:00","05:56","-4","0","0","0","0","0"
"F9","09/15/2024","1280","N706FR","MIA","06:00","06:05","5","0","0","0","0","0"
"F9","09/15/2024","1324","N710FR","DFW","05:30","05:22","-8","0","0","0","0","0"
"F9","09/15/2024","1362","N716FR","CLT","14:58","16:10","72","72","0","15","0","0"
"F9","09/15/2024","1375","N309FR","PHX","06:45","06:33","-12","0","0","0","0","0"
"F9","09/15/2024","1402","N638FR","BNA","05:50","05:41","-9","0","0","0","0","0"
"F9","09/15/2024","1450","N702FR","ATL","13:38","13:38","0","0","0","0","0","0"
"F9","09/15/2024","1484","N358FR","ORD","05:01","04:49","-12","0","0","0","0","0"
"F9","09/15/2024","1499","N702FR","ONT","22:38","22:41","3","0","0","0","0","0"
"F9","09/15/2024","1560","N715FR","MSN","12:30","12:21","-9","0","0","0","0","0"
"F9","09/15/2024","1608","N332FR","MKE","08:24","08:18","-6","0","0","0","0","0"
"F9","09/15/2024","1678","N654FR","DSM","14:50","15:35","45","0","0","20","0","45"
"F9","09/15/2024","1734","N304FR","MCO","00:20","00:14","-6","0","0","0","0","0"
"F9","09/15/2024","1752","N326FR","CVG","18:47","19:26","39","0","0","0","0","31"
"F9","09/15/2024","1784","N646FR","BNA","13:56","13:59","3","0","0","0","0","0"
"F9","09/15/2024","1789","N654FR","PDX","07:48","07:39","-9","0","0","0","0","0"
"F9","09/15/2024","1816","N715FR","AUS","05:55","05:50","-5","0","0","0","0","0"
"F9","09/15/2024","1819","N339FR","PHX","08:52","08:47","-5","0","0","0","0","0"
"F9","09/15/2024","1864","N235FR","OKC","10:26","10:22","-4","0","0","0","0","0"
"F9","09/15/2024","1918","N638FR","CLE","13:30","13:27","-3","0","0","0","0","0"
"F9","09/15/2024","1993","N362FR","LAS","10:06","09:57","-9","0","0","0","0","0"
"F9","09/15/2024","2108","N228FR","FSD","10:04","10:03","-1","0","0","0","0","0"
"F9","09/15/2024","2141","N344FR","PHX","14:40","14:37","-3","0","0","0","0","0"
"F9","09/15/2024","2210","N391FR","MDW","10:30","10:27","-3","0","0","0","0","0"
"F9","09/15/2024","2212","N706FR","DTW","16:28","16:28","0","0","0","0","0","0"
"F9","09/15/2024","2226","N711FR","RDU","07:30","07:21","-9","0","0","0","0","0"
"F9","09/15/2024","2261","N619FR","ELP","08:35","08:22","-13","0","0","0","0","0"
"F9","09/15/2024","2341","N633FR","LAX","05:55","05:52","-3","0","0","0","0","0"
"F9","09/15/2024","2348","N646FR","IND","06:31","06:26","-5","0","0","0","0","0"
"F9","09/15/2024","2349","N382FR","LAS","12:11","14:27","136","122","0","0","0","0"
"F9","09/15/2024","2356","N609FR","SAT","11:00","10:49","-11","0","0","0","0","0"
"F9","09/15/2024","2360","N702FR","MSY","06:00","05:49","-11","0","0","0","0","0"
"F9","09/15/2024","2421","N609FR","SAN","17:52","17:46","-6","0","0","0","0","0"
"F9","09/15/2024","2429","N615FR","LAS","16:33","16:55","22","0","0","0","0","0"
"F9","09/15/2024","2440","N228FR","RDU","15:13","15:06","-7","0","0","47","0","0"
"F9","09/15/2024","2632","N710FR","DFW","18:29","18:32","3","2","0","15","0","1"
"F9","09/15/2024","2687","N646FR","PDX","22:13","23:04","51","33","0","0","0","0"
"F9","09/15/2024","2706","N308FR","BWI","08:11","08:05","-6","0","0","0","0","0"
"F9","09/15/2024","2746","N611FR","TPA","13:38","13:31","-7","0","0","0","0","0"
"F9","09/15/2024","2817","N716FR","SAN","05:38","05:31","-7","0","0","0","0","0"
"F9","09/15/2024","2890","N391FR","AUS","17:35","17:23","-12","0","0","0","0","0"
"F9","09/15/2024","3155","N620FR","LAX","13:55","14:06","11","0","0","0","0","0"
"F9","09/15/2024","3162","N639FR","LGA","15:16","15:11","-5","0","0","54","0","0"
"F9","09/15/2024","3174","N331FR","ORD","20:18","21:20","62","25","0","0","0","25"
"F9","09/15/2024","3200","N363FR","MSP","19:12","20:27","75","0","0","0","0","61"
"F9","09/15/2024","3230","N382FR","IAH","05:05","05:10","5","0","0","0","0","0"
"F9","09/15/2024","3286","N723FR","CVG","08:37","08:29","-8","0","0","0","0","0"
"F9","09/15/2024","3294","N633FR","ATL","23:49","23:54","5","0","0","0","0","0"
"F9","09/15/2024","3302","N351FR","STL","20:14","21:27","73","71","0","0","0","0"
"F9","09/15/2024","3312","N607FR","MCO","09:05","09:01","-4","0","0","0","0","0"
"F9","09/15/2024","3340","N391FR","PHL","23:59","00:04","5","5","0","43","0","0"
"F9","09/15/2024","3374","N717FR","MCI","19:18","20:10","52","0","0","0","0","47"
"F9","09/15/2024","3405","N715FR","SEA","18:42","19:32","50","0","0","0","0","47"
"F9","09/15/2024","3439","N638FR","SFO","22:35","23:13","38","0","30","0","0","0"
"F9","09/15/2024","3467","N311FR","PHX","20:05","21:23","78","2","0","3","0","76"
"F9","09/15/2024","3665","N633FR","SMF","13:10","13:03","-7","0","0","0","0","0"
"F9","09/15/2024","3930","N332FR","PNS","15:16","15:04","-12","0","0","0","0","0"
"F9","09/15/2024","3949","N654FR","LAS","22:42","22:38","-4","0","0","0","0","0"
"F9","09/15/2024","3981","N369FR","SLC","11:25","11:15","-10","0","0","0","0","0"
"F9","09/15/2024","4070","N710FR","DFW","11:58","11:52","-6","0","0","0","0","0"
"F9","09/15/2024","4251","N711FR","SLC","17:05","16:59","-6","0","0","0","0","0"
"F9","09/15/2024","4344","N358FR","XNA","13:08","12:57","-11","0","0","0","0","0"
"F9","09/15/2024","4371","N351FR","SNA","12:02","12:51","49","49","0","1","0","0"
"F9","09/15/2024","4374","N639FR","PIT","06:31","06:17","-14","0","0","0","0","0"
"F9","09/15/2024","4386","N704FR","CID","16:12","16:47","35","0","0","0","0","17"
"F9","09/15/2024","4464","N365FR","DFW","08:09","08:07","-2","0","0","0","0","0"
"F9","09/15/2024","4616","N619FR","MSP","21:15","22:03","48","0","0","0","0","45"
"F9","09/15/2024","4721","N309FR","SLC","22:26","22:19","-7","0","0","0","0","0"
"F9","09/15/2024","4753","N235FR","PHX","23:30","00:37","67","67","0","3","0","0"
"F9","09/15/2024","4776","N619FR","LIT","14:29","14:26","-3","0","0","84","0","0"
"F9","09/15/2024","4794","N233FR","FAR","15:54","15:47","-7","0","0","0","0","0"
"F9","09/15/2024","4856","N358FR","IAH","20:40","21:03","23","0","0","0","0","0"
"F9","09/15/2024","4917","N717FR","SJC","09:08","09:07","-1","0","0","0","0","0"
"F9","09/15/2024","4967","N367FR","LAS","18:45","19:19","34","30","0","0","0","0"
"F9","09/15/2024","4989","N230FR","SAN","19:56","20:54","58","5","0","0","0","47"
"F9","09/16/2024","0686","N233FR","DCA","06:44","06:39","-5","0","0","0","0","0"
"F9","09/16/2024","0688","N308FR","DCA","12:46","12:49","3","0","0","0","0","0"
"F9","09/16/2024","0690","N228FR","DCA","16:33","16:27","-6","0","0","35","0","0"
"F9","09/16/2024","1093","N367FR","SFO","16:49","16:43","-6","0","0","0","0","0"
"F9","09/16/2024","1150","N705FR","MSP","07:00","07:04","4","0","0","0","0","0"
"F9","09/16/2024","1162","N326FR","HOU","15:49","15:39","-10","0","0","0","0","0"
"F9","09/16/2024","1175","N701FR","SEA","06:00","05:50","-10","0","0","0","0","0"
"F9","09/16/2024","1228","N348FR","MDW","18:41","18:49","8","0","0","0","0","0"
"F9","09/16/2024","1248","N705FR","GRR","13:14","13:16","2","0","0","0","0","0"
"F9","09/16/2024","1261","N716FR","ONT","06:00","05:57","-3","0","0","0","0","0"
"F9","09/16/2024","1282","N712FR","MIA","18:01","18:34","33","2","0","0","0","25"
"F9","09/16/2024","1292","N705FR","MSP","20:57","21:01","4","0","0","0","0","0"
"F9","09/16/2024","1362","N614FR","CLT","13:43","13:47","4","0","0","0","0","0"
"F9","09/16/2024","1402","N711FR","BNA","06:40","06:33","-7","0","0","0","0","0"
"F9","09/16/2024","1450","N715FR","ATL","13:35","13:34","-1","0","0","0","0","0"
"F9","09/16/2024","1484","N715FR","ORD","06:00","05:57","-3","0","0","0","0","0"
"F9","09/16/2024","1499","N233FR","ONT","22:38","22:28","-10","0","0","0","0","0"
"F9","09/16/2024","1560","N639FR","MSN","15:44","15:39","-5","0","0","0","0","0"
"F9","09/16/2024","1608","N646FR","MKE","10:36","10:34","-2","0","0","0","0","0"
"F9","09/16/2024","1678","N358FR","DSM","15:03","15:02","-1","0","0","0","0","0"
"F9","09/16/2024","1734","N704FR","MCO","00:12","00:18","6","0","0","0","0","0"
"F9","09/16/2024","1784","N716FR","BNA","15:30","15:28","-2","0","0","0","0","0"
"F9","09/16/2024","1789","N326FR","PDX","08:46","08:31","-15","0","0","0","0","0"
"F9","09/16/2024","1819","N381FR","PHX","08:52","08:43","-9","0","0","0","0","0"
"F9","09/16/2024","1864","N367FR","OKC","11:37","11:28","-9","0","0","0","0","0"
"F9","09/16/2024","1874","N638FR","OMA","17:11","17:00","-11","0","0","0","0","0"
"F9","09/16/2024","1918","N620FR","CLE","05:15","05:04","-11","0","0","0","0","0"
"F9","09/16/2024","1993","N369FR","LAS","10:06","10:24","18","0","0","0","0","0"
"F9","09/16/2024","2015","N308FR","LAS","06:00","05:54","-6","0","0","0","0","0"
"F9","09/16/2024","2105","N311FR","PHX","15:20","15:13","-7","0","0","18","0","0"
"F9","09/16/2024","2108","N373FR","FSD","10:04","10:11","7","0","0","0","0","0"
"F9","09/16/2024","2141","N230FR","PHX","11:25","11:26","1","0","0","14","0","1"
"F9","09/16/2024","2148","N651FR","DFW","07:22","07:12","-10","0","0","0","0","0"
"F9","09/16/2024","2210","N386FR","MDW","08:40","12:59","259","0","0","0","0","0"
"F9","09/16/2024","2212","N702FR","DTW","16:14","16:23","9","0","0","0","0","0"
"F9","09/16/2024","2261","N639FR","ELP","09:48","09:41","-7","0","0","0","0","0"
"F9","09/16/2024","2341","N609FR","LAX","05:55","05:48","-7","0","0","0","0","0"
"F9","09/16/2024","2348","N706FR","IND","09:05","08:57","-8","0","0","0","0","0"
"F9","09/16/2024","2356","N328FR","SAT","07:05","06:51","-14","0","0","0","0","0"
"F9","09/16/2024","2374","N385FR","TYS","13:46","13:57","11","0","0","7","0","11"
"F9","09/16/2024","2421","N646FR","SAN","18:00","18:10","10","10","0","10","0","0"
"F9","09/16/2024","2440","N373FR","RDU","15:13","15:18","5","0","0","0","0","0"
"F9","09/16/2024","2632","N654FR","DFW","18:05","17:58","-7","0","0","20","0","0"
"F9","09/16/2024","2687","N363FR","PDX","22:43","22:38","-5","0","0","0","0","0"
"F9","09/16/2024","2746","N620FR","TPA","13:38","13:48","10","0","0","0","0","0"
"F9","09/16/2024","2752","N328FR","BUF","13:21","13:32","11","0","0","0","0","0"
"F9","09/16/2024","2817","N717FR","SAN","05:38","05:28","-10","0","0","0","0","0"
"F9","09/16/2024","2890","N233FR","AUS","16:14","16:05","-9","0","0","0","0","0"
"F9","09/16/2024","2986","N313FR","CLT","05:01","04:54","-7","0","0","0","0","0"
"F9","09/16/2024","3101","N711FR","MSO","14:22","14:30","8","0","0","0","0","0"
"F9","09/16/2024","3155","N701FR","LAX","13:55","14:00","5","0","0","0","0","0"
"F9","09/16/2024","3162","N619FR","LGA","15:16","15:16","0","0","0","0","0","0"
"F9","09/16/2024","3172","N624FR","ORD","21:13","21:13","0","0","0","0","0","0"
"F9","09/16/2024","3206","N332FR","IAH","05:25","05:24","-1","0","0","0","0","0"
"F9","09/16/2024","3286","N309FR","CVG","08:27","08:24","-3","0","0","0","0","0"
"F9","09/16/2024","3294","N609FR","ATL","23:49","23:41","-8","0","0","0","0","0"
"F9","09/16/2024","3302","N344FR","STL","21:31","21:55","24","0","0","0","0","0"
"F9","09/16/2024","3312","N317FR","MCO","10:39","10:29","-10","0","0","0","0","0"
"F9","09/16/2024","3340","N367FR","PHL","23:59","24:00","1","0","0","0","0","0"
"F9","09/16/2024","3376","N706FR","MCI","16:33","16:28","-5","0","0","0","0","0"
"F9","09/16/2024","3407","N303FR","SEA","18:12","18:13","1","0","0","0","0","0"
"F9","09/16/2024","3439","N706FR","SFO","22:35","22:28","-7","0","0","0","0","0"
"F9","09/16/2024","3467","N385FR","PHX","21:10","21:49","39","8","0","5","0","31"
"F9","09/16/2024","3539","N715FR","LAS","22:46","22:48","2","0","0","0","0","0"
"F9","09/16/2024","3566","N363FR","DTW","06:00","05:55","-5","0","0","0","0","0"
"F9","09/16/2024","3665","N609FR","SMF","13:04","13:04","0","0","0","0","0","0"
"F9","09/16/2024","3843","N332FR","LAS","17:54","17:59","5","0","0","0","0","0"
"F9","09/16/2024","3861","N367FR","SLC","06:30","06:18","-12","0","0","0","0","0"
"F9","09/16/2024","3930","N717FR","PNS","14:58","14:58","0","0","0","0","0","0"
"F9","09/16/2024","3981","N228FR","SLC","11:25","11:29","4","0","0","0","0","0"
"F9","09/16/2024","4070","N654FR","DFW","11:33","11:36","3","0","0","0","0","0"
"F9","09/16/2024","4251","N381FR","SLC","14:29","14:30","1","0","0","0","0","0"
"F9","09/16/2024","4344","N702FR","XNA","10:09","10:04","-5","0","0","0","0","0"
"F9","09/16/2024","4371","N358FR","SNA","08:24","08:14","-10","0","0","0","0","0"
"F9","09/16/2024","4386","N638FR","CID","10:44","10:33","-11","0","0","0","0","0"
"F9","09/16/2024","4464","N654FR","DFW","05:05","05:04","-1","0","0","0","0","0"
"F9","09/16/2024","4576","N363FR","CMH","14:18","14:10","-8","0","0","0","0","0"
"F9","09/16/2024","4611","N714FR","LAS","20:45","20:33","-12","0","0","0","0","0"
"F9","09/16/2024","4626","N619FR","MEM","08:15","08:03","-12","0","0","0","0","0"
"F9","09/16/2024","4721","N326FR","SLC","22:26","22:28","2","0","0","0","0","0"
"F9","09/16/2024","4753","N375FR","PHX","23:25","23:23","-2","0","0","0","0","0"
"F9","09/16/2024","4794","N332FR","FAR","12:12","12:26","14","0","0","0","0","0"
"F9","09/16/2024","4856","N358FR","IAH","20:40","20:37","-3","0","0","0","0","0"
"F9","09/16/2024","4917","N714FR","SJC","09:47","09:40","-7","0","0","0","0","0"
"F9","09/16/2024","4991","N339FR","SAN","20:01","19:52","-9","0","0","41","0","0"
"F9","09/17/2024","0686","N303FR","DCA","06:44","06:35","-9","0","0","0","0","0"
"F9","09/17/2024","0688","N233FR","DCA","12:46","12:34","-12","0","0","0","0","0"
"F9","09/17/2024","0690","N373FR","DCA","16:33","16:55","22","0","2","0","0","13"
"F9","09/17/2024","1093","N615FR","SFO","11:00","11:01","1","0","0","0","0","0"
"F9","09/17/2024","1128","N706FR","OMA","10:44","10:30","-14","0","0","0","0","0"
"F9","09/17/2024","1150","N705FR","MSP","09:30","09:23","-7","0","0","0","0","0"
"F9","09/17/2024","1175","N716FR","SEA","06:00","05:56","-4","0","0","0","0","0"
"F9","09/17/2024","1261","N717FR","ONT","08:45","08:38","-7","0","0","0","0","0"
"F9","09/17/2024","1362","N715FR","CLT","13:11","13:15","4","0","0","0","0","0"
"F9","09/17/2024","1375","N614FR","PHX","07:00","06:50","-10","0","0","0","0","0"
"F9","09/17/2024","1402","N639FR","BNA","12:24","12:21","-3","0","0","0","0","0"
"F9","09/17/2024","1499","N706FR","ONT","22:38","23:18","40","40","0","9","0","0"
"F9","09/17/2024","1560","N228FR","MSN","12:24","12:17","-7","0","0","0","0","0"
"F9","09/17/2024","1734","N711FR","MCO","00:20","00:17","-3","0","0","0","0","0"
"F9","09/17/2024","1789","N326FR","PDX","08:25","08:15","-10","0","0","0","0","0"
"F9","09/17/2024","1819","N358FR","PHX","09:01","08:49","-12","0","0","0","0","0"
"F9","09/17/2024","1864","N611FR","OKC","14:23","14:21","-2","0","0","0","0","0"
"F9","09/17/2024","2015","N639FR","LAS","06:00","05:48","-12","0","0","0","0","0"
"F9","09/17/2024","2105","N228FR","PHX","22:59","22:53","-6","0","0","0","0","0"
"F9","09/17/2024","2108","N379FR","FSD","10:04","10:02","-2","0","0","0","0","0"
"F9","09/17/2024","2141","N235FR","PHX","13:54","13:48","-6","0","0","0","0","0"
"F9","09/17/2024","2150","N365FR","DFW","08:09","09:20","71","71","0","10","0","0"
"F9","09/17/2024","2210","N362FR","MDW","12:23","12:24","1","0","0","0","0","0"
"F9","09/17/2024","2212","N710FR","DTW","15:40","15:52","12","0","0","0","0","0"
"F9","09/17/2024","2261","N705FR","ELP","15:49","15:52","3","0","0","0","0","0"
"F9","09/17/2024","2341","N715FR","LAX","05:55","05:49","-6","0","0","0","0","0"
"F9","09/17/2024","2348","N328FR","IND","12:00","11:48","-12","0","0","0","0","0"
"F9","09/17/2024","2356","N654FR","SAT","07:45","07:33","-12","0","0","0","0","0"
"F9","09/17/2024","2429","N622FR","LAS","15:19","15:10","-9","0","0","0","0","0"
"F9","09/17/2024","2440","N379FR","RDU","15:13","15:51","38","0","33","6","0","5"
"F9","09/17/2024","2632","N377FR","DFW","18:22","18:43","21","8","0","21","0","13"
"F9","09/17/2024","2687","N303FR","PDX","22:23","23:21","58","0","6","0","0","36"
"F9","09/17/2024","2746","N609FR","TPA","11:25","11:17","-8","0","0","0","0","0"
"F9","09/17/2024","2890","N303FR","AUS","15:54","15:57","3","0","0","0","0","0"
"F9","09/17/2024","3155","N716FR","LAX","13:55","13:50","-5","0","0","0","0","0"
"F9","09/17/2024","3162","N619FR","LGA","15:16","15:53","37","0","22","0","0","13"
"F9","09/17/2024","3174","N702FR","ORD","19:24","19:30","6","0","0","0","0","0"
"F9","09/17/2024","3206","N619FR","IAH","08:36","08:29","-7","0","0","0","0","0"
"F9","09/17/2024","3286","N323FR","CVG","08:27","08:29","2","0","0","0","0","0"
"F9","09/17/2024","3294","N710FR","ATL","23:49","00:26","37","0","0","0","0","32"
"F9","09/17/2024","3310","N624FR","STL","20:14","20:21","7","0","0","0","0","0"
"F9","09/17/2024","3312","N317FR","MCO","10:21","10:18","-3","0","0","0","0","0"
"F9","09/17/2024","3340","N328FR","PHL","23:12","23:23","11","0","0","0","0","0"
"F9","09/17/2024","3376","N654FR","MCI","14:29","14:27","-2","0","0","0","0","0"
"F9","09/17/2024","3405","N638FR","SEA","17:21","17:19","-2","0","0","17","0","0"
"F9","09/17/2024","3439","N705FR","SFO","22:35","22:34","-1","0","0","26","0","0"
"F9","09/17/2024","3467","N335FR","PHX","20:03","20:45","42","39","0","0","0","0"
"F9","09/17/2024","3981","N373FR","SLC","11:25","11:18","-7","0","0","15","0","0"
"F9","09/17/2024","4070","N371FR","DFW","13:56","13:55","-1","0","0","0","0","0"
"F9","09/17/2024","4251","N375FR","SLC","13:58","13:56","-2","0","0","0","0","0"
"F9","09/17/2024","4371","N335FR","SNA","09:47","09:39","-8","0","0","0","0","0"
"F9","09/17/2024","4386","N706FR","CID","16:12","16:11","-1","0","0","0","0","0"
"F9","09/17/2024","4611","N654FR","LAS","22:42","22:53","11","0","0","0","0","0"
"F9","09/17/2024","4616","N716FR","MSP","21:15","21:05","-10","0","0","0","0","0"
"F9","09/17/2024","4721","N233FR","SLC","22:26","22:35","9","0","0","0","0","0"
"F9","09/17/2024","4794","N363FR","FAR","11:29","11:17","-12","0","0","0","0","0"
"F9","09/17/2024","4856","N235FR","IAH","20:40","20:36","-4","0","0","0","0","0"
"F9","09/17/2024","4927","N638FR","SAN","09:45","09:56","11","11","0","10","0","0"
"F9","09/17/2024","4967","N615FR","LAS","18:35","18:27","-8","0","0","0","0","0"
"F9","09/17/2024","4989","N363FR","SAN","17:14","17:12","-2","0","0","0","0","0"
"F9","09/18/2024","0686","N363FR","DCA","06:44","06:34","-10","0","0","0","0","0"
"F9","09/18/2024","0688","N230FR","DCA","12:46","12:42","-4","0","0","0","0","0"
"F9","09/18/2024","0690","N303FR","DCA","16:33","16:45","12","0","0","0","0","0"
"F9","09/18/2024","1093","N706FR","SFO","11:00","11:41","41","0","0","40","0","0"
"F9","09/18/2024","1128","N705FR","OMA","10:44","11:28","44","0","0","5","0","44"
"F9","09/18/2024","1150","N619FR","MSP","08:55","08:54","-1","0","0","0","0","0"
"F9","09/18/2024","1175","N638FR","SEA","06:00","05:50","-10","0","0","0","0","0"
"F9","09/18/2024","1261","N654FR","ONT","08:20","08:19","-1","0","0","0","0","0"
"F9","09/18/2024","1292","N638FR","MSP","21:15","21:10","-5","0","0","0","0","0"
"F9","09/18/2024","1362","N641FR","CLT","13:44","13:43","-1","0","0","0","0","0"
"F9","09/18/2024","1375","N701FR","PHX","07:00","06:50","-10","0","0","0","0","0"
"F9","09/18/2024","1499","N716FR","ONT","22:38","22:55","17","17","0","15","0","0"
"F9","09/18/2024","1560","N646FR","MSN","13:04","13:11","7","0","0","0","0","0"
"F9","09/18/2024","1678","N235FR","DSM","15:19","15:13","-6","0","0","0","0","0"
"F9","09/18/2024","1734","N615FR","MCO","00:20","00:44","24","0","0","0","0","0"
"F9","09/18/2024","1784","N639FR","BNA","12:24","12:23","-1","0","0","0","0","0"
"F9","09/18/2024","1789","N332FR","PDX","08:25","08:23","-2","0","0","0","0","0"
"F9","09/18/2024","1816","N363FR","AUS","15:54","15:55","1","0","0","0","0","0"
"F9","09/18/2024","1819","N342FR","PHX","09:01","09:25","24","15","0","0","0","0"
"F9","09/18/2024","1864","N387FR","OKC","11:37","11:31","-6","0","0","0","0","0"
"F9","09/18/2024","2015","N639FR","LAS","06:00","05:52","-8","0","0","0","0","0"
"F9","09/18/2024","2105","N375FR","PHX","20:03","19:50","-13","0","0","0","0","0"
"F9","09/18/2024","2108","N385FR","FSD","10:02","09:58","-4","0","0","0","0","0"
"F9","09/18/2024","2141","N389FR","PHX","13:54","13:47","-7","0","0","0","0","0"
"F9","09/18/2024","2210","N358FR","MDW","12:28","13:06","38","0","0","0","0","0"
"F9","09/18/2024","2212","N332FR","DTW","15:36","15:58","22","0","0","0","0","0"
"F9","09/18/2024","2261","N710FR","ELP","08:35","09:08","33","0","0","0","0","28"
"F9","09/18/2024","2341","N646FR","LAX","05:55","05:45","-10","0","0","0","0","0"
"F9","09/18/2024","2348","N715FR","IND","08:00","07:52","-8","0","0","0","0","0"
"F9","09/18/2024","2356","N716FR","SAT","07:10","08:04","54","0","0","3","0","54"
"F9","09/18/2024","2429","N622FR","LAS","15:19","15:19","0","0","0","0","0","0"
"F9","09/18/2024","2440","N385FR","RDU","15:11","15:02","-9","0","0","0","0","0"
"F9","09/18/2024","2632","N374FR","DFW","18:17","18:09","-8","0","0","0","0","0"
"F9","09/18/2024","2746","N611FR","TPA","11:25","11:34","9","0","0","0","0","0"
"F9","09/18/2024","3155","N638FR","LAX","13:55","14:02","7","0","0","8","0","7"
"F9","09/18/2024","3162","N634FR","LGA","15:16","15:15","-1","0","0","0","0","0"
"F9","09/18/2024","3172","N624FR","ORD","19:24","19:37","13","0","0","0","0","0"
"F9","09/18/2024","3230","N704FR","IAH","08:25","08:21","-4","0","0","0","0","0"
"F9","09/18/2024","3286","N309FR","CVG","08:27","08:28","1","0","0","0","0","0"
"F9","09/18/2024","3294","N639FR","ATL","23:49","23:47","-2","0","0","0","0","0"
"F9","09/18/2024","3306","N344FR","STL","20:44","20:31","-13","0","0","0","0","0"
"F9","09/18/2024","3312","N308FR","MCO","10:21","10:23","2","0","0","0","0","0"
"F9","09/18/2024","3340","N318FR","PHL","23:59","23:53","-6","0","0","23","0","0"
"F9","09/18/2024","3376","N716FR","MCI","13:46","14:06","20","0","0","0","0","0"
"F9","09/18/2024","3405","N709FR","SEA","17:23","17:17","-6","0","0","0","0","0"
"F9","09/18/2024","3439","N715FR","SFO","22:35","22:33","-2","0","0","0","0","0"
"F9","09/18/2024","3539","N710FR","LAS","22:46","22:40","-6","0","0","0","0","0"
"F9","09/18/2024","3930","N629FR","PNS","14:19","14:22","3","0","0","0","0","0"
"F9","09/18/2024","3981","N303FR","SLC","11:25","11:17","-8","0","0","0","0","0"
"F9","09/18/2024","4070","N348FR","DFW","13:56","13:59","3","0","0","0","0","0"
"F9","09/18/2024","4251","N377FR","SLC","14:00","13:59","-1","0","0","0","0","0"
"F9","09/18/2024","4344","N715FR","XNA","15:25","15:20","-5","0","0","0","0","0"
"F9","09/18/2024","4349","N363FR","PDX","22:23","22:19","-4","0","0","0","0","0"
"F9","09/18/2024","4371","N326FR","SNA","09:47","09:42","-5","0","0","0","0","0"
"F9","09/18/2024","4386","N705FR","CID","16:12","16:33","21","0","0","0","0","0"
"F9","09/18/2024","4464","N373FR","DFW","08:09","08:04","-5","0","0","0","0","0"
"F9","09/18/2024","4626","N235FR","MEM","08:40","08:40","0","0","0","0","0","0"
"F9","09/18/2024","4721","N230FR","SLC","22:26","22:23","-3","0","0","0","0","0"
"F9","09/18/2024","4753","N326FR","PHX","22:59","23:31","32","0","0","0","0","27"
"F9","09/18/2024","4794","N710FR","FAR","14:29","14:26","-3","0","0","0","0","0"
"F9","09/18/2024","4856","N235FR","IAH","20:40","20:46","6","0","0","0","0","0"
"F9","09/18/2024","4927","N709FR","SAN","10:15","10:22","7","0","0","0","0","0"
"F9","09/18/2024","4967","N706FR","LAS","18:35","18:34","-1","0","0","0","0","0"
"F9","09/18/2024","4989","N326FR","SAN","16:49","16:38","-11","0","0","0","0","0"
"F9","09/19/2024","0686","N377FR","DCA","06:44","06:30","-14","0","0","0","0","0"
"F9","09/19/2024","0688","N375FR","DCA","12:46","12:44","-2","0","0","0","0","0"
"F9","09/19/2024","0690","N385FR","DCA","16:33","16:23","-10","0","0","0","0","0"
"F9","09/19/2024","1093","N394FR","SFO","17:33","17:29","-4","0","0","0","0","0"
"F9","09/19/2024","1128","N715FR","OMA","10:44","10:41","-3","0","0","0","0","0"
"F9","09/19/2024","1162","N230FR","HOU","08:24","08:13","-11","0","0","0","0","0"
"F9","09/19/2024","1175","N634FR","SEA","06:00","05:51","-9","0","0","0","0","0"
"F9","09/19/2024","1248","N635FR","GRR","15:04","15:10","6","0","0","0","0","0"
"F9","09/19/2024","1261","N717FR","ONT","06:00","05:51","-9","0","0","0","0","0"
"F9","09/19/2024","1282","N712FR","MIA","18:01","18:03","2","0","0","0","0","0"
"F9","09/19/2024","1324","N654FR","DFW","05:05","04:55","-10","0","0","0","0","0"
"F9","09/19/2024","1362","N629FR","CLT","13:44","13:37","-7","0","0","20","0","0"
"F9","09/19/2024","1375","N386FR","PHX","06:45","06:33","-12","0","0","0","0","0"
"F9","09/19/2024","1402","N709FR","BNA","05:50","05:41","-9","0","0","0","0","0"
"F9","09/19/2024","1450","N612FR","ATL","14:33","14:38","5","0","0","0","0","0"
"F9","09/19/2024","1484","N612FR","ORD","07:00","06:52","-8","0","0","0","0","0"
"F9","09/19/2024","1499","N721FR","ONT","22:38","22:40","2","2","0","13","0","0"
"F9","09/19/2024","1560","N641FR","MSN","13:20","13:10","-10","0","0","0","0","0"
"F9","09/19/2024","1608","N387FR","MKE","07:57","08:12","15","0","0","0","0","0"
"F9","09/19/2024","1678","N376FR","DSM","14:50","14:40","-10","0","0","0","0","0"
"F9","09/19/2024","1734","N330FR","MCO","00:20","00:13","-7","0","0","0","0","0"
"F9","09/19/2024","1752","N363FR","CVG","18:47","19:24","37","0","0","0","0","0"
"F9","09/19/2024","1784","N717FR","BNA","15:30","15:21","-9","0","0","0","0","0"
"F9","09/19/2024","1789","N363FR","PDX","11:30","11:25","-5","0","0","0","0","0"
"F9","09/19/2024","1816","N721FR","AUS","06:17","06:05","-12","0","0","0","0","0"
"F9","09/19/2024","1819","N326FR","PHX","09:01","08:52","-9","0","0","0","0","0"
"F9","09/19/2024","1864","N377FR","OKC","15:54","15:49","-5","0","0","0","0","0"
"F9","09/19/2024","1918","N709FR","CLE","13:30","13:31","1","0","0","0","0","0"
"F9","09/19/2024","2015","N233FR","LAS","10:06","10:22","16","16","0","14","0","0"
"F9","09/19/2024","2108","N303FR","FSD","10:04","09:56","-8","0","0","0","0","0"
"F9","09/19/2024","2141","N387FR","PHX","14:40","14:41","1","0","0","0","0","0"
"F9","09/19/2024","2210","N230FR","MDW","15:25","15:20","-5","0","0","0","0","0"
"F9","09/19/2024","2226","N638FR","RDU","07:30","07:54","24","0","0","1","0","24"
"F9","09/19/2024","2261","N723FR","ELP","08:35","08:35","0","0","0","0","0","0"
"F9","09/19/2024","2341","N705FR","LAX","05:55","05:45","-10","0","0","0","0","0"
"F9","09/19/2024","2348","N716FR","IND","11:00","10:51","-9","0","0","0","0","0"
"F9","09/19/2024","2356","N379FR","SAT","05:40","06:33","53","53","0","0","0","0"
"F9","09/19/2024","2360","N629FR","MSY","06:00","05:52","-8","0","0","0","0","0"
"F9","09/19/2024","2429","N645FR","LAS","16:33","17:59","86","0","0","110","0","0"
"F9","09/19/2024","2440","N303FR","RDU","15:13","15:23","10","0","0","0","0","0"
"F9","09/19/2024","2632","N654FR","DFW","18:05","18:20","15","15","0","48","0","0"
"F9","09/19/2024","2687","N709FR","PDX","22:13","22:42","29","24","0","0","0","0"
"F9","09/19/2024","2706","N394FR","BWI","08:11","08:04","-7","0","0","0","0","0"
"F9","09/19/2024","2746","N642FR","TPA","13:38","13:46","8","0","0","0","0","0"
"F9","09/19/2024","2817","N635FR","SAN","05:38","05:29","-9","0","0","0","0","0"
"F9","09/19/2024","2890","N619FR","AUS","17:29","17:33","4","0","0","0","0","0"
"F9","09/19/2024","3155","N634FR","LAX","13:55","13:58","3","0","0","0","0","0"
"F9","09/19/2024","3162","N646FR","LGA","15:16","15:14","-2","0","0","0","0","0"
"F9","09/19/2024","3172","N366FR","ORD","20:15","20:43","28","0","0","0","0","24"
"F9","09/19/2024","3200","N710FR","MSP","05:10","05:00","-10","0","0","0","0","0"
"F9","09/19/2024","3230","N332FR","IAH","05:05","04:52","-13","0","0","0","0","0"
"F9","09/19/2024","3286","N613FR","CVG","08:37","08:42","5","0","0","0","0","0"
"F9","09/19/2024","3294","N705FR","ATL","23:49","23:46","-3","0","0","0","0","0"
"F9","09/19/2024","3302","N358FR","STL","20:14","20:31","17","0","0","0","0","0"
"F9","09/19/2024","3312","N710FR","MCO","09:05","11:26","141","0","0","0","0","115"
"F9","09/19/2024","3340","N353FR","PHL","23:59","00:42","43","0","0","0","0","38"
"F9","09/19/2024","3374","N716FR","MCI","18:30","18:23","-7","0","0","0","0","0"
"F9","09/19/2024","3405","N633FR","SEA","18:42","18:45","3","0","0","0","0","0"
"F9","09/19/2024","3439","N715FR","SFO","22:35","22:34","-1","0","0","0","0","0"
"F9","09/19/2024","3467","N339FR","PHX","20:23","20:28","5","0","0","0","0","0"
"F9","09/19/2024","3566","N641FR","DTW","05:15","05:08","-7","0","0","0","0","0"
"F9","09/19/2024","3665","N705FR","SMF","13:10","13:10","0","0","0","0","0","0"
"F9","09/19/2024","3930","N721FR","PNS","12:58","13:04","6","0","0","0","0","0"
"F9","09/19/2024","3949","N634FR","LAS","22:46","22:43","-3","0","0","0","0","0"
"F9","09/19/2024","3981","N385FR","SLC","11:25","11:11","-14","0","0","0","0","0"
"F9","09/19/2024","4070","N654FR","DFW","11:33","11:26","-7","0","0","0","0","0"
"F9","09/19/2024","4251","N638FR","SLC","17:05","16:57","-8","0","0","0","0","0"
"F9","09/19/2024","4344","N379FR","XNA","11:26","12:59","93","0","0","0","0","73"
"F9","09/19/2024","4371","N332FR","SNA","12:02","11:56","-6","0","0","0","0","0"
"F9","09/19/2024","4374","N646FR","PIT","06:36","06:28","-8","0","0","0","0","0"
"F9","09/19/2024","4386","N715FR","CID","16:12","16:11","-1","0","0","0","0","0"
"F9","09/19/2024","4464","N235FR","DFW","08:09","08:07","-2","0","0","0","0","0"
"F9","09/19/2024","4611","N389FR","LAS","20:45","02:08","323","0","0","0","0","319"
"F9","09/19/2024","4616","N641FR","MSP","21:15","21:06","-9","0","0","0","0","0"
"F9","09/19/2024","4721","N375FR","SLC","22:26","22:29","3","0","0","0","0","0"
"F9","09/19/2024","4753","N307FR","PHX","23:30","23:20","-10","0","0","0","0","0"
"F9","09/19/2024","4776","N723FR","LIT","14:29","14:26","-3","0","0","0","0","0"
"F9","09/19/2024","4794","N378FR","FAR","12:00","11:50","-10","0","0","0","0","0"
"F9","09/19/2024","4856","N332FR","IAH","20:40","20:30","-10","0","0","0","0","0"
"F9","09/19/2024","4917","N633FR","SJC","09:08","09:46","38","0","0","2","0","38"
"F9","09/19/2024","4927","N331FR","SAN","19:56","19:50","-6","0","0","24","0","0"
"F9","09/19/2024","4967","N378FR","LAS","18:45","20:15","90","0","0","101","0","0"
"F9","09/19/2024","4989","N379FR","SAN","17:42","18:50","68","28","0","0","0","39"
"F9","09/20/2024","0686","N378FR","DCA","06:44","07:50","66","44","0","0","0","0"
"F9","09/20/2024","0688","N394FR","DCA","12:46","12:35","-11","0","0","0","0","0"
"F9","09/20/2024","0690","N326FR","DCA","16:33","17:09","36","0","0","0","0","0"
"F9","09/20/2024","1093","N629FR","SFO","17:19","17:23","4","0","0","0","0","0"
"F9","09/20/2024","1128","N326FR","OMA","11:25","11:19","-6","0","0","0","0","0"
"F9","09/20/2024","1150","N716FR","MSP","06:03","05:54","-9","0","0","0","0","0"
"F9","09/20/2024","1162","N332FR","HOU","15:31","15:26","-5","0","0","0","0","0"
"F9","09/20/2024","1175","N376FR","SEA","06:00","05:56","-4","0","0","0","0","0"
"F9","09/20/2024","1228","N377FR","MDW","19:37","20:29","52","12","0","0","0","22"
"F9","09/20/2024","1248","N633FR","GRR","15:18","15:17","-1","0","0","0","0","0"
"F9","09/20/2024","1261","N633FR","ONT","06:00","05:57","-3","0","0","0","0","0"
"F9","09/20/2024","1282","N712FR","MIA","18:01","18:12","11","0","0","0","0","0"
"F9","09/20/2024","1292","N619FR","MSP","21:15","21:41","26","0","0","0","0","0"
"F9","09/20/2024","1324","N612FR","DFW","05:05","04:56","-9","0","0","0","0","0"
"F9","09/20/2024","1362","N638FR","CLT","14:47","14:49","2","0","0","0","0","0"
"F9","09/20/2024","1402","N377FR","BNA","06:00","05:57","-3","0","0","0","0","0"
"F9","09/20/2024","1450","N705FR","ATL","14:29","15:56","87","6","0","0","0","63"
"F9","09/20/2024","1484","N646FR","ORD","05:01","04:55","-6","0","0","0","0","0"
"F9","09/20/2024","1499","N394FR","ONT","22:38","22:36","-2","0","0","0","0","0"
"F9","09/20/2024","1560","N377FR","MSN","13:17","13:14","-3","0","0","0","0","0"
"F9","09/20/2024","1608","N709FR","MKE","10:36","10:38","2","0","0","0","0","0"
"F9","09/20/2024","1678","N375FR","DSM","15:03","14:57","-6","0","0","0","0","0"
"F9","09/20/2024","1734","N379FR","MCO","00:20","01:20","60","0","0","0","0","29"
"F9","09/20/2024","1784","N635FR","BNA","16:34","16:27","-7","0","0","0","0","0"
"F9","09/20/2024","1789","N232FR","PDX","06:10","05:58","-12","0","0","0","0","0"
"F9","09/20/2024","1819","N386FR","PHX","08:52","08:39","-13","0","0","0","0","0"
"F9","09/20/2024","1864","N629FR","OKC","11:47","12:38","51","36","0","0","0","0"
"F9","09/20/2024","1918","N625FR","CLE","05:15","05:07","-8","0","0","0","0","0"
"F9","09/20/2024","1993","N394FR","LAS","06:00","05:48","-12","0","0","0","0","0"
"F9","09/20/2024","2015","N370FR","LAS","10:01","09:55","-6","0","0","0","0","0"
"F9","09/20/2024","2108","N715FR","FSD","17:11","17:01","-10","0","0","0","0","0"
"F9","09/20/2024","2141","N387FR","PHX","14:46","14:35","-11","0","0","0","0","0"
"F9","09/20/2024","2210","N335FR","MDW","08:40","08:33","-7","0","0","0","0","0"
"F9","09/20/2024","2212","N721FR","DTW","16:12","16:05","-7","0","0","0","0","0"
"F9","09/20/2024","2261","N721FR","ELP","10:10","10:01","-9","0","0","0","0","0"
"F9","09/20/2024","2341","N654FR","LAX","05:55","05:48","-7","0","0","0","0","0"
"F9","09/20/2024","2348","N635FR","IND","09:05","08:55","-10","0","0","0","0","0"
"F9","09/20/2024","2356","N619FR","SAT","07:00","06:48","-12","0","0","0","0","0"
"F9","09/20/2024","2374","N604FR","TYS","13:43","13:34","-9","0","0","0","0","0"
"F9","09/20/2024","2421","N709FR","SAN","17:55","17:55","0","0","0","17","0","0"
"F9","09/20/2024","2440","N385FR","RDU","15:13","15:12","-1","0","0","0","0","0"
"F9","09/20/2024","2632","N652FR","DFW","18:05","18:15","10","0","0","0","0","0"
"F9","09/20/2024","2687","N332FR","PDX","22:23","22:34","11","0","0","0","0","0"
"F9","09/20/2024","2746","N625FR","TPA","13:38","13:46","8","0","0","0","0","0"
"F9","09/20/2024","2752","N232FR","BUF","13:16","14:28","72","43","0","0","0","0"
"F9","09/20/2024","2817","N717FR","SAN","05:38","05:29","-9","0","0","0","0","0"
"F9","09/20/2024","2890","N323FR","AUS","15:54","15:49","-5","0","0","0","0","0"
"F9","09/20/2024","2986","N230FR","CLT","05:01","04:56","-5","0","0","0","0","0"
"F9","09/20/2024","3101","N717FR","MSO","14:58","14:48","-10","0","0","0","0","0"
"F9","09/20/2024","3155","N376FR","LAX","13:55","13:48","-7","0","0","17","0","0"
"F9","09/20/2024","3162","N641FR","LGA","15:16","15:16","0","0","0","0","0","0"
"F9","09/20/2024","3172","N717FR","ORD","21:13","23:22","129","100","0","0","0","0"
"F9","09/20/2024","3230","N705FR","IAH","07:30","08:32","62","0","0","0","0","56"
"F9","09/20/2024","3286","N356FR","CVG","08:27","08:17","-10","0","0","0","0","0"
"F9","09/20/2024","3294","N654FR","ATL","23:49","00:31","42","24","0","0","0","0"
"F9","09/20/2024","3302","N375FR","STL","20:28","20:21","-7","0","0","0","0","0"
"F9","09/20/2024","3312","N309FR","MCO","10:42","10:39","-3","0","0","0","0","0"
"F9","09/20/2024","3340","N604FR","PHL","23:59","00:28","29","16","0","0","0","0"
"F9","09/20/2024","3376","N716FR","MCI","12:19","12:14","-5","0","0","0","0","0"
"F9","09/20/2024","3405","N366FR","SEA","18:42","18:28","-14","0","0","0","0","0"
"F9","09/20/2024","3439","N723FR","SFO","22:34","22:32","-2","0","0","0","0","0"
"F9","09/20/2024","3467","N230FR","PHX","20:57","23:18","141","102","0","0","0","39"
"F9","09/20/2024","3539","N718FR","LAS","22:46","23:39","53","0","0","0","0","48"
"F9","09/20/2024","3566","N638FR","DTW","06:35","06:30","-5","0","0","0","0","0"
"F9","09/20/2024","3665","N654FR","SMF","13:05","13:30","25","0","0","0","0","0"
"F9","09/20/2024","3843","N646FR","LAS","18:33","18:54","21","0","0","21","0","0"
"F9","09/20/2024","3861","N629FR","SLC","06:31","06:18","-13","0","0","0","0","0"
"F9","09/20/2024","3930","N230FR","PNS","13:46","13:52","6","0","0","0","0","0"
"F9","09/20/2024","3981","N385FR","SLC","10:14","10:02","-12","0","0","0","0","0"
"F9","09/20/2024","4070","N652FR","DFW","11:33","11:31","-2","0","0","0","0","0"
"F9","09/20/2024","4251","N386FR","SLC","14:30","14:21","-9","0","0","0","0","0"
"F9","09/20/2024","4344","N332FR","XNA","09:49","09:41","-8","0","0","0","0","0"
"F9","09/20/2024","4371","N375FR","SNA","08:24","08:13","-11","0","0","0","0","0"
"F9","09/20/2024","4386","N715FR","CID","10:44","10:37","-7","0","0","0","0","0"
"F9","09/20/2024","4464","N348FR","DFW","07:12","07:03","-9","0","0","0","0","0"
"F9","09/20/2024","4562","N716FR","MSY","18:02","17:55","-7","0","0","0","0","0"
"F9","09/20/2024","4576","N619FR","CMH","13:36","13:45","9","0","0","0","0","0"
"F9","09/20/2024","4611","N376FR","LAS","20:45","21:19","34","0","0","25","0","10"
"F9","09/20/2024","4626","N641FR","MEM","08:15","08:15","0","0","0","0","0","0"
"F9","09/20/2024","4721","N232FR","SLC","22:26","22:40","14","0","0","0","0","0"
"F9","09/20/2024","4753","N378FR","PHX","23:25","23:21","-4","0","0","0","0","0"
"F9","09/20/2024","4765","N303FR","PHX","11:25","11:21","-4","0","0","0","0","0"
"F9","09/20/2024","4794","N646FR","FAR","12:32","12:34","2","0","0","0","0","0"
"F9","09/20/2024","4856","N328FR","IAH","20:40","20:39","-1","0","0","0","0","0"
"F9","09/20/2024","4917","N723FR","SJC","09:47","09:47","0","0","0","0","0","0"
"F9","09/20/2024","4991","N311FR","SAN","20:00","20:14","14","14","0","37","0","0"
"F9","09/21/2024","0686","N384FR","DCA","06:44","06:35","-9","0","0","0","0","0"
"F9","09/21/2024","0688","N304FR","DCA","12:46","12:53","7","0","0","0","0","0"
"F9","09/21/2024","0690","N385FR","DCA","16:33","16:33","0","0","0","0","0","0"
"F9","09/21/2024","1093","N635FR","SFO","11:00","11:34","34","20","0","0","0","0"
"F9","09/21/2024","1128","N715FR","OMA","10:54","10:48","-6","0","0","0","0","0"
"F9","09/21/2024","1150","N709FR","MSP","08:00","07:55","-5","0","0","0","0","0"
"F9","09/21/2024","1175","N652FR","SEA","06:00","05:52","-8","0","0","0","0","0"
"F9","09/21/2024","1248","N609FR","GRR","13:43","13:58","15","0","0","0","0","0"
"F9","09/21/2024","1261","N323FR","ONT","06:00","05:56","-4","0","0","0","0","0"
"F9","09/21/2024","1280","N330FR","MIA","10:12","10:16","4","0","0","0","0","0"
"F9","09/21/2024","1292","N609FR","MSP","21:15","22:07","52","8","0","0","0","26"
"F9","09/21/2024","1362","N652FR","CLT","13:55","13:46","-9","0","0","0","0","0"
"F9","09/21/2024","1450","N607FR","ATL","14:29","14:30","1","0","0","0","0","0"
"F9","09/21/2024","1499","N715FR","ONT","22:38","22:55","17","0","0","0","0","0"
"F9","09/21/2024","1560","N613FR","MSN","09:30","09:20","-10","0","0","0","0","0"
"F9","09/21/2024","1678","N323FR","DSM","15:03","15:14","11","0","0","0","0","0"
"F9","09/21/2024","1734","N713FR","MCO","00:20","00:15","-5","0","0","0","0","0"
"F9","09/21/2024","1784","N705FR","BNA","12:24","12:18","-6","0","0","0","0","0"
"F9","09/21/2024","1789","N373FR","PDX","08:25","08:24","-1","0","0","0","0","0"
"F9","09/21/2024","1819","N339FR","PHX","09:25","09:17","-8","0","0","0","0","0"
"F9","09/21/2024","1864","N654FR","OKC","09:47","09:39","-8","0","0","0","0","0"
"F9","09/21/2024","1993","N322FR","LAS","10:06","09:59","-7","0","0","0","0","0"
"F9","09/21/2024","2015","N705FR","LAS","06:00","05:59","-1","0","0","0","0","0"
"F9","09/21/2024","2105","N371FR","PHX","19:00","19:04","4","0","0","0","0","0"
"F9","09/21/2024","2108","N326FR","FSD","10:04","09:53","-11","0","0","0","0","0"
"F9","09/21/2024","2141","N303FR","PHX","14:45","14:34","-11","0","0","0","0","0"
"F9","09/21/2024","2148","N365FR","DFW","08:44","08:35","-9","0","0","0","0","0"
"F9","09/21/2024","2210","N371FR","MDW","12:00","12:06","6","0","0","0","0","0"
"F9","09/21/2024","2212","N704FR","DTW","15:36","15:56","20","0","0","0","0","0"
"F9","09/21/2024","2261","N619FR","ELP","08:35","08:25","-10","0","0","0","0","0"
"F9","09/21/2024","2341","N716FR","LAX","05:55","05:45","-10","0","0","0","0","0"
"F9","09/21/2024","2348","N394FR","IND","12:00","11:55","-5","0","0","0","0","0"
"F9","09/21/2024","2356","N638FR","SAT","07:00","06:59","-1","0","0","0","0","0"
"F9","09/21/2024","2429","N619FR","LAS","16:33","16:36","3","0","0","0","0","0"
"F9","09/21/2024","2440","N326FR","RDU","15:13","15:05","-8","0","0","0","0","0"
"F9","09/21/2024","2550","N374FR","DFW","21:16","21:05","-11","0","0","0","0","0"
"F9","09/21/2024","2746","N716FR","TPA","13:38","13:45","7","0","0","0","0","0"
"F9","09/21/2024","2817","N629FR","SAN","10:10","10:02","-8","0","0","0","0","0"
"F9","09/21/2024","2890","N384FR","AUS","15:54","15:48","-6","0","0","0","0","0"
"F9","09/21/2024","3155","N638FR","LAX","13:55","14:04","9","0","0","0","0","0"
"F9","09/21/2024","3162","N654FR","LGA","15:16","15:38","22","0","0","16","0","22"
"F9","09/21/2024","3174","N723FR","ORD","19:24","21:06","102","84","0","0","0","0"
"F9","09/21/2024","3206","N704FR","IAH","08:25","08:17","-8","0","0","0","0","0"
"F9","09/21/2024","3286","N328FR","CVG","08:27","08:21","-6","0","0","0","0","0"
"F9","09/21/2024","3294","N709FR","ATL","23:49","00:22","33","21","0","0","0","0"
"F9","09/21/2024","3302","N230FR","STL","20:28","20:28","0","0","0","0","0","0"
"F9","09/21/2024","3312","N633FR","MCO","10:37","10:32","-5","0","0","0","0","0"
"F9","09/21/2024","3340","N353FR","PHL","23:59","00:01","2","0","0","0","0","0"
"F9","09/21/2024","3376","N613FR","MCI","16:57","16:58","1","0","0","0","0","0"
"F9","09/21/2024","3405","N629FR","SEA","18:42","18:28","-14","0","0","0","0","0"
"F9","09/21/2024","3439","N705FR","SFO","22:45","22:49","4","0","0","0","0","0"
"F9","09/21/2024","3467","N307FR","PHX","21:30","21:45","15","0","0","0","0","0"
"F9","09/21/2024","3539","N638FR","LAS","22:46","22:39","-7","0","0","0","0","0"
"F9","09/21/2024","3665","N646FR","SMF","13:30","13:27","-3","0","0","0","0","0"
"F9","09/21/2024","3843","N635FR","LAS","18:35","18:38","3","0","0","0","0","0"
"F9","09/21/2024","3930","N232FR","PNS","08:54","08:42","-12","0","0","0","0","0"
"F9","09/21/2024","3981","N385FR","SLC","11:30","11:33","3","0","0","0","0","0"
"F9","09/21/2024","4070","N365FR","DFW","14:55","14:53","-2","0","0","0","0","0"
"F9","09/21/2024","4249","N332FR","SLC","18:31","18:26","-5","0","0","0","0","0"
"F9","09/21/2024","4349","N304FR","PDX","22:23","22:36","13","0","0","0","0","0"
"F9","09/21/2024","4371","N332FR","SNA","11:50","11:40","-10","0","0","0","0","0"
"F9","09/21/2024","4386","N715FR","CID","16:22","16:18","-4","0","0","0","0","0"
"F9","09/21/2024","4464","N373FR","DFW","17:45","20:22","157","147","0","0","0","0"
"F9","09/21/2024","4721","N394FR","SLC","22:26","22:39","13","0","0","0","0","0"
"F9","09/21/2024","4765","N230FR","PHX","12:04","12:34","30","0","0","0","0","28"
"F9","09/21/2024","4794","N709FR","FAR","14:14","14:11","-3","0","0","0","0","0"
"F9","09/21/2024","4856","N344FR","IAH","20:40","20:36","-4","0","0","0","0","0"
"F9","09/21/2024","4927","N311FR","SAN","12:10","11:57","-13","0","0","20","0","0"
"F9","09/21/2024","4989","N232FR","SAN","16:49","16:53","4","0","0","0","0","0"
"F9","09/22/2024","0686","N365FR","DCA","06:44","06:35","-9","0","0","0","0","0"
"F9","09/22/2024","0688","N366FR","DCA","12:46","12:40","-6","0","0","0","0","0"
"F9","09/22/2024","0690","N326FR","DCA","16:33","16:33","0","0","0","0","0","0"
"F9","09/22/2024","1093","N344FR","SFO","17:33","18:50","77","58","0","0","0","4"
"F9","09/22/2024","1128","N715FR","OMA","10:44","11:00","16","0","0","0","0","0"
"F9","09/22/2024","1162","N385FR","HOU","15:37","16:08","31","2","0","3","0","29"
"F9","09/22/2024","1175","N614FR","SEA","06:00","05:59","-1","0","0","0","0","0"
"F9","09/22/2024","1248","N704FR","GRR","15:18","15:36","18","0","0","0","0","0"
"F9","09/22/2024","1261","N704FR","ONT","06:00","05:52","-8","0","0","0","0","0"
"F9","09/22/2024","1280","N702FR","MIA","06:00","06:39","39","25","0","0","0","0"
"F9","09/22/2024","1324","N638FR","DFW","05:30","05:26","-4","0","0","0","0","0"
"F9","09/22/2024","1362","N654FR","CLT","14:58","15:01","3","0","0","0","0","0"
"F9","09/22/2024","1375","N366FR","PHX","06:45","06:35","-10","0","0","0","0","0"
"F9","09/22/2024","1402","N629FR","BNA","07:03","07:34","31","29","0","0","0","0"
"F9","09/22/2024","1450","N646FR","ATL","13:38","14:07","29","0","0","0","0","0"
"F9","09/22/2024","1484","N616FR","ORD","05:01","04:59","-2","0","0","0","0","0"
"F9","09/22/2024","1499","N646FR","ONT","22:38","23:58","80","76","0","0","0","0"
"F9","09/22/2024","1560","N613FR","MSN","12:30","12:33","3","0","0","0","0","0"
"F9","09/22/2024","1608","N394FR","MKE","08:24","08:19","-5","0","0","0","0","0"
"F9","09/22/2024","1678","N232FR","DSM","14:50","14:47","-3","0","0","0","0","0"
"F9","09/22/2024","1734","N336FR","MCO","00:20","00:19","-1","0","0","0","0","0"
"F9","09/22/2024","1752","N375FR","CVG","18:47","18:52","5","0","0","0","0","0"
"F9","09/22/2024","1784","N607FR","BNA","13:48","13:53","5","0","0","0","0","0"
"F9","09/22/2024","1789","N232FR","PDX","07:48","07:41","-7","0","0","0","0","0"
"F9","09/22/2024","1816","N613FR","AUS","05:55","05:49","-6","0","0","0","0","0"
"F9","09/22/2024","1819","N352FR","PHX","08:52","08:48","-4","0","0","0","0","0"
"F9","09/22/2024","1864","N371FR","OKC","10:26","10:23","-3","0","0","0","0","0"
"F9","09/22/2024","1918","N721FR","CLE","13:30","20:08","398","383","0","0","0","0"
"F9","09/22/2024","1993","N359FR","LAS","10:06","10:08","2","0","0","0","0","0"
"F9","09/22/2024","2108","N385FR","FSD","10:04","11:01","57","0","0","0","0","45"
"F9","09/22/2024","2141","N332FR","PHX","14:40","14:42","2","0","0","0","0","0"
"F9","09/22/2024","2210","N304FR","MDW","10:30","10:51","21","0","0","0","0","0"
"F9","09/22/2024","2212","N702FR","DTW","16:28","16:46","18","0","0","0","0","0"
"F9","09/22/2024","2226","N606FR","RDU","07:30","07:23","-7","0","0","0","0","0"
"F9","09/22/2024","2261","N609FR","ELP","08:35","08:27","-8","0","0","0","0","0"
"F9","09/22/2024","2341","N652FR","LAX","05:55","05:48","-7","0","0","0","0","0"
"F9","09/22/2024","2348","N629FR","IND","14:45","14:57","12","0","0","0","0","0"
"F9","09/22/2024","2349","N380FR","LAS","12:11","12:04","-7","0","0","0","0","0"
"F9","09/22/2024","2356","N705FR","SAT","11:00","11:04","4","0","0","0","0","0"
"F9","09/22/2024","2360","N646FR","MSY","06:00","05:57","-3","0","0","0","0","0"
"F9","09/22/2024","2421","N705FR","SAN","17:52","17:42","-10","0","0","0","0","0"
"F9","09/22/2024","2429","N634FR","LAS","16:33","16:29","-4","0","0","0","0","0"
"F9","09/22/2024","2440","N371FR","RDU","15:13","15:35","22","0","0","0","0","0"
"F9","09/22/2024","2632","N638FR","DFW","18:29","18:27","-2","0","0","22","0","0"
"F9","09/22/2024","2687","N607FR","PDX","22:13","00:20","127","0","0","0","0","114"
"F9","09/22/2024","2706","N344FR","BWI","08:11","08:39","28","0","0","0","0","0"
"F9","09/22/2024","2746","N614FR","TPA","13:38","14:25","47","4","0","0","0","38"
"F9","09/22/2024","2817","N654FR","SAN","05:38","05:25","-13","0","0","0","0","0"
"F9","09/22/2024","2890","N304FR","AUS","17:35","17:27","-8","0","0","0","0","0"
"F9","09/22/2024","3155","N716FR","LAX","13:55","13:52","-3","0","0","0","0","0"
"F9","09/22/2024","3162","N641FR","LGA","15:16","15:23","7","0","0","0","0","0"
"F9","09/22/2024","3174","N303FR","ORD","20:18","20:42","24","0","0","0","0","0"
"F9","09/22/2024","3200","N616FR","MSP","19:12","19:14","2","0","0","0","0","0"
"F9","09/22/2024","3230","N607FR","IAH","06:41","06:44","3","0","0","0","0","0"
"F9","09/22/2024","3286","N706FR","CVG","08:37","09:30","53","0","0","0","0","48"
"F9","09/22/2024","3294","N652FR","ATL","23:49","23:53","4","0","0","0","0","0"
"F9","09/22/2024","3302","N232FR","STL","20:14","19:59","-15","0","0","0","0","0"
"F9","09/22/2024","3312","N708FR","MCO","09:05","09:42","37","26","0","0","0","0"
"F9","09/22/2024","3340","N370FR","PHL","23:59","00:03","4","0","0","0","0","0"
"F9","09/22/2024","3374","N613FR","MCI","19:18","19:04","-14","0","0","0","0","0"
"F9","09/22/2024","3405","N612FR","SEA","18:42","19:07","25","22","0","0","0","0"
"F9","09/22/2024","3439","N715FR","SFO","22:38","22:37","-1","0","0","0","0","0"
"F9","09/22/2024","3467","N379FR","PHX","20:05","20:18","13","13","0","11","0","0"
"F9","09/22/2024","3665","N652FR","SMF","13:10","13:05","-5","0","0","0","0","0"
"F9","09/22/2024","3930","N394FR","PNS","15:16","15:38","22","0","0","0","0","0"
"F9","09/22/2024","3949","N629FR","LAS","22:42","22:33","-9","0","0","0","0","0"
"F9","09/22/2024","3981","N326FR","SLC","11:25","11:46","21","0","0","0","0","0"
"F9","09/22/2024","4070","N638FR","DFW","11:58","11:59","1","0","0","0","0","0"
"F9","09/22/2024","4251","N606FR","SLC","17:05","17:04","-1","0","0","0","0","0"
"F9","09/22/2024","4344","N616FR","XNA","13:08","12:53","-15","0","0","0","0","0"
"F9","09/22/2024","4371","N384FR","SNA","12:02","12:09","7","0","0","0","0","0"
"F9","09/22/2024","4374","N641FR","PIT","06:31","06:22","-9","0","0","0","0","0"
"F9","09/22/2024","4386","N715FR","CID","16:15","16:23","8","0","0","0","0","0"
"F9","09/22/2024","4464","N235FR","DFW","08:09","08:04","-5","0","0","27","0","0"
"F9","09/22/2024","4616","N609FR","MSP","21:15","21:04","-11","0","0","0","0","0"
"F9","09/22/2024","4721","N385FR","SLC","22:26","23:14","48","0","0","0","0","46"
"F9","09/22/2024","4753","N364FR","PHX","23:30","23:26","-4","0","0","0","0","0"
"F9","09/22/2024","4776","N609FR","LIT","14:29","14:25","-4","0","0","0","0","0"
"F9","09/22/2024","4794","N365FR","FAR","15:54","15:51","-3","0","0","0","0","0"
"F9","09/22/2024","4856","N323FR","IAH","20:40","20:57","17","17","0","4","0","0"
"F9","09/22/2024","4917","N612FR","SJC","09:08","09:02","-6","0","0","0","0","0"
"F9","09/22/2024","4967","N384FR","LAS","18:45","18:40","-5","0","0","0","0","0"
"F9","09/22/2024","4989","N230FR","SAN","19:56","20:39","43","36","0","0","0","4"
"F9","09/23/2024","0686","N394FR","DCA","06:44","06:38","-6","0","0","0","0","0"
"F9","09/23/2024","0688","N365FR","DCA","12:46","12:44","-2","0","0","0","0","0"
"F9","09/23/2024","0690","N388FR","DCA","16:33","16:25","-8","0","0","25","0","0"
"F9","09/23/2024","1093","N326FR","SFO","16:49","16:44","-5","0","0","0","0","0"
"F9","09/23/2024","1150","N721FR","MSP","07:00","07:55","55","44","0","0","0","0"
"F9","09/23/2024","1162","N377FR","HOU","15:49","19:33","224","52","0","0","0","151"
"F9","09/23/2024","1175","N654FR","SEA","06:00","06:01","1","0","0","0","0","0"
"F9","09/23/2024","1228","N344FR","MDW","18:41","22:36","235","30","0","0","0","185"
"F9","09/23/2024","1248","N721FR","GRR","13:14","13:47","33","0","0","0","0","20"
"F9","09/23/2024","1261","N716FR","ONT","06:00","05:51","-9","0","0","0","0","0"
"F9","09/23/2024","1282","N702FR","MIA","18:01","17:53","-8","0","0","0","0","0"
"F9","09/23/2024","1292","N705FR","MSP","20:57","21:18","21","16","0","0","0","0"
"F9","09/23/2024","1362","N641FR","CLT","13:43","13:52","9","0","0","0","0","0"
"F9","09/23/2024","1402","N705FR","BNA","06:40","06:30","-10","0","0","0","0","0"
"F9","09/23/2024","1450","N629FR","ATL","13:35","13:50","15","0","0","0","0","0"
"F9","09/23/2024","1484","N629FR","ORD","06:00","05:52","-8","0","0","0","0","0"
"F9","09/23/2024","1499","N236FR","ONT","22:38","01:21","163","0","0","0","0","141"
"F9","09/23/2024","1560","N335FR","MSN","15:44","19:09","205","0","0","2","0","205"
"F9","09/23/2024","1608","N607FR","MKE","10:36","10:42","6","0","0","0","0","0"
"F9","09/23/2024","1678","N385FR","DSM","15:03","15:00","-3","0","0","0","0","0"
"F9","09/23/2024","1734","N613FR","MCO","00:12","06:02","350","0","0","0","0","0"
"F9","09/23/2024","1784","N616FR","BNA","17:15","17:08","-7","0","0","0","0","0"
"F9","09/23/2024","1789","N375FR","PDX","08:46","08:55","9","0","0","0","0","0"
"F9","09/23/2024","1819","N339FR","PHX","08:52","09:30","38","34","0","0","0","0"
"F9","09/23/2024","1864","N326FR","OKC","11:37","11:27","-10","0","0","0","0","0"
"F9","09/23/2024","1874","N715FR","OMA","17:11","17:39","28","0","0","0","0","21"
"F9","09/23/2024","1918","N641FR","CLE","05:15","05:36","21","0","0","0","0","0"
"F9","09/23/2024","1993","N380FR","LAS","10:06","09:56","-10","0","0","0","0","0"
"F9","09/23/2024","2015","N365FR","LAS","06:00","05:53","-7","0","0","0","0","0"
"F9","09/23/2024","2105","N378FR","PHX","15:20","15:19","-1","0","0","48","0","0"
"F9","09/23/2024","2108","N304FR","FSD","10:04","10:01","-3","0","0","0","0","0"
"F9","09/23/2024","2141","N371FR","PHX","11:25","11:21","-4","0","0","0","0","0"
"F9","09/23/2024","2148","N651FR","DFW","07:22","07:12","-10","0","0","0","0","0"
"F9","09/23/2024","2210","N366FR","MDW","08:40","08:30","-10","0","0","0","0","0"
"F9","09/23/2024","2212","N704FR","DTW","15:56","15:56","0","0","0","0","0","0"
"F9","09/23/2024","2261","N716FR","ELP","15:18","15:42","24","0","0","0","0","0"
"F9","09/23/2024","2341","N606FR","LAX","05:55","05:50","-5","0","0","0","0","0"
"F9","09/23/2024","2348","N616FR","IND","09:44","09:56","12","0","0","0","0","0"
"F9","09/23/2024","2356","N709FR","SAT","09:00","08:55","-5","0","0","0","0","0"
"F9","09/23/2024","2374","N384FR","TYS","13:46","13:48","2","0","0","14","0","2"
"F9","09/23/2024","2421","N607FR","SAN","18:00","17:59","-1","0","0","0","0","0"
"F9","09/23/2024","2440","N304FR","RDU","15:13","15:12","-1","0","0","0","0","0"
"F9","09/23/2024","2632","N630FR","DFW","18:05","18:07","2","2","0","32","0","0"
"F9","09/23/2024","2687","N646FR","PDX","22:43","22:43","0","0","0","0","0","0"
"F9","09/23/2024","2746","N603FR","TPA","13:38","13:57","19","0","0","0","0","0"
"F9","09/23/2024","2752","N344FR","BUF","13:21","13:12","-9","0","0","0","0","0"
"F9","09/23/2024","2817","N612FR","SAN","05:38","05:28","-10","0","0","0","0","0"
"F9","09/23/2024","2890","N394FR","AUS","16:14","16:11","-3","0","0","0","0","0"
"F9","09/23/2024","2986","N384FR","CLT","05:01","04:47","-14","0","0","0","0","0"
"F9","09/23/2024","3101","N705FR","MSO","14:22","14:18","-4","0","0","0","0","0"
"F9","09/23/2024","3155","N654FR","LAX","13:55","14:13","18","0","0","0","0","0"
"F9","09/23/2024","3162","N609FR","LGA","15:16","15:12","-4","0","0","0","0","0"
"F9","09/23/2024","3172","N716FR","ORD","21:13","22:46","93","72","0","0","0","8"
"F9","09/23/2024","3206","N704FR","IAH","08:45","08:35","-10","0","0","0","0","0"
"F9","09/23/2024","3286","N323FR","CVG","08:27","09:06","39","0","0","0","0","24"
"F9","09/23/2024","3294","N638FR","ATL","23:49","23:54","5","0","0","0","0","0"
"F9","09/23/2024","3302","N365FR","STL","21:31","21:44","13","0","0","0","0","0"
"F9","09/23/2024","3312","N230FR","MCO","10:39","10:31","-8","0","0","0","0","0"
"F9","09/23/2024","3340","N326FR","PHL","23:59","00:41","42","34","0","8","0","8"
"F9","09/23/2024","3376","N646FR","MCI","16:33","16:25","-8","0","0","0","0","0"
"F9","09/23/2024","3407","N303FR","SEA","18:12","18:06","-6","0","0","0","0","0"
"F9","09/23/2024","3439","N715FR","SFO","22:35","23:01","26","0","0","0","0","0"
"F9","09/23/2024","3467","N381FR","PHX","21:10","21:56","46","0","0","0","0","30"
"F9","09/23/2024","3539","N629FR","LAS","22:46","22:52","6","0","0","0","0","0"
"F9","09/23/2024","3566","N638FR","DTW","06:00","05:55","-5","0","0","0","0","0"
"F9","09/23/2024","3665","N606FR","SMF","13:04","13:16","12","0","0","0","0","0"
"F9","09/23/2024","3843","N308FR","LAS","17:54","17:49","-5","0","0","0","0","0"
"F9","09/23/2024","3861","N344FR","SLC","06:30","06:23","-7","0","0","0","0","0"
"F9","09/23/2024","3930","N612FR","PNS","14:58","15:14","16","0","0","0","0","0"
"F9","09/23/2024","3981","N388FR","SLC","11:25","11:17","-8","0","0","0","0","0"
"F9","09/23/2024","4070","N702FR","DFW","11:33","11:29","-4","0","0","0","0","0"
"F9","09/23/2024","4251","N339FR","SLC","14:29","14:31","2","0","0","0","0","0"
"F9","09/23/2024","4344","N646FR","XNA","10:11","09:58","-13","0","0","0","0","0"
"F9","09/23/2024","4371","N385FR","SNA","08:24","08:20","-4","0","0","0","0","0"
"F9","09/23/2024","4386","N715FR","CID","10:44","10:52","8","0","0","0","0","0"
"F9","09/23/2024","4464","N702FR","DFW","05:05","05:05","0","0","0","0","0","0"
"F9","09/23/2024","4576","N638FR","CMH","14:18","14:16","-2","0","0","0","0","0"
"F9","09/23/2024","4626","N609FR","MEM","08:15","08:09","-6","0","0","0","0","0"
"F9","09/23/2024","4721","N394FR","SLC","22:26","23:03","37","0","0","0","0","27"
"F9","09/23/2024","4753","N361FR","PHX","23:25","23:29","4","0","0","0","0","0"
"F9","09/23/2024","4794","N308FR","FAR","12:12","11:57","-15","0","0","0","0","0"
"F9","09/23/2024","4856","N377FR","IAH","20:40","08:40","720","8","0","0","0","710"
"F9","09/23/2024","4917","N335FR","SJC","09:47","09:34","-13","0","0","0","0","0"
"F9","09/23/2024","4991","N332FR","SAN","20:01","20:34","33","0","0","0","0","0"
"F9","09/24/2024","0686","N384FR","DCA","06:44","06:32","-12","0","0","0","0","0"
"F9","09/24/2024","0688","N346FR","DCA","12:46","12:39","-7","0","0","0","0","0"
"F9","09/24/2024","0690","N377FR","DCA","16:33","16:38","5","0","0","0","0","0"
"F9","09/24/2024","1093","N721FR","SFO","11:00","11:08","8","8","0","9","0","0"
"F9","09/24/2024","1128","N713FR","OMA","10:44","10:45","1","0","0","0","0","0"
"F9","09/24/2024","1150","N638FR","MSP","09:30","09:25","-5","0","0","0","0","0"
"F9","09/24/2024","1175","N613FR","SEA","06:00","05:52","-8","0","0","0","0","0"
"F9","09/24/2024","1261","N616FR","ONT","08:45","08:37","-8","0","0","0","0","0"
"F9","09/24/2024","1362","N641FR","CLT","13:11","13:08","-3","0","0","0","0","0"
"F9","09/24/2024","1375","N606FR","PHX","07:00","06:52","-8","0","0","0","0","0"
"F9","09/24/2024","1402","N634FR","BNA","12:24","12:24","0","0","0","0","0","0"
"F9","09/24/2024","1499","N641FR","ONT","22:38","22:54","16","0","0","0","0","0"
"F9","09/24/2024","1560","N362FR","MSN","12:24","12:14","-10","0","0","0","0","0"
"F9","09/24/2024","1734","N654FR","MCO","00:20","00:42","22","0","0","0","0","0"
"F9","09/24/2024","1789","N303FR","PDX","08:25","08:20","-5","0","0","0","0","0"
"F9","09/24/2024","1819","N335FR","PHX","09:01","09:27","26","0","0","0","0","0"
"F9","09/24/2024","1864","N706FR","OKC","14:23","14:23","0","0","0","0","0","0"
"F9","09/24/2024","2015","N607FR","LAS","06:00","05:52","-8","0","0","0","0","0"
"F9","09/24/2024","2105","N346FR","PHX","22:59","22:56","-3","0","0","0","0","0"
"F9","09/24/2024","2108","N388FR","FSD","10:04","09:54","-10","0","0","0","0","0"
"F9","09/24/2024","2141","N375FR","PHX","13:54","13:54","0","0","0","0","0","0"
"F9","09/24/2024","2150","N233FR","DFW","08:09","09:23","74","4","0","0","0","55"
"F9","09/24/2024","2210","N363FR","MDW","12:23","12:17","-6","0","0","0","0","0"
"F9","09/24/2024","2212","N713FR","DTW","15:40","16:00","20","4","0","7","0","16"
"F9","09/24/2024","2261","N609FR","ELP","15:49","15:58","9","0","0","0","0","0"
"F9","09/24/2024","2341","N641FR","LAX","05:55","05:53","-2","0","0","0","0","0"
"F9","09/24/2024","2348","N715FR","IND","12:00","12:02","2","0","0","0","0","0"
"F9","09/24/2024","2356","N706FR","SAT","07:45","07:40","-5","0","0","0","0","0"
"F9","09/24/2024","2429","N607FR","LAS","15:19","15:12","-7","0","0","0","0","0"
"F9","09/24/2024","2440","N388FR","RDU","15:13","15:19","6","0","0","23","0","6"
"F9","09/24/2024","2632","N350FR","DFW","18:22","18:17","-5","0","0","0","0","0"
"F9","09/24/2024","2687","N360FR","PDX","22:23","22:24","1","0","0","0","0","0"
"F9","09/24/2024","2746","N646FR","TPA","11:25","11:21","-4","0","0","0","0","0"
"F9","09/24/2024","2890","N384FR","AUS","15:54","15:45","-9","0","0","0","0","0"
"F9","09/24/2024","3155","N613FR","LAX","13:55","14:14","19","0","0","0","0","0"
"F9","09/24/2024","3162","N616FR","LGA","15:16","15:19","3","0","0","0","0","0"
"F9","09/24/2024","3174","N716FR","ORD","19:24","19:50","26","13","0","0","0","9"
"F9","09/24/2024","3206","N609FR","IAH","08:36","08:27","-9","0","0","0","0","0"
"F9","09/24/2024","3286","N394FR","CVG","08:27","08:15","-12","0","0","0","0","0"
"F9","09/24/2024","3294","N609FR","ATL","23:49","23:49","0","0","0","0","0","0"
"F9","09/24/2024","3310","N624FR","STL","20:14","20:11","-3","0","0","0","0","0"
"F9","09/24/2024","3312","N379FR","MCO","10:21","10:18","-3","0","0","0","0","0"
"F9","09/24/2024","3340","N382FR","PHL","23:12","23:25","13","0","0","0","0","0"
"F9","09/24/2024","3376","N630FR","MCI","14:29","14:22","-7","0","0","0","0","0"
"F9","09/24/2024","3405","N612FR","SEA","17:21","17:11","-10","0","0","0","0","0"
"F9","09/24/2024","3439","N638FR","SFO","22:35","22:25","-10","0","0","0","0","0"
"F9","09/24/2024","3467","N328FR","PHX","20:03","19:53","-10","0","0","0","0","0"
"F9","09/24/2024","3981","N304FR","SLC","11:25","11:26","1","0","0","0","0","0"
"F9","09/24/2024","4070","N307FR","DFW","13:56","14:26","30","30","0","10","0","0"
"F9","09/24/2024","4251","N364FR","SLC","13:58","14:14","16","0","0","0","0","0"
"F9","09/24/2024","4371","N328FR","SNA","09:47","09:43","-4","0","0","0","0","0"
"F9","09/24/2024","4386","N638FR","CID","16:12","16:02","-10","0","0","0","0","0"
"F9","09/24/2024","4611","N635FR","LAS","22:42","22:49","7","0","0","0","0","0"
"F9","09/24/2024","4616","N613FR","MSP","21:15","21:05","-10","0","0","0","0","0"
"F9","09/24/2024","4721","N362FR","SLC","22:26","22:16","-10","0","0","0","0","0"
"F9","09/24/2024","4794","N236FR","FAR","11:29","11:17","-12","0","0","0","0","0"
"F9","09/24/2024","4856","N378FR","IAH","20:40","20:32","-8","0","0","0","0","0"
"F9","09/24/2024","4927","N705FR","SAN","09:45","09:46","1","0","0","0","0","0"
"F9","09/24/2024","4967","N721FR","LAS","18:35","18:47","12","0","0","0","0","0"
"F9","09/24/2024","4989","N236FR","SAN","17:14","17:17","3","0","0","0","0","0"
"F9","09/25/2024","0686","N236FR","DCA","06:44","06:37","-7","0","0","0","0","0"
"F9","09/25/2024","0688","N363FR","DCA","12:46","12:39","-7","0","0","0","0","0"
"F9","09/25/2024","0690","N388FR","DCA","16:33","16:33","0","0","0","77","0","0"
"F9","09/25/2024","1093","N704FR","SFO","11:00","10:55","-5","0","0","0","0","0"
"F9","09/25/2024","1128","N638FR","OMA","10:44","10:30","-14","0","0","0","0","0"
"F9","09/25/2024","1150","N612FR","MSP","08:55","08:53","-2","0","0","26","0","0"
"F9","09/25/2024","1175","N606FR","SEA","06:00","05:50","-10","0","0","0","0","0"
"F9","09/25/2024","1261","N629FR","ONT","08:20","08:28","8","0","0","0","0","0"
"F9","09/25/2024","1292","N606FR","MSP","21:15","21:08","-7","0","0","0","0","0"
"F9","09/25/2024","1362","N634FR","CLT","13:44","13:38","-6","0","0","0","0","0"
"F9","09/25/2024","1375","N713FR","PHX","07:00","07:14","14","0","0","0","0","0"
"F9","09/25/2024","1499","N723FR","ONT","22:38","22:58","20","0","0","0","0","0"
"F9","09/25/2024","1560","N616FR","MSN","13:04","12:52","-12","0","0","0","0","0"
"F9","09/25/2024","1678","N384FR","DSM","15:19","15:42","23","21","0","0","0","0"
"F9","09/25/2024","1734","N631FR","MCO","00:20","00:20","0","0","0","0","0","0"
"F9","09/25/2024","1784","N723FR","BNA","12:24","12:25","1","0","0","0","0","0"
"F9","09/25/2024","1789","N362FR","PDX","08:25","08:16","-9","0","0","0","0","0"
"F9","09/25/2024","1816","N706FR","AUS","15:54","15:42","-12","0","0","0","0","0"
"F9","09/25/2024","1819","N351FR","PHX","09:01","08:50","-11","0","0","0","0","0"
"F9","09/25/2024","1864","N368FR","OKC","11:37","11:31","-6","0","0","0","0","0"
"F9","09/25/2024","2015","N635FR","LAS","06:00","05:55","-5","0","0","0","0","0"
"F9","09/25/2024","2105","N328FR","PHX","20:03","19:47","-16","0","0","0","0","0"
"F9","09/25/2024","2108","N377FR","FSD","10:02","09:52","-10","0","0","0","0","0"
"F9","09/25/2024","2141","N328FR","PHX","13:54","13:51","-3","0","0","0","0","0"
"F9","09/25/2024","2210","N360FR","MDW","12:28","12:16","-12","0","0","0","0","0"
"F9","09/25/2024","2212","N362FR","DTW","15:36","15:30","-6","0","0","0","0","0"
"F9","09/25/2024","2261","N613FR","ELP","08:35","08:32","-3","0","0","0","0","0"
"F9","09/25/2024","2341","N616FR","LAX","05:55","05:40","-15","0","0","0","0","0"
"F9","09/25/2024","2348","N715FR","IND","08:00","08:15","15","15","0","1","0","0"
"F9","09/25/2024","2356","N705FR","SAT","07:10","06:57","-13","0","0","0","0","0"
"F9","09/25/2024","2429","N635FR","LAS","15:19","15:34","15","0","0","0","0","0"
"F9","09/25/2024","2440","N377FR","RDU","15:11","15:10","-1","0","0","0","0","0"
"F9","09/25/2024","2632","N236FR","DFW","18:17","18:10","-7","0","0","23","0","0"
"F9","09/25/2024","2746","N640FR","TPA","11:25","11:23","-2","0","0","33","0","0"
"F9","09/25/2024","3155","N606FR","LAX","13:55","13:58","3","0","0","0","0","0"
"F9","09/25/2024","3162","N612FR","LGA","15:16","15:16","0","0","0","0","0","0"
"F9","09/25/2024","3172","N624FR","ORD","19:24","19:23","-1","0","0","0","0","0"
"F9","09/25/2024","3230","N706FR","IAH","08:25","08:22","-3","0","0","0","0","0"
"F9","09/25/2024","3286","N387FR","CVG","08:27","08:25","-2","0","0","0","0","0"
"F9","09/25/2024","3294","N634FR","ATL","23:49","23:45","-4","0","0","0","0","0"
"F9","09/25/2024","3306","N304FR","STL","20:44","20:40","-4","0","0","0","0","0"
"F9","09/25/2024","3312","N378FR","MCO","10:21","10:08","-13","0","0","0","0","0"
"F9","09/25/2024","3340","N341FR","PHL","23:59","23:55","-4","0","0","25","0","0"
"F9","09/25/2024","3376","N705FR","MCI","13:46","13:46","0","0","0","0","0","0"
"F9","09/25/2024","3405","N603FR","SEA","17:23","17:18","-5","0","0","0","0","0"
"F9","09/25/2024","3439","N715FR","SFO","22:35","22:57","22","0","0","0","0","0"
"F9","09/25/2024","3539","N705FR","LAS","22:46","23:03","17","0","0","0","0","0"
"F9","09/25/2024","3930","N641FR","PNS","14:19","14:22","3","0","0","0","0","0"
"F9","09/25/2024","3981","N388FR","SLC","11:25","11:11","-14","0","0","0","0","0"
"F9","09/25/2024","4070","N350FR","DFW","13:56","14:10","14","0","0","0","0","0"
"F9","09/25/2024","4251","N311FR","SLC","14:00","13:58","-2","0","0","0","0","0"
"F9","09/25/2024","4344","N715FR","XNA","15:25","15:27","2","0","0","0","0","0"
"F9","09/25/2024","4349","N233FR","PDX","22:23","23:30","67","51","0","0","0","0"
"F9","09/25/2024","4371","N303FR","SNA","09:47","10:02","15","0","0","0","0","0"
"F9","09/25/2024","4386","N638FR","CID","16:12","16:01","-11","0","0","0","0","0"
"F9","09/25/2024","4464","N336FR","DFW","08:09","08:28","19","0","0","41","0","0"
"F9","09/25/2024","4626","N304FR","MEM","08:40","08:36","-4","0","0","0","0","0"
"F9","09/25/2024","4721","N384FR","SLC","22:26","22:14","-12","0","0","0","0","0"
"F9","09/25/2024","4753","N316FR","PHX","22:59","22:48","-11","0","0","0","0","0"
"F9","09/25/2024","4794","N613FR","FAR","14:29","14:18","-11","0","0","0","0","0"
"F9","09/25/2024","4856","N303FR","IAH","20:40","20:38","-2","0","0","0","0","0"
"F9","09/25/2024","4927","N603FR","SAN","10:15","10:15","0","0","0","0","0","0"
"F9","09/25/2024","4967","N713FR","LAS","18:35","18:23","-12","0","0","0","0","0"
"F9","09/25/2024","4989","N368FR","SAN","16:49","16:44","-5","0","0","0","0","0"
"F9","09/26/2024","0686","N301FR","DCA","06:44","06:44","0","0","0","0","0","0"
"F9","09/26/2024","0688","N363FR","DCA","12:46","12:36","-10","0","0","0","0","0"
"F9","09/26/2024","0690","N377FR","DCA","16:33","16:59","26","0","0","0","0","0"
"F9","09/26/2024","1093","N305FR","SFO","17:33","17:27","-6","0","0","0","0","0"
"F9","09/26/2024","1128","N715FR","OMA","10:44","10:40","-4","0","0","0","0","0"
"F9","09/26/2024","1162","N384FR","HOU","08:24","08:16","-8","0","0","0","0","0"
"F9","09/26/2024","1175","N639FR","SEA","06:00","05:51","-9","0","0","0","0","0"
"F9","09/26/2024","1248","N638FR","GRR","15:04","15:16","12","0","0","0","0","0"
"F9","09/26/2024","1261","N641FR","ONT","06:00","05:53","-7","0","0","0","0","0"
"F9","09/26/2024","1282","N651FR","MIA","18:01","17:58","-3","0","0","0","0","0"
"F9","09/26/2024","1324","N704FR","DFW","05:05","04:56","-9","0","0","0","0","0"
"F9","09/26/2024","1362","N705FR","CLT","13:44","13:44","0","0","0","0","0","0"
"F9","09/26/2024","1375","N368FR","PHX","06:45","06:35","-10","0","0","0","0","0"
"F9","09/26/2024","1402","N303FR","BNA","05:50","08:16","146","17","0","3","0","129"
"F9","09/26/2024","1450","N721FR","ATL","14:33","14:29","-4","0","0","0","0","0"
"F9","09/26/2024","1484","N721FR","ORD","07:00","06:52","-8","0","0","0","0","0"
"F9","09/26/2024","1499","N638FR","ONT","22:38","22:34","-4","0","0","0","0","0"
"F9","09/26/2024","1560","N616FR","MSN","13:20","13:10","-10","0","0","0","0","0"
"F9","09/26/2024","1608","N362FR","MKE","07:57","07:46","-11","0","0","0","0","0"
"F9","09/26/2024","1678","N362FR","DSM","14:50","14:37","-13","0","0","0","0","0"
"F9","09/26/2024","1734","N230FR","MCO","00:20","00:18","-2","0","0","0","0","0"
"F9","09/26/2024","1752","N332FR","CVG","18:47","19:36","49","38","0","0","0","0"
"F9","09/26/2024","1784","N641FR","BNA","15:30","15:49","19","0","0","0","0","0"
"F9","09/26/2024","1789","N233FR","PDX","11:30","11:35","5","0","0","0","0","0"
"F9","09/26/2024","1816","N629FR","AUS","06:17","06:05","-12","0","0","0","0","0"
"F9","09/26/2024","1819","N316FR","PHX","09:01","08:49","-12","0","0","0","0","0"
"F9","09/26/2024","1864","N301FR","OKC","15:54","15:44","-10","0","0","0","0","0"
"F9","09/26/2024","1918","N629FR","CLE","13:30","13:32","2","0","0","0","0","0"
"F9","09/26/2024","2015","N367FR","LAS","10:06","10:08","2","0","0","0","0","0"
"F9","09/26/2024","2108","N388FR","FSD","10:04","10:04","0","0","0","0","0","0"
"F9","09/26/2024","2141","N351FR","PHX","14:40","14:31","-9","0","0","0","0","0"
"F9","09/26/2024","2210","N384FR","MDW","15:25","16:57","92","79","0","0","0","0"
"F9","09/26/2024","2226","N630FR","RDU","07:30","07:20","-10","0","0","0","0","0"
"F9","09/26/2024","2261","N708FR","ELP","08:35","08:25","-10","0","0","0","0","0"
"F9","09/26/2024","2341","N603FR","LAX","05:55","05:42","-13","0","0","0","0","0"
"F9","09/26/2024","2348","N723FR","IND","11:00","10:47","-13","0","0","0","0","0"
"F9","09/26/2024","2356","N612FR","SAT","15:30","15:27","-3","0","0","0","0","0"
"F9","09/26/2024","2360","N705FR","MSY","06:00","05:52","-8","0","0","0","0","0"
"F9","09/26/2024","2440","N388FR","RDU","15:13","15:53","40","40","0","12","0","0"
"F9","09/26/2024","2632","N704FR","DFW","18:05","18:18","13","13","0","12","0","0"
"F9","09/26/2024","2687","N612FR","PDX","22:13","22:05","-8","0","0","0","0","0"
"F9","09/26/2024","2706","N305FR","BWI","08:11","08:14","3","0","0","0","0","0"
"F9","09/26/2024","2746","","TPA","13:38","00:00","0","0","0","0","0","0"
"F9","09/26/2024","2817","N638FR","SAN","05:38","05:26","-12","0","0","0","0","0"
"F9","09/26/2024","2890","N706FR","AUS","17:29","17:31","2","0","0","0","0","0"
"F9","09/26/2024","3155","N639FR","LAX","13:55","13:53","-2","0","0","0","0","0"
"F9","09/26/2024","3162","N709FR","LGA","15:16","15:15","-1","0","0","0","0","0"
"F9","09/26/2024","3172","N353FR","ORD","20:15","21:38","83","6","0","0","0","67"
"F9","09/26/2024","3200","N706FR","MSP","05:10","04:58","-12","0","0","0","0","0"
"F9","09/26/2024","3230","N612FR","IAH","06:31","06:28","-3","0","0","0","0","0"
"F9","09/26/2024","3286","N626FR","CVG","08:37","08:36","-1","0","0","0","0","0"
"F9","09/26/2024","3294","","ATL","23:49","00:00","0","0","0","0","0","0"
"F9","09/26/2024","3302","N362FR","STL","20:14","20:03","-11","0","0","0","0","0"
"F9","09/26/2024","3312","","MCO","09:05","00:00","0","0","0","0","0","0"
"F9","09/26/2024","3340","N368FR","PHL","23:59","23:57","-2","0","0","0","0","0"
"F9","09/26/2024","3374","N723FR","MCI","18:30","18:26","-4","0","0","0","0","0"
"F9","09/26/2024","3405","N634FR","SEA","18:42","18:44","2","0","0","0","0","0"
"F9","09/26/2024","3439","N715FR","SFO","22:35","23:35","60","0","0","0","0","39"
"F9","09/26/2024","3467","N365FR","PHX","20:23","20:22","-1","0","0","0","0","0"
"F9","09/26/2024","3566","N616FR","DTW","05:15","05:05","-10","0","0","0","0","0"
"F9","09/26/2024","3665","N603FR","SMF","13:10","13:10","0","0","0","0","0","0"
"F9","09/26/2024","3930","N303FR","PNS","12:58","15:30","152","0","0","0","0","144"
"F9","09/26/2024","3949","N629FR","LAS","22:46","22:42","-4","0","0","0","0","0"
"F9","09/26/2024","3981","N377FR","SLC","11:25","11:18","-7","0","0","0","0","0"
"F9","09/26/2024","4070","N704FR","DFW","11:33","11:26","-7","0","0","0","0","0"
"F9","09/26/2024","4251","N630FR","SLC","17:05","17:08","3","0","0","0","0","0"
"F9","09/26/2024","4344","N706FR","XNA","11:26","11:17","-9","0","0","0","0","0"
"F9","09/26/2024","4371","N332FR","SNA","12:02","11:57","-5","0","0","0","0","0"
"F9","09/26/2024","4374","N709FR","PIT","06:36","06:26","-10","0","0","0","0","0"
"F9","09/26/2024","4386","N715FR","CID","16:12","18:17","125","97","0","0","0","0"
"F9","09/26/2024","4464","N339FR","DFW","08:09","07:55","-14","0","0","0","0","0"
"F9","09/26/2024","4611","N301FR","LAS","20:45","21:04","19","0","0","0","0","0"
"F9","09/26/2024","4616","N708FR","MSP","21:15","21:30","15","0","0","0","0","0"
"F9","09/26/2024","4721","N384FR","SLC","22:26","23:10","44","0","0","0","0","36"
"F9","09/26/2024","4753","N361FR","PHX","23:30","23:19","-11","0","0","0","0","0"
"F9","09/26/2024","4776","N708FR","LIT","14:29","14:28","-1","0","0","0","0","0"
"F9","09/26/2024","4794","N368FR","FAR","12:00","11:58","-2","0","0","0","0","0"
"F9","09/26/2024","4856","N385FR","IAH","20:40","20:30","-10","0","0","0","0","0"
"F9","09/26/2024","4917","N634FR","SJC","09:08","08:57","-11","0","0","0","0","0"
"F9","09/26/2024","4927","N311FR","SAN","19:56","19:47","-9","0","0","35","0","0"
"F9","09/26/2024","4967","N233FR","LAS","18:45","19:02","17","12","0","4","0","5"
"F9","09/26/2024","4989","N368FR","SAN","17:42","17:32","-10","0","0","0","0","0"
"F9","09/27/2024","0686","N363FR","DCA","06:44","06:34","-10","0","0","0","0","0"
"F9","09/27/2024","0688","N305FR","DCA","12:46","12:44","-2","0","0","0","0","0"
"F9","09/27/2024","0690","N388FR","DCA","16:33","16:30","-3","0","0","0","0","0"
"F9","09/27/2024","1093","N705FR","SFO","17:19","17:54","35","25","0","0","0","0"
"F9","09/27/2024","1128","N388FR","OMA","11:25","11:39","14","0","0","0","0","0"
"F9","09/27/2024","1150","N706FR","MSP","06:03","06:05","2","0","0","0","0","0"
"F9","09/27/2024","1162","N385FR","HOU","15:31","15:43","12","0","0","0","0","0"
"F9","09/27/2024","1175","N303FR","SEA","06:00","05:49","-11","0","0","0","0","0"
"F9","09/27/2024","1228","N366FR","MDW","19:37","19:32","-5","0","0","0","0","0"
"F9","09/27/2024","1248","N639FR","GRR","15:18","15:19","1","0","0","0","0","0"
"F9","09/27/2024","1261","N639FR","ONT","06:00","05:58","-2","0","0","0","0","0"
"F9","09/27/2024","1282","N706FR","MIA","18:01","18:04","3","0","0","0","0","0"
"F9","09/27/2024","1292","N624FR","MSP","21:15","21:31","16","0","0","5","0","16"
"F9","09/27/2024","1324","N630FR","DFW","05:05","04:59","-6","0","0","22","0","0"
"F9","09/27/2024","1362","N721FR","CLT","14:47","15:08","21","0","0","0","0","0"
"F9","09/27/2024","1402","N233FR","BNA","06:00","05:50","-10","0","0","0","0","0"
"F9","09/27/2024","1450","N722FR","ATL","14:29","14:32","3","0","0","0","0","0"
"F9","09/27/2024","1484","N704FR","ORD","07:00","06:51","-9","0","0","0","0","0"
"F9","09/27/2024","1499","N363FR","ONT","22:38","22:36","-2","0","0","0","0","0"
"F9","09/27/2024","1560","N233FR","MSN","13:17","13:33","16","0","0","0","0","0"
"F9","09/27/2024","1608","N612FR","MKE","10:36","10:30","-6","0","0","0","0","0"
"F9","09/27/2024","1678","N384FR","DSM","15:03","14:52","-11","0","0","0","0","0"
"F9","09/27/2024","1734","N711FR","MCO","00:20","00:12","-8","0","0","0","0","0"
"F9","09/27/2024","1784","N364FR","BNA","16:21","16:15","-6","0","0","0","0","0"
"F9","09/27/2024","1789","N385FR","PDX","08:25","08:20","-5","0","0","0","0","0"
"F9","09/27/2024","1819","N311FR","PHX","08:52","08:45","-7","0","0","0","0","0"
"F9","09/27/2024","1864","N705FR","OKC","11:47","11:37","-10","0","0","0","0","0"
"F9","09/27/2024","1918","N616FR","CLE","05:15","05:03","-12","0","0","0","0","0"
"F9","09/27/2024","1993","N305FR","LAS","06:00","05:52","-8","0","0","0","0","0"
"F9","09/27/2024","2015","N308FR","LAS","10:01","09:49","-12","0","0","0","0","0"
"F9","09/27/2024","2108","N638FR","FSD","17:11","16:59","-12","0","0","0","0","0"
"F9","09/27/2024","2141","N312FR","PHX","14:46","14:45","-1","0","0","0","0","0"
"F9","09/27/2024","2210","N375FR","MDW","08:40","08:29","-11","0","0","0","0","0"
"F9","09/27/2024","2212","N723FR","DTW","16:12","16:21","9","0","0","0","0","0"
"F9","09/27/2024","2261","N606FR","ELP","16:36","16:26","-10","0","0","0","0","0"
"F9","09/27/2024","2341","N709FR","LAX","05:55","05:53","-2","0","0","0","0","0"
"F9","09/27/2024","2348","N606FR","IND","09:05","08:56","-9","0","0","0","0","0"
"F9","09/27/2024","2356","N634FR","SAT","07:00","06:54","-6","0","0","0","0","0"
"F9","09/27/2024","2374","N710FR","TYS","13:43","13:39","-4","0","0","0","0","0"
"F9","09/27/2024","2421","N612FR","SAN","17:56","17:55","-1","0","0","59","0","0"
"F9","09/27/2024","2440","N371FR","RDU","15:13","15:40","27","27","0","2","0","0"
"F9","09/27/2024","2632","N630FR","DFW","18:05","17:57","-8","0","0","0","0","0"
"F9","09/27/2024","2687","N385FR","PDX","22:23","22:39","16","0","0","0","0","0"
"F9","09/27/2024","2746","N616FR","TPA","13:38","13:26","-12","0","0","0","0","0"
"F9","09/27/2024","2752","N377FR","BUF","13:16","13:07","-9","0","0","0","0","0"
"F9","09/27/2024","2817","N641FR","SAN","05:38","05:27","-11","0","0","33","0","0"
"F9","09/27/2024","2890","N363FR","AUS","15:54","15:51","-3","0","0","0","0","0"
"F9","09/27/2024","3101","N367FR","MSO","14:58","15:03","5","0","0","0","0","0"
"F9","09/27/2024","3155","N303FR","LAX","13:55","14:00","5","0","0","0","0","0"
"F9","09/27/2024","3162","N708FR","LGA","15:16","15:14","-2","0","0","0","0","0"
"F9","09/27/2024","3172","N709FR","ORD","21:13","22:54","101","0","0","0","0","86"
"F9","09/27/2024","3230","N723FR","IAH","09:00","09:01","1","0","0","0","0","0"
"F9","09/27/2024","3286","N394FR","CVG","08:27","09:13","46","0","0","16","0","46"
"F9","09/27/2024","3294","N606FR","ATL","23:49","23:56","7","0","0","0","0","0"
"F9","09/27/2024","3302","N384FR","STL","20:28","20:22","-6","0","0","0","0","0"
"F9","09/27/2024","3312","N330FR","MCO","10:42","10:34","-8","0","0","0","0","0"
"F9","09/27/2024","3340","N723FR","PHL","23:59","00:35","36","36","0","7","0","0"
"F9","09/27/2024","3376","N706FR","MCI","12:19","12:07","-12","0","0","0","0","0"
"F9","09/27/2024","3405","N353FR","SEA","18:42","18:37","-5","0","0","0","0","0"
"F9","09/27/2024","3439","N638FR","SFO","22:34","22:36","2","0","0","0","0","0"
"F9","09/27/2024","3467","N335FR","PHX","20:57","20:51","-6","0","0","0","0","0"
"F9","09/27/2024","3539","N639FR","LAS","22:46","23:51","65","45","0","0","0","0"
"F9","09/27/2024","3566","N721FR","DTW","06:35","06:29","-6","0","0","0","0","0"
"F9","09/27/2024","3665","N709FR","SMF","13:05","13:43","38","0","0","0","0","27"
"F9","09/27/2024","3843","N712FR","LAS","18:33","19:08","35","0","0","34","0","0"
"F9","09/27/2024","3861","N705FR","SLC","06:30","06:37","7","0","0","0","0","0"
"F9","09/27/2024","3930","N341FR","PNS","13:46","13:41","-5","0","0","0","0","0"
"F9","09/27/2024","3981","N371FR","SLC","10:14","10:22","8","0","0","0","0","0"
"F9","09/27/2024","4070","N630FR","DFW","11:33","11:53","20","0","0","0","0","0"
"F9","09/27/2024","4251","N311FR","SLC","14:30","14:58","28","0","0","0","0","0"
"F9","09/27/2024","4344","N715FR","XNA","10:16","10:16","0","0","0","0","0","0"
"F9","09/27/2024","4371","N384FR","SNA","08:24","08:15","-9","0","0","0","0","0"
"F9","09/27/2024","4386","N638FR","CID","10:44","10:30","-14","0","0","0","0","0"
"F9","09/27/2024","4464","N236FR","DFW","07:12","07:04","-8","0","0","0","0","0"
"F9","09/27/2024","4562","N651FR","MSY","18:02","18:01","-1","0","0","0","0","0"
"F9","09/27/2024","4576","N634FR","CMH","13:36","13:27","-9","0","0","0","0","0"
"F9","09/27/2024","4611","N303FR","LAS","20:45","20:42","-3","0","0","0","0","0"
"F9","09/27/2024","4626","N708FR","MEM","08:15","08:07","-8","0","0","0","0","0"
"F9","09/27/2024","4721","N305FR","SLC","22:26","22:24","-2","0","0","0","0","0"
"F9","09/27/2024","4753","N316FR","PHX","23:25","23:22","-3","0","0","0","0","0"
"F9","09/27/2024","4765","N348FR","PHX","11:25","11:21","-4","0","0","0","0","0"
"F9","09/27/2024","4794","N712FR","FAR","12:32","12:27","-5","0","0","0","0","0"
"F9","09/27/2024","4856","N233FR","IAH","20:40","20:29","-11","0","0","0","0","0"
"F9","09/27/2024","4917","N603FR","SJC","09:08","08:56","-12","0","0","0","0","0"
"F9","09/27/2024","4991","N361FR","SAN","20:00","19:51","-9","0","0","21","0","0"
"F9","09/28/2024","0686","N367FR","DCA","06:44","06:34","-10","0","0","0","0","0"
"F9","09/28/2024","0688","N346FR","DCA","12:46","12:38","-8","0","0","0","0","0"
"F9","09/28/2024","0690","N303FR","DCA","16:33","16:54","21","0","0","0","0","0"
"F9","09/28/2024","1093","N722FR","SFO","11:00","11:20","20","0","0","0","0","0"
"F9","09/28/2024","1128","N638FR","OMA","10:54","10:45","-9","0","0","0","0","0"
"F9","09/28/2024","1150","N612FR","MSP","08:00","07:51","-9","0","0","0","0","0"
"F9","09/28/2024","1175","N708FR","SEA","06:00","07:30","90","90","0","23","0","0"
"F9","09/28/2024","1248","N379FR","GRR","13:43","13:41","-2","0","0","0","0","0"
"F9","09/28/2024","1261","N377FR","ONT","06:00","05:50","-10","0","0","0","0","0"
"F9","09/28/2024","1280","N388FR","MIA","10:12","10:03","-9","0","0","0","0","0"
"F9","09/28/2024","1292","N641FR","MSP","21:15","21:11","-4","0","0","0","0","0"
"F9","09/28/2024","1362","N708FR","CLT","13:55","16:09","134","0","0","0","0","117"
"F9","09/28/2024","1450","N624FR","ATL","14:29","14:29","0","0","0","41","0","0"
"F9","09/28/2024","1499","N612FR","ONT","22:38","22:37","-1","0","0","0","0","0"
"F9","09/28/2024","1560","N715FR","MSN","09:30","09:18","-12","0","0","0","0","0"
"F9","09/28/2024","1678","N377FR","DSM","15:03","14:54","-9","0","0","0","0","0"
"F9","09/28/2024","1734","N716FR","MCO","00:20","00:30","10","0","0","0","0","0"
"F9","09/28/2024","1784","N629FR","BNA","12:24","12:16","-8","0","0","0","0","0"
"F9","09/28/2024","1789","N233FR","PDX","08:25","09:13","48","36","0","0","0","0"
"F9","09/28/2024","1819","N386FR","PHX","09:25","09:22","-3","0","0","0","0","0"
"F9","09/28/2024","1864","N606FR","OKC","09:47","09:40","-7","0","0","0","0","0"
"F9","09/28/2024","1993","N368FR","LAS","10:06","09:56","-10","0","0","0","0","0"
"F9","09/28/2024","2015","N603FR","LAS","06:00","05:57","-3","0","0","0","0","0"
"F9","09/28/2024","2105","N385FR","PHX","19:00","19:20","20","15","0","0","0","0"
"F9","09/28/2024","2108","N305FR","FSD","10:04","10:17","13","13","0","2","0","0"
"F9","09/28/2024","2141","N365FR","PHX","14:45","14:36","-9","0","0","0","0","0"
"F9","09/28/2024","2148","N317FR","DFW","08:44","08:31","-13","0","0","0","0","0"
"F9","09/28/2024","2210","N385FR","MDW","12:00","11:51","-9","0","0","0","0","0"
"F9","09/28/2024","2212","N630FR","DTW","15:36","15:31","-5","0","0","0","0","0"
"F9","09/28/2024","2261","N624FR","ELP","08:35","08:28","-7","0","0","0","0","0"
"F9","09/28/2024","2341","N712FR","LAX","05:55","05:47","-8","0","0","0","0","0"
"F9","09/28/2024","2348","N712FR","IND","12:00","13:04","64","8","0","0","0","53"
"F9","09/28/2024","2356","N705FR","SAT","07:00","06:51","-9","0","0","0","0","0"
"F9","09/28/2024","2429","N635FR","LAS","16:33","16:43","10","0","0","0","0","0"
"F9","09/28/2024","2440","N305FR","RDU","15:13","15:30","17","0","0","0","0","0"
"F9","09/28/2024","2550","N370FR","DFW","21:16","21:05","-11","0","0","0","0","0"
"F9","09/28/2024","2746","N615FR","TPA","13:38","13:27","-11","0","0","0","0","0"
"F9","09/28/2024","2817","N639FR","SAN","10:10","10:05","-5","0","0","0","0","0"
"F9","09/28/2024","2890","N367FR","AUS","15:54","15:49","-5","0","0","0","0","0"
"F9","09/28/2024","3155","N705FR","LAX","13:55","13:53","-2","0","0","0","0","0"
"F9","09/28/2024","3162","N606FR","LGA","15:16","15:18","2","0","0","0","0","0"
"F9","09/28/2024","3174","N712FR","ORD","19:24","20:10","46","0","0","0","0","31"
"F9","09/28/2024","3206","N630FR","IAH","08:25","08:29","4","0","0","0","0","0"
"F9","09/28/2024","3286","N358FR","CVG","08:27","09:06","39","37","0","0","0","0"
"F9","09/28/2024","3294","N721FR","ATL","23:49","23:49","0","0","0","0","0","0"
"F9","09/28/2024","3302","N377FR","STL","20:28","20:20","-8","0","0","0","0","0"
"F9","09/28/2024","3312","N710FR","MCO","10:34","10:55","21","0","0","0","0","0"
"F9","09/28/2024","3340","N379FR","PHL","23:59","00:05","6","0","0","0","0","0"
"F9","09/28/2024","3376","N715FR","MCI","16:57","17:20","23","18","0","0","0","0"
"F9","09/28/2024","3405","N639FR","SEA","18:42","18:35","-7","0","0","0","0","0"
"F9","09/28/2024","3439","N638FR","SFO","22:45","22:39","-6","0","0","0","0","0"
"F9","09/28/2024","3467","N335FR","PHX","21:30","21:21","-9","0","0","0","0","0"
"F9","09/28/2024","3539","N705FR","LAS","22:46","22:38","-8","0","0","0","0","0"
"F9","09/28/2024","3665","N651FR","SMF","13:30","13:25","-5","0","0","0","0","0"
"F9","09/28/2024","3843","N722FR","LAS","18:35","19:49","74","61","0","0","0","2"
"F9","09/28/2024","3930","N353FR","PNS","08:54","08:48","-6","0","0","0","0","0"
"F9","09/28/2024","3981","N303FR","SLC","11:30","11:25","-5","0","0","0","0","0"
"F9","09/28/2024","4070","N370FR","DFW","14:55","15:00","5","0","0","0","0","0"
"F9","09/28/2024","4249","N361FR","SLC","18:31","18:27","-4","0","0","0","0","0"
"F9","09/28/2024","4349","N367FR","PDX","22:23","22:10","-13","0","0","0","0","0"
"F9","09/28/2024","4371","N363FR","SNA","11:50","11:42","-8","0","0","0","0","0"
"F9","09/28/2024","4386","N638FR","CID","16:22","16:15","-7","0","0","0","0","0"
"F9","09/28/2024","4464","N329FR","DFW","17:45","18:15","30","0","0","22","0","30"
"F9","09/28/2024","4721","N346FR","SLC","22:26","22:15","-11","0","0","0","0","0"
"F9","09/28/2024","4765","N361FR","PHX","12:04","12:01","-3","0","0","0","0","0"
"F9","09/28/2024","4794","N612FR","FAR","14:14","14:08","-6","0","0","0","0","0"
"F9","09/28/2024","4856","N363FR","IAH","20:40","20:34","-6","0","0","0","0","0"
"F9","09/28/2024","4927","N347FR","SAN","12:10","11:59","-11","0","0","0","0","0"
"F9","09/28/2024","4989","N353FR","SAN","16:49","16:42","-7","0","0","0","0","0"
"F9","09/29/2024","0686","N341FR","DCA","06:44","06:35","-9","0","0","0","0","0"
"F9","09/29/2024","0688","","DCA","12:46","00:00","0","0","0","0","0","0"
"F9","09/29/2024","0690","N305FR","DCA","16:33","16:59","26","0","0","0","0","20"
"F9","09/29/2024","1093","N363FR","SFO","17:33","17:37","4","0","0","0","0","0"
"F9","09/29/2024","1128","N638FR","OMA","10:44","10:39","-5","0","0","0","0","0"
"F9","09/29/2024","1162","N367FR","HOU","15:37","15:50","13","0","0","0","0","0"
"F9","09/29/2024","1175","N715FR","SEA","06:00","05:55","-5","0","0","0","0","0"
"F9","09/29/2024","1248","N651FR","GRR","15:18","15:57","39","29","0","0","0","0"
"F9","09/29/2024","1261","N651FR","ONT","06:00","05:51","-9","0","0","0","0","0"
"F9","09/29/2024","1280","N714FR","MIA","06:00","05:55","-5","0","0","0","0","0"
"F9","09/29/2024","1324","N630FR","DFW","05:30","05:26","-4","0","0","0","0","0"
"F9","09/29/2024","1362","N606FR","CLT","14:58","14:53","-5","0","0","0","0","0"
"F9","09/29/2024","1375","N233FR","PHX","06:45","08:07","82","82","0","13","0","0"
"F9","09/29/2024","1402","N639FR","BNA","07:03","07:00","-3","0","0","0","0","0"
"F9","09/29/2024","1450","N635FR","ATL","13:38","14:45","67","56","0","0","0","0"
"F9","09/29/2024","1484","N722FR","ORD","05:01","04:55","-6","0","0","0","0","0"
"F9","09/29/2024","1499","N714FR","ONT","22:38","23:39","61","43","0","0","0","0"
"F9","09/29/2024","1560","N624FR","MSN","12:30","12:23","-7","0","0","0","0","0"
"F9","09/29/2024","1608","N346FR","MKE","08:24","08:22","-2","0","0","0","0","0"
"F9","09/29/2024","1678","N385FR","DSM","14:50","14:55","5","0","0","0","0","0"
"F9","09/29/2024","1734","N353FR","MCO","00:20","00:17","-3","0","0","0","0","0"
"F9","09/29/2024","1752","N393FR","CVG","18:47","01:15","388","0","0","3","0","388"
"F9","09/29/2024","1784","N644FR","BNA","13:48","14:08","20","0","0","0","0","0"
"F9","09/29/2024","1789","N385FR","PDX","07:48","07:36","-12","0","0","0","0","0"
"F9","09/29/2024","1816","N624FR","AUS","05:55","05:53","-2","0","0","0","0","0"
"F9","09/29/2024","1819","N394FR","PHX","08:52","11:27","155","155","0","5","0","0"
"F9","09/29/2024","1864","N367FR","OKC","10:26","10:16","-10","0","0","0","0","0"
"F9","09/29/2024","1918","N637FR","CLE","13:30","13:23","-7","0","0","0","0","0"
"F9","09/29/2024","1993","N304FR","LAS","10:06","10:03","-3","0","0","0","0","0"
"F9","09/29/2024","2108","N303FR","FSD","10:04","09:54","-10","0","0","0","0","0"
"F9","09/29/2024","2141","N233FR","PHX","14:40","14:29","-11","0","0","0","0","0"
"F9","09/29/2024","2210","N343FR","MDW","10:30","10:52","22","0","0","0","0","0"
"F9","09/29/2024","2212","N638FR","DTW","16:28","16:24","-4","0","0","0","0","0"
"F9","09/29/2024","2226","N634FR","RDU","07:30","07:18","-12","0","0","0","0","0"
"F9","09/29/2024","2261","N641FR","ELP","08:35","08:23","-12","0","0","0","0","0"
"F9","09/29/2024","2341","N708FR","LAX","05:55","06:01","6","0","0","0","0","0"
"F9","09/29/2024","2348","N639FR","IND","14:45","14:46","1","0","0","0","0","0"
"F9","09/29/2024","2349","N347FR","LAS","12:11","12:44","33","25","0","0","0","0"
"F9","09/29/2024","2356","N612FR","SAT","11:00","10:55","-5","0","0","0","0","0"
"F9","09/29/2024","2360","N635FR","MSY","06:00","06:27","27","0","0","0","0","0"
"F9","09/29/2024","2421","N612FR","SAN","17:52","17:46","-6","0","0","31","0","0"
"F9","09/29/2024","2429","N705FR","LAS","16:33","20:19","226","34","0","0","0","182"
"F9","09/29/2024","2440","N303FR","RDU","15:13","16:20","67","60","0","0","0","1"
"F9","09/29/2024","2632","N630FR","DFW","18:29","18:38","9","0","0","0","0","0"
"F9","09/29/2024","2687","N637FR","PDX","22:13","22:05","-8","0","0","0","0","0"
"F9","09/29/2024","2706","N363FR","BWI","08:11","08:05","-6","0","0","0","0","0"
"F9","09/29/2024","2746","N615FR","TPA","13:38","13:34","-4","0","0","0","0","0"
"F9","09/29/2024","2817","N606FR","SAN","05:38","05:26","-12","0","0","0","0","0"
"F9","09/29/2024","2890","N343FR","AUS","17:35","17:30","-5","0","0","0","0","0"
"F9","09/29/2024","3155","N715FR","LAX","13:55","13:50","-5","0","0","0","0","0"
"F9","09/29/2024","3162","N654FR","LGA","15:16","15:50","34","34","0","38","0","0"
"F9","09/29/2024","3174","N377FR","ORD","20:18","20:07","-11","0","0","0","0","0"
"F9","09/29/2024","3200","N715FR","MSP","19:12","20:48","96","0","0","0","0","84"
"F9","09/29/2024","3230","N644FR","IAH","06:41","06:36","-5","0","0","0","0","0"
"F9","09/29/2024","3286","N719FR","CVG","08:37","09:16","39","0","0","0","0","23"
"F9","09/29/2024","3294","N708FR","ATL","23:49","00:15","26","0","0","0","0","0"
"F9","09/29/2024","3302","N385FR","STL","20:14","20:07","-7","0","0","0","0","0"
"F9","09/29/2024","3312","N619FR","MCO","09:05","09:06","1","0","0","0","0","0"
"F9","09/29/2024","3340","N366FR","PHL","23:59","23:53","-6","0","0","0","0","0"
"F9","09/29/2024","3374","N624FR","MCI","19:18","19:16","-2","0","0","0","0","0"
"F9","09/29/2024","3405","N629FR","SEA","18:42","20:19","97","19","0","0","0","77"
"F9","09/29/2024","3439","N644FR","SFO","22:38","22:27","-11","0","0","0","0","0"
"F9","09/29/2024","3467","N386FR","PHX","20:05","20:49","44","0","0","1","0","44"
"F9","09/29/2024","3665","N708FR","SMF","13:10","13:51","41","29","0","0","0","5"
"F9","09/29/2024","3930","N346FR","PNS","15:16","15:04","-12","0","0","0","0","0"
"F9","09/29/2024","3949","N635FR","LAS","22:42","22:38","-4","0","0","0","0","0"
"F9","09/29/2024","3981","N305FR","SLC","11:25","11:13","-12","0","0","0","0","0"
"F9","09/29/2024","4070","N630FR","DFW","11:58","11:53","-5","0","0","0","0","0"
"F9","09/29/2024","4251","N634FR","SLC","17:05","17:37","32","0","0","7","0","32"
"F9","09/29/2024","4344","N722FR","XNA","13:08","13:08","0","0","0","0","0","0"
"F9","09/29/2024","4371","N338FR","SNA","12:02","12:15","13","0","0","0","0","0"
"F9","09/29/2024","4374","N654FR","PIT","06:31","06:23","-8","0","0","0","0","0"
"F9","09/29/2024","4386","N714FR","CID","16:15","16:06","-9","0","0","0","0","0"
"F9","09/29/2024","4464","N370FR","DFW","08:09","07:59","-10","0","0","0","0","0"
"F9","09/29/2024","4616","N641FR","MSP","21:15","21:06","-9","0","0","25","0","0"
"F9","09/29/2024","4721","N367FR","SLC","22:26","22:19","-7","0","0","0","0","0"
"F9","09/29/2024","4753","N371FR","PHX","23:30","00:08","38","36","0","0","0","0"
"F9","09/29/2024","4776","N641FR","LIT","14:29","14:39","10","0","0","0","0","0"
"F9","09/29/2024","4794","N341FR","FAR","15:54","15:52","-2","0","0","0","0","0"
"F9","09/29/2024","4856","N384FR","IAH","20:40","20:59","19","0","0","0","0","0"
"F9","09/29/2024","4917","N629FR","SJC","09:08","09:06","-2","0","0","0","0","0"
"F9","09/29/2024","4967","N338FR","LAS","18:45","18:35","-10","0","0","0","0","0"
"F9","09/29/2024","4989","N322FR","SAN","19:56","19:48","-8","0","0","27","0","0"
"F9","09/30/2024","0686","N335FR","DCA","06:44","06:33","-11","0","0","0","0","0"
"F9","09/30/2024","0688","N305FR","DCA","12:46","12:38","-8","0","0","0","0","0"
"F9","09/30/2024","0690","N362FR","DCA","16:33","17:58","85","2","0","0","0","81"
"F9","09/30/2024","1093","N303FR","SFO","16:49","18:44","115","68","0","0","0","30"
"F9","09/30/2024","1150","N638FR","MSP","07:00","06:52","-8","0","0","0","0","0"
"F9","09/30/2024","1162","N384FR","HOU","15:49","15:56","7","0","0","0","0","0"
"F9","09/30/2024","1175","N606FR","SEA","06:00","05:54","-6","0","0","0","0","0"
"F9","09/30/2024","1228","N360FR","MDW","18:41","18:33","-8","0","0","0","0","0"
"F9","09/30/2024","1248","N638FR","GRR","13:14","13:24","10","0","0","0","0","0"
"F9","09/30/2024","1261","N630FR","ONT","06:00","05:51","-9","0","0","0","0","0"
"F9","09/30/2024","1282","N637FR","MIA","18:01","18:48","47","0","0","0","0","39"
"F9","09/30/2024","1292","N654FR","MSP","20:57","21:04","7","0","0","0","0","0"
"F9","09/30/2024","1362","N639FR","CLT","13:43","13:54","11","0","0","0","0","0"
"F9","09/30/2024","1402","N654FR","BNA","06:40","06:33","-7","0","0","0","0","0"
"F9","09/30/2024","1450","N635FR","ATL","13:35","13:44","9","0","0","0","0","0"
"F9","09/30/2024","1484","N635FR","ORD","06:00","05:53","-7","0","0","0","0","0"
"F9","09/30/2024","1499","N305FR","ONT","22:38","22:40","2","0","0","0","0","0"
"F9","09/30/2024","1560","N651FR","MSN","15:44","16:39","55","45","0","0","0","0"
"F9","09/30/2024","1608","N637FR","MKE","10:36","12:01","85","0","0","0","0","67"
"F9","09/30/2024","1678","N335FR","DSM","15:03","15:35","32","0","0","0","0","18"
"F9","09/30/2024","1734","N633FR","MCO","00:12","00:06","-6","0","0","0","0","0"
"F9","09/30/2024","1784","N708FR","BNA","17:15","17:09","-6","0","0","0","0","0"
"F9","09/30/2024","1789","N384FR","PDX","08:46","08:36","-10","0","0","0","0","0"
"F9","09/30/2024","1819","N322FR","PHX","08:52","08:41","-11","0","0","0","0","0"
"F9","09/30/2024","1864","N303FR","OKC","11:37","11:30","-7","0","0","31","0","0"
"F9","09/30/2024","1874","N644FR","OMA","17:11","17:08","-3","0","0","0","0","0"
"F9","09/30/2024","1918","N639FR","CLE","05:15","05:05","-10","0","0","0","0","0"
"F9","09/30/2024","1993","N341FR","LAS","10:06","10:18","12","0","0","0","0","0"
"F9","09/30/2024","2015","N363FR","LAS","06:00","05:51","-9","0","0","0","0","0"
"F9","09/30/2024","2105","N386FR","PHX","15:20","16:43","83","0","0","2","0","83"
"F9","09/30/2024","2108","N338FR","FSD","10:04","09:58","-6","0","0","0","0","0"
"F9","09/30/2024","2141","N308FR","PHX","11:25","13:00","95","43","0","0","0","33"
"F9","09/30/2024","2148","N610FR","DFW","07:22","07:20","-2","0","0","0","0","0"
"F9","09/30/2024","2210","N350FR","MDW","08:40","08:31","-9","0","0","0","0","0"
"F9","09/30/2024","2212","N722FR","DTW","15:56","16:18","22","0","0","0","0","0"
"F9","09/30/2024","2261","N630FR","ELP","15:18","15:13","-5","0","0","0","0","0"
"F9","09/30/2024","2341","N629FR","LAX","05:55","05:49","-6","0","0","0","0","0"
"F9","09/30/2024","2348","N708FR","IND","09:44","09:42","-2","0","0","0","0","0"
"F9","09/30/2024","2356","N651FR","SAT","09:00","08:57","-3","0","0","0","0","0"
"F9","09/30/2024","2374","N388FR","TYS","13:46","14:30","44","6","0","0","0","24"
"F9","09/30/2024","2421","N706FR","SAN","18:00","18:17","17","17","0","24","0","0"
"F9","09/30/2024","2440","N338FR","RDU","15:13","15:08","-5","0","0","35","0","0"
"F9","09/30/2024","2632","N715FR","DFW","18:05","18:24","19","15","0","0","0","0"
"F9","09/30/2024","2687","N384FR","PDX","22:43","22:46","3","0","0","0","0","0"
"F9","09/30/2024","2746","N624FR","TPA","13:38","13:59","21","0","0","0","0","0"
"F9","09/30/2024","2752","N367FR","BUF","13:21","14:55","94","0","0","0","0","79"
"F9","09/30/2024","2817","N612FR","SAN","05:38","05:30","-8","0","0","15","0","0"
"F9","09/30/2024","2890","N346FR","AUS","16:14","16:25","11","0","0","0","0","0"
"F9","09/30/2024","2986","N331FR","CLT","05:01","04:49","-12","0","0","0","0","0"
"F9","09/30/2024","3101","N654FR","MSO","14:22","14:25","3","0","0","0","0","0"
"F9","09/30/2024","3155","N606FR","LAX","13:55","13:48","-7","0","0","0","0","0"
"F9","09/30/2024","3162","N641FR","LGA","15:16","15:19","3","0","0","0","0","0"
"F9","09/30/2024","3172","N630FR","ORD","21:13","21:05","-8","0","0","0","0","0"
"F9","09/30/2024","3206","N722FR","IAH","08:45","08:39","-6","0","0","0","0","0"
"F9","09/30/2024","3286","N311FR","CVG","08:27","08:20","-7","0","0","0","0","0"
"F9","09/30/2024","3294","N629FR","ATL","23:49","23:39","-10","0","0","0","0","0"
"F9","09/30/2024","3302","N367FR","STL","21:31","22:42","71","0","0","0","0","54"
"F9","09/30/2024","3312","N395FR","MCO","10:39","10:36","-3","0","0","0","0","0"
"F9","09/30/2024","3340","N346FR","PHL","23:59","23:57","-2","0","0","0","0","0"
"F9","09/30/2024","3376","N613FR","MCI","16:33","16:29","-4","0","0","0","0","0"
"F9","09/30/2024","3407","N634FR","SEA","18:12","19:37","85","5","0","5","0","80"
"F9","09/30/2024","3439","N649FR","SFO","22:35","22:35","0","0","0","0","0","0"
"F9","09/30/2024","3467","N388FR","PHX","21:10","22:01","51","0","0","0","0","41"
"F9","09/30/2024","3539","N635FR","LAS","22:46","22:46","0","0","0","0","0","0"
"F9","09/30/2024","3566","N624FR","DTW","06:00","05:59","-1","0","0","0","0","0"
"F9","09/30/2024","3665","N629FR","SMF","13:04","13:14","10","0","0","0","0","0"
"F9","09/30/2024","3843","N359FR","LAS","17:54","17:56","2","0","0","0","0","0"
"F9","09/30/2024","3861","N346FR","SLC","06:30","06:23","-7","0","0","0","0","0"
"F9","09/30/2024","3930","N612FR","PNS","14:58","15:49","51","0","0","0","0","38"
"F9","09/30/2024","3981","N346FR","SLC","11:25","11:21","-4","0","0","0","0","0"
"F9","09/30/2024","4070","N715FR","DFW","11:33","11:40","7","0","0","0","0","0"
"F9","09/30/2024","4251","N322FR","SLC","14:29","14:40","11","0","0","0","0","0"
"F9","09/30/2024","4344","N613FR","XNA","10:11","10:03","-8","0","0","0","0","0"
"F9","09/30/2024","4371","N367FR","SNA","08:24","08:15","-9","0","0","0","0","0"
"F9","09/30/2024","4386","N644FR","CID","10:44","10:42","-2","0","0","0","0","0"
"F9","09/30/2024","4464","N715FR","DFW","05:05","04:59","-6","0","0","0","0","0"
"F9","09/30/2024","4576","N646FR","CMH","14:18","14:12","-6","0","0","0","0","0"
"F9","09/30/2024","4611","N233FR","LAS","19:54","20:17","23","0","0","0","0","0"
"F9","09/30/2024","4626","N641FR","MEM","08:15","08:24","9","0","0","0","0","0"
"F9","09/30/2024","4721","N312FR","SLC","22:26","22:20","-6","0","0","0","0","0"
"F9","09/30/2024","4753","N394FR","PHX","23:25","23:49","24","0","0","0","0","0"
"F9","09/30/2024","4794","N359FR","FAR","12:12","12:12","0","0","0","0","0","0"
"F9","09/30/2024","4856","N335FR","IAH","20:40","20:37","-3","0","0","0","0","0"
"F9","09/30/2024","4917","N634FR","SJC","09:47","09:39","-8","0","0","0","0","0"
"F9","09/30/2024","4991","N344FR","SAN","20:01","20:21","20","20","0","6","0","0"
"F9","10/01/2024","0686","N303FR","DCA","06:44","06:40","-4","0","0","0","0","0"
"F9","10/01/2024","0688","N360FR","DCA","12:46","12:52","6","0","0","0","0","0"
"F9","10/01/2024","0690","N305FR","DCA","16:33","16:53","20","0","0","0","0","0"
"F9","10/01/2024","1093","N722FR","SFO","11:00","11:23","23","0","0","0","0","0"
"F9","10/01/2024","1128","N706FR","OMA","10:44","11:06","22","16","0","0","0","0"
"F9","10/01/2024","1150","N629FR","MSP","09:30","10:19","49","45","0","0","0","3"
"F9","10/01/2024","1175","N646FR","SEA","06:00","05:48","-12","0","0","0","0","0"
"F9","10/01/2024","1261","N654FR","ONT","08:45","08:39","-6","0","0","0","0","0"
"F9","10/01/2024","1362","N644FR","CLT","13:11","13:10","-1","0","0","0","0","0"
"F9","10/01/2024","1375","N612FR","PHX","07:00","06:50","-10","0","0","0","0","0"
"F9","10/01/2024","1402","N606FR","BNA","12:24","12:16","-8","0","0","0","0","0"
"F9","10/01/2024","1499","N634FR","ONT","22:38","22:30","-8","0","0","0","0","0"
"F9","10/01/2024","1560","N384FR","MSN","12:24","12:10","-14","0","0","0","0","0"
"F9","10/01/2024","1734","N710FR","MCO","00:20","00:19","-1","0","0","0","0","0"
"F9","10/01/2024","1789","N393FR","PDX","08:25","09:25","60","53","0","0","0","0"
"F9","10/01/2024","1819","N386FR","PHX","09:01","08:58","-3","0","0","0","0","0"
"F9","10/01/2024","1864","N715FR","OKC","14:23","14:12","-11","0","0","0","0","0"
"F9","10/01/2024","2015","N606FR","LAS","06:00","05:53","-7","0","0","0","0","0"
"F9","10/01/2024","2105","N361FR","PHX","22:59","22:46","-13","0","0","0","0","0"
"F9","10/01/2024","2108","N337FR","FSD","10:04","09:56","-8","0","0","0","0","0"
"F9","10/01/2024","2141","N394FR","PHX","13:54","13:44","-10","0","0","0","0","0"
"F9","10/01/2024","2150","N301FR","DFW","08:09","07:59","-10","0","0","0","0","0"
"F9","10/01/2024","2210","N395FR","MDW","12:23","12:34","11","11","0","17","0","0"
"F9","10/01/2024","2212","N654FR","DTW","15:40","16:05","25","19","0","0","0","0"
"F9","10/01/2024","2261","N634FR","ELP","15:49","16:06","17","0","0","0","0","0"
"F9","10/01/2024","2341","N644FR","LAX","05:55","05:56","1","0","0","0","0","0"
"F9","10/01/2024","2348","N649FR","IND","12:00","12:03","3","0","0","0","0","0"
"F9","10/01/2024","2356","N715FR","SAT","07:45","07:39","-6","0","0","0","0","0"
"F9","10/01/2024","2429","N645FR","LAS","15:19","15:43","24","0","0","0","0","0"
"F9","10/01/2024","2440","N337FR","RDU","15:13","15:26","13","0","0","0","0","0"
"F9","10/01/2024","2632","N370FR","DFW","18:22","18:24","2","0","0","0","0","0"
"F9","10/01/2024","2687","N360FR","PDX","22:23","22:19","-4","0","0","0","0","0"
"F9","10/01/2024","2746","N639FR","TPA","11:25","11:47","22","0","0","0","0","0"
"F9","10/01/2024","2890","N303FR","AUS","15:54","16:12","18","1","0","0","0","16"
"F9","10/01/2024","3155","N646FR","LAX","13:55","14:10","15","0","0","0","0","0"
"F9","10/01/2024","3162","N622FR","LGA","15:16","15:29","13","13","0","29","0","0"
"F9","10/01/2024","3174","N630FR","ORD","19:24","19:39","15","0","0","0","0","0"
"F9","10/01/2024","3206","N634FR","IAH","08:36","08:33","-3","0","0","0","0","0"
"F9","10/01/2024","3286","N335FR","CVG","08:27","08:19","-8","0","0","0","0","0"
"F9","10/01/2024","3294","N638FR","ATL","23:49","23:44","-5","0","0","0","0","0"
"F9","10/01/2024","3310","N715FR","STL","20:14","20:09","-5","0","0","0","0","0"
"F9","10/01/2024","3312","N312FR","MCO","10:21","10:12","-9","0","0","0","0","0"
"F9","10/01/2024","3340","N230FR","PHL","23:12","23:00","-12","0","0","0","0","0"
"F9","10/01/2024","3376","N613FR","MCI","14:29","14:32","3","0","0","0","0","0"
"F9","10/01/2024","3405","N629FR","SEA","17:21","17:17","-4","0","0","0","0","0"
"F9","10/01/2024","3439","N706FR","SFO","22:35","22:22","-13","0","0","0","0","0"
"F9","10/01/2024","3467","N342FR","PHX","20:03","19:58","-5","0","0","0","0","0"
"F9","10/01/2024","3981","N305FR","SLC","11:25","11:15","-10","0","0","0","0","0"
"F9","10/01/2024","4070","N233FR","DFW","13:56","15:02","66","0","0","0","0","58"
"F9","10/01/2024","4251","N361FR","SLC","13:58","13:48","-10","0","0","0","0","0"
"F9","10/01/2024","4371","N362FR","SNA","09:47","09:38","-9","0","0","0","0","0"
"F9","10/01/2024","4386","N706FR","CID","16:12","16:08","-4","0","0","0","0","0"
"F9","10/01/2024","4611","N606FR","LAS","22:42","22:36","-6","0","0","0","0","0"
"F9","10/01/2024","4616","N646FR","MSP","21:15","21:02","-13","0","0","0","0","0"
"F9","10/01/2024","4721","N644FR","SLC","22:26","22:26","0","0","0","0","0","0"
"F9","10/01/2024","4794","N338FR","FAR","11:29","11:20","-9","0","0","0","0","0"
"F9","10/01/2024","4856","N338FR","IAH","20:40","20:33","-7","0","0","0","0","0"
"F9","10/01/2024","4927","N708FR","SAN","09:45","10:42","57","0","0","35","0","0"
"F9","10/01/2024","4967","N722FR","LAS","18:35","18:36","1","0","0","0","0","0"
"F9","10/01/2024","4989","N362FR","SAN","17:14","17:25","11","0","0","0","0","0"
"F9","10/02/2024","0686","N362FR","DCA","06:44","06:38","-6","0","0","0","0","0"
"F9","10/02/2024","0688","N393FR","DCA","12:46","12:39","-7","0","0","0","0","0"
"F9","10/02/2024","0690","N332FR","DCA","16:33","16:30","-3","0","0","0","0","0"
"F9","10/02/2024","1093","N702FR","SFO","11:00","11:35","35","22","0","0","0","0"
"F9","10/02/2024","1128","N629FR","OMA","10:44","11:10","26","15","0","0","0","0"
"F9","10/02/2024","1150","N644FR","MSP","08:55","08:47","-8","0","0","0","0","0"
"F9","10/02/2024","1175","N622FR","SEA","06:00","05:51","-9","0","0","0","0","0"
"F9","10/02/2024","1261","N651FR","ONT","08:20","08:13","-7","0","0","0","0","0"
"F9","10/02/2024","1292","N651FR","MSP","21:15","21:11","-4","0","0","0","0","0"
"F9","10/02/2024","1362","N634FR","CLT","13:44","13:47","3","3","0","12","0","0"
"F9","10/02/2024","1375","N708FR","PHX","07:00","06:50","-10","0","0","0","0","0"
"F9","10/02/2024","1499","N646FR","ONT","22:38","22:34","-4","0","0","0","0","0"
"F9","10/02/2024","1560","N721FR","MSN","13:04","13:39","35","30","0","0","0","0"
"F9","10/02/2024","1678","N350FR","DSM","15:19","15:15","-4","0","0","0","0","0"
"F9","10/02/2024","1734","N613FR","MCO","00:20","00:18","-2","0","0","0","0","0"
"F9","10/02/2024","1784","N606FR","BNA","12:24","12:23","-1","0","0","0","0","0"
"F9","10/02/2024","1789","N391FR","PDX","08:25","08:16","-9","0","0","0","0","0"
"F9","10/02/2024","1816","N362FR","AUS","15:54","16:01","7","0","0","0","0","0"
"F9","10/02/2024","1819","N388FR","PHX","09:01","08:57","-4","0","0","0","0","0"
"F9","10/02/2024","1864","N301FR","OKC","11:37","12:51","74","65","0","0","0","0"
"F9","10/02/2024","2015","N606FR","LAS","06:00","05:51","-9","0","0","0","0","0"
"F9","10/02/2024","2105","N338FR","PHX","20:03","19:53","-10","0","0","0","0","0"
"F9","10/02/2024","2108","N384FR","FSD","10:02","09:54","-8","0","0","0","0","0"
"F9","10/02/2024","2141","N322FR","PHX","13:54","13:47","-7","0","0","0","0","0"
"F9","10/02/2024","2210","N354FR","MDW","12:28","12:45","17","0","0","0","0","0"
"F9","10/02/2024","2212","N391FR","DTW","15:36","15:32","-4","0","0","0","0","0"
"F9","10/02/2024","2261","N646FR","ELP","08:35","08:30","-5","0","0","0","0","0"
"F9","10/02/2024","2341","N721FR","LAX","05:55","05:54","-1","0","0","0","0","0"
"F9","10/02/2024","2348","N654FR","IND","08:00","07:51","-9","0","0","0","0","0"
"F9","10/02/2024","2356","N604FR","SAT","07:10","06:57","-13","0","0","0","0","0"
"F9","10/02/2024","2429","N722FR","LAS","15:19","16:09","50","29","0","0","0","2"
"F9","10/02/2024","2440","N384FR","RDU","15:11","15:48","37","27","0","11","0","10"
"F9","10/02/2024","2632","N375FR","DFW","18:17","18:10","-7","0","0","0","0","0"
"F9","10/02/2024","2746","N612FR","TPA","11:25","11:23","-2","0","0","0","0","0"
"F9","10/02/2024","3155","N622FR","LAX","13:55","14:31","36","15","0","0","0","0"
"F9","10/02/2024","3162","N644FR","LGA","15:16","15:31","15","0","0","0","0","0"
"F9","10/02/2024","3172","N708FR","ORD","19:24","19:15","-9","0","0","0","0","0"
"F9","10/02/2024","3230","N649FR","IAH","08:25","08:28","3","0","0","0","0","0"
"F9","10/02/2024","3286","N303FR","CVG","08:27","08:29","2","0","0","0","0","0"
"F9","10/02/2024","3294","N622FR","ATL","23:49","23:36","-13","0","0","0","0","0"
"F9","10/02/2024","3306","N322FR","STL","20:44","20:40","-4","0","0","0","0","0"
"F9","10/02/2024","3312","N360FR","MCO","10:21","10:32","11","0","0","0","0","0"
"F9","10/02/2024","3340","N396FR","PHL","23:59","23:50","-9","0","0","0","0","0"
"F9","10/02/2024","3376","N604FR","MCI","13:46","14:02","16","0","0","0","0","0"
"F9","10/02/2024","3405","N649FR","SEA","17:23","17:21","-2","0","0","0","0","0"
"F9","10/02/2024","3439","N629FR","SFO","22:35","22:29","-6","0","0","0","0","0"
"F9","10/02/2024","3539","N654FR","LAS","22:46","22:39","-7","0","0","0","0","0"
"F9","10/02/2024","3930","N624FR","PNS","14:19","14:16","-3","0","0","0","0","0"
"F9","10/02/2024","3981","N332FR","SLC","11:25","11:23","-2","0","0","0","0","0"
"F9","10/02/2024","4070","N395FR","DFW","13:56","14:01","5","0","0","0","0","0"
"F9","10/02/2024","4251","N342FR","SLC","14:00","14:14","14","0","0","0","0","0"
"F9","10/02/2024","4344","N654FR","XNA","15:25","15:21","-4","0","0","0","0","0"
"F9","10/02/2024","4349","N362FR","PDX","22:23","22:10","-13","0","0","0","0","0"
"F9","10/02/2024","4371","N375FR","SNA","09:47","09:35","-12","0","0","0","0","0"
"F9","10/02/2024","4386","N629FR","CID","16:12","16:45","33","0","0","0","0","15"
"F9","10/02/2024","4464","N228FR","DFW","08:09","08:15","6","0","0","0","0","0"
"F9","10/02/2024","4626","N338FR","MEM","08:40","08:35","-5","0","0","0","0","0"
"F9","10/02/2024","4721","N393FR","SLC","22:26","22:15","-11","0","0","0","0","0"
"F9","10/02/2024","4753","N337FR","PHX","22:59","22:52","-7","0","0","0","0","0"
"F9","10/02/2024","4794","N646FR","FAR","14:29","14:52","23","0","0","0","0","0"
"F9","10/02/2024","4856","N235FR","IAH","20:40","20:35","-5","0","0","0","0","0"
"F9","10/02/2024","4927","N706FR","SAN","10:15","10:50","35","0","0","0","0","23"
"F9","10/02/2024","4967","N706FR","LAS","18:35","18:31","-4","0","0","0","0","0"
"F9","10/02/2024","4989","N359FR","SAN","16:49","16:57","8","0","0","0","0","0"
"F9","10/03/2024","0686","N359FR","DCA","06:44","06:38","-6","0","0","0","0","0"
"F9","10/03/2024","0688","N301FR","DCA","12:46","12:38","-8","0","0","0","0","0"
"F9","10/03/2024","0690","N384FR","DCA","16:33","17:01","28","0","0","0","0","0"
"F9","10/03/2024","1093","N235FR","SFO","17:33","18:08","35","0","0","0","0","19"
"F9","10/03/2024","1128","N629FR","OMA","10:44","12:08","84","72","0","0","0","12"
"F9","10/03/2024","1162","N393FR","HOU","08:24","08:30","6","0","0","0","0","0"
"F9","10/03/2024","1175","N604FR","SEA","06:00","05:52","-8","0","0","0","0","0"
"F9","10/03/2024","1248","N706FR","GRR","15:04","15:06","2","0","0","0","0","0"
"F9","10/03/2024","1261","N649FR","ONT","06:00","05:54","-6","0","0","0","0","0"
"F9","10/03/2024","1282","N625FR","MIA","18:01","17:57","-4","0","0","0","0","0"
"F9","10/03/2024","1324","N715FR","DFW","05:05","04:58","-7","0","0","0","0","0"
"F9","10/03/2024","1362","N614FR","CLT","13:44","13:37","-7","0","0","0","0","0"
"F9","10/03/2024","1375","N391FR","PHX","06:45","06:35","-10","0","0","0","0","0"
"F9","10/03/2024","1402","N721FR","BNA","05:50","05:47","-3","0","0","0","0","0"
"F9","10/03/2024","1450","N641FR","ATL","14:33","14:38","5","0","0","0","0","0"
"F9","10/03/2024","1484","N641FR","ORD","07:00","06:47","-13","0","0","0","0","0"
"F9","10/03/2024","1499","N706FR","ONT","22:38","22:36","-2","0","0","0","0","0"
"F9","10/03/2024","1560","N644FR","MSN","13:20","13:13","-7","0","0","0","0","0"
"F9","10/03/2024","1608","N350FR","MKE","07:57","07:47","-10","0","0","0","0","0"
"F9","10/03/2024","1678","N350FR","DSM","14:50","15:04","14","10","0","2","0","4"
"F9","10/03/2024","1734","N606FR","MCO","00:20","00:24","4","0","0","0","0","0"
"F9","10/03/2024","1752","N362FR","CVG","18:47","18:39","-8","0","0","0","0","0"
"F9","10/03/2024","1784","N649FR","BNA","15:30","15:28","-2","0","0","0","0","0"
"F9","10/03/2024","1789","N362FR","PDX","11:30","11:21","-9","0","0","0","0","0"
"F9","10/03/2024","1816","N624FR","AUS","06:17","08:09","112","112","0","2","0","0"
"F9","10/03/2024","1819","N337FR","PHX","09:01","08:51","-10","0","0","0","0","0"
"F9","10/03/2024","1864","N359FR","OKC","15:54","16:05","11","0","0","0","0","0"
"F9","10/03/2024","1918","N721FR","CLE","13:30","13:33","3","0","0","0","0","0"
"F9","10/03/2024","2015","N316FR","LAS","10:06","09:58","-8","0","0","0","0","0"
"F9","10/03/2024","2108","N305FR","FSD","10:04","09:54","-10","0","0","0","0","0"
"F9","10/03/2024","2141","N361FR","PHX","14:40","16:24","104","0","0","0","0","91"
"F9","10/03/2024","2210","N393FR","MDW","15:25","15:33","8","0","0","0","0","0"
"F9","10/03/2024","2226","N651FR","RDU","07:30","07:53","23","0","0","0","0","0"
"F9","10/03/2024","2261","N719FR","ELP","08:35","08:30","-5","0","0","0","0","0"
"F9","10/03/2024","2341","N705FR","LAX","05:55","05:55","0","0","0","0","0","0"
"F9","10/03/2024","2348","N646FR","IND","11:00","12:07","67","54","0","0","0","0"
"F9","10/03/2024","2356","N620FR","SAT","15:30","15:58","28","21","0","0","0","0"
"F9","10/03/2024","2360","N722FR","MSY","06:00","05:50","-10","0","0","0","0","0"
"F9","10/03/2024","2429","N714FR","LAS","16:33","16:46","13","0","0","0","0","0"
"F9","10/03/2024","2440","N305FR","RDU","15:13","15:10","-3","0","0","0","0","0"
"F9","10/03/2024","2632","N642FR","DFW","18:05","18:08","3","0","0","0","0","0"
"F9","10/03/2024","2687","N721FR","PDX","22:13","22:34","21","1","0","13","0","20"
"F9","10/03/2024","2706","N235FR","BWI","08:11","08:09","-2","0","0","0","0","0"
"F9","10/03/2024","2746","N722FR","TPA","13:38","13:36","-2","0","0","35","0","0"
"F9","10/03/2024","2817","N706FR","SAN","05:38","05:36","-2","0","0","29","0","0"
"F9","10/03/2024","2890","N634FR","AUS","17:29","17:24","-5","0","0","0","0","0"
"F9","10/03/2024","3155","N604FR","LAX","13:55","13:47","-8","0","0","0","0","0"
"F9","10/03/2024","3162","N342FR","LGA","15:16","15:47","31","22","0","0","0","0"
"F9","10/03/2024","3172","N389FR","ORD","20:15","20:27","12","0","0","0","0","0"
"F9","10/03/2024","3200","N634FR","MSP","05:10","05:08","-2","0","0","0","0","0"
"F9","10/03/2024","3230","N614FR","IAH","06:31","06:20","-11","0","0","0","0","0"
"F9","10/03/2024","3286","N701FR","CVG","08:37","08:27","-10","0","0","0","0","0"
"F9","10/03/2024","3294","N705FR","ATL","23:49","23:59","10","0","0","0","0","0"
"F9","10/03/2024","3302","N350FR","STL","20:14","20:20","6","0","0","0","0","0"
"F9","10/03/2024","3312","N704FR","MCO","09:05","09:16","11","0","0","0","0","0"
"F9","10/03/2024","3340","N359FR","PHL","23:59","00:46","47","30","0","0","0","0"
"F9","10/03/2024","3374","N646FR","MCI","18:30","19:26","56","0","0","0","0","45"
"F9","10/03/2024","3405","N629FR","SEA","18:42","18:49","7","7","0","9","0","0"
"F9","10/03/2024","3439","N723FR","SFO","22:35","22:43","8","0","0","0","0","0"
"F9","10/03/2024","3467","N332FR","PHX","20:23","20:47","24","0","0","0","0","0"
"F9","10/03/2024","3566","N644FR","DTW","05:15","05:13","-2","0","0","0","0","0"
"F9","10/03/2024","3665","N705FR","SMF","13:10","13:20","10","0","0","0","0","0"
"F9","10/03/2024","3930","N624FR","PNS","12:58","15:30","152","38","0","2","0","114"
"F9","10/03/2024","3949","N614FR","LAS","22:46","22:57","11","0","0","0","0","0"
"F9","10/03/2024","3981","N384FR","SLC","11:25","11:15","-10","0","0","0","0","0"
"F9","10/03/2024","4070","N642FR","DFW","11:33","11:33","0","0","0","0","0","0"
"F9","10/03/2024","4251","N651FR","SLC","17:05","17:00","-5","0","0","0","0","0"
"F9","10/03/2024","4344","N634FR","XNA","11:26","11:15","-11","0","0","0","0","0"
"F9","10/03/2024","4371","N332FR","SNA","12:02","11:51","-11","0","0","0","0","0"
"F9","10/03/2024","4374","N342FR","PIT","06:36","06:32","-4","0","0","0","0","0"
"F9","10/03/2024","4386","N702FR","CID","16:12","16:13","1","0","0","0","0","0"
"F9","10/03/2024","4464","N318FR","DFW","08:09","07:57","-12","0","0","0","0","0"
"F9","10/03/2024","4611","N316FR","LAS","20:45","20:50","5","0","0","0","0","0"
"F9","10/03/2024","4616","N604FR","MSP","21:15","21:10","-5","0","0","0","0","0"
"F9","10/03/2024","4721","N301FR","SLC","22:26","22:25","-1","0","0","0","0","0"
"F9","10/03/2024","4753","N346FR","PHX","23:30","00:10","40","0","0","0","0","17"
"F9","10/03/2024","4776","N719FR","LIT","14:29","15:01","32","27","0","0","0","1"
"F9","10/03/2024","4794","N391FR","FAR","12:00","11:57","-3","0","0","0","0","0"
"F9","10/03/2024","4856","N367FR","IAH","20:40","20:37","-3","0","0","0","0","0"
"F9","10/03/2024","4917","N723FR","SJC","09:08","09:03","-5","0","0","0","0","0"
"F9","10/03/2024","4927","","SAN","19:56","00:00","0","0","0","0","0","0"
"F9","10/03/2024","4967","N236FR","LAS","18:45","18:40","-5","0","0","0","0","0"
"F9","10/03/2024","4989","N391FR","SAN","17:42","20:36","174","0","0","184","0","0"
"F9","10/04/2024","0686","N393FR","DCA","06:44","06:41","-3","0","0","0","0","0"
"F9","10/04/2024","0688","N236FR","DCA","12:46","12:36","-10","0","0","0","0","0"
"F9","10/04/2024","0690","N332FR","DCA","16:33","16:50","17","0","0","0","0","0"
"F9","10/04/2024","1093","N719FR","SFO","17:19","17:16","-3","0","0","0","0","0"
"F9","10/04/2024","1128","N332FR","OMA","11:25","11:23","-2","0","0","0","0","0"
"F9","10/04/2024","1150","N629FR","MSP","06:03","06:18","15","0","0","0","0","0"
"F9","10/04/2024","1162","N367FR","HOU","15:31","16:13","42","0","0","0","0","38"
"F9","10/04/2024","1175","N342FR","SEA","06:00","05:51","-9","0","0","0","0","0"
"F9","10/04/2024","1228","N370FR","MDW","19:37","19:26","-11","0","0","0","0","0"
"F9","10/04/2024","1248","N614FR","GRR","15:18","15:35","17","0","0","0","0","0"
"F9","10/04/2024","1261","N614FR","ONT","06:00","05:57","-3","0","0","0","0","0"
"F9","10/04/2024","1282","N714FR","MIA","18:01","06:12","731","721","0","0","0","0"
"F9","10/04/2024","1292","N649FR","MSP","21:15","21:49","34","0","0","0","0","18"
"F9","10/04/2024","1324","N702FR","DFW","05:05","04:57","-8","0","0","0","0","0"
"F9","10/04/2024","1362","N651FR","CLT","14:47","14:43","-4","0","0","0","0","0"
"F9","10/04/2024","1402","N391FR","BNA","06:00","05:50","-10","0","0","0","0","0"
"F9","10/04/2024","1450","N634FR","ATL","14:29","14:56","27","0","0","0","0","17"
"F9","10/04/2024","1484","N634FR","ORD","07:00","06:52","-8","0","0","0","0","0"
"F9","10/04/2024","1499","N326FR","ONT","22:38","23:16","38","36","0","0","0","0"
"F9","10/04/2024","1560","N391FR","MSN","13:17","13:26","9","0","0","0","0","0"
"F9","10/04/2024","1608","N721FR","MKE","10:36","10:31","-5","0","0","0","0","0"
"F9","10/04/2024","1678","N393FR","DSM","15:03","15:53","50","0","0","0","0","46"
"F9","10/04/2024","1734","N388FR","MCO","00:20","00:12","-8","0","0","0","0","0"
"F9","10/04/2024","1784","N706FR","BNA","16:21","17:40","79","77","0","0","0","0"
"F9","10/04/2024","1789","N367FR","PDX","08:25","09:23","58","0","0","0","0","55"
"F9","10/04/2024","1819","N337FR","PHX","08:52","08:42","-10","0","0","0","0","0"
"F9","10/04/2024","1864","N719FR","OKC","11:47","11:49","2","0","0","0","0","0"
"F9","10/04/2024","1918","N649FR","CLE","05:15","05:11","-4","0","0","0","0","0"
"F9","10/04/2024","1993","N236FR","LAS","06:00","06:13","13","0","0","0","0","0"
"F9","10/04/2024","2015","N372FR","LAS","10:01","09:54","-7","0","0","0","0","0"
"F9","10/04/2024","2108","N723FR","FSD","17:11","17:08","-3","0","0","0","0","0"
"F9","10/04/2024","2141","N346FR","PHX","14:46","15:53","67","14","0","0","0","53"
"F9","10/04/2024","2210","N356FR","MDW","08:40","08:33","-7","0","0","0","0","0"
"F9","10/04/2024","2212","N641FR","DTW","16:12","16:45","33","12","0","0","0","12"
"F9","10/04/2024","2261","N646FR","ELP","16:36","21:08","272","0","0","0","0","262"
"F9","10/04/2024","2341","N624FR","LAX","05:55","05:47","-8","0","0","0","0","0"
"F9","10/04/2024","2348","N644FR","IND","09:05","09:02","-3","0","0","0","0","0"
"F9","10/04/2024","2356","N620FR","SAT","07:00","07:05","5","5","0","11","0","0"
"F9","10/04/2024","2374","N649FR","TYS","13:43","13:47","4","0","0","0","0","0"
"F9","10/04/2024","2421","N644FR","SAN","17:56","18:06","10","0","0","0","0","0"
"F9","10/04/2024","2440","N388FR","RDU","15:13","16:09","56","40","0","0","0","0"
"F9","10/04/2024","2632","N702FR","DFW","18:05","18:10","5","0","0","0","0","0"
"F9","10/04/2024","2687","N367FR","PDX","22:23","23:00","37","0","0","0","0","31"
"F9","10/04/2024","2746","N609FR","TPA","13:38","13:54","16","14","0","5","0","2"
"F9","10/04/2024","2752","N338FR","BUF","13:16","14:45","89","0","0","0","0","74"
"F9","10/04/2024","2817","N646FR","SAN","05:38","05:28","-10","0","0","0","0","0"
"F9","10/04/2024","2890","N705FR","AUS","15:54","19:45","231","0","0","0","0","228"
"F9","10/04/2024","2986","N326FR","CLT","05:01","04:53","-8","0","0","0","0","0"
"F9","10/04/2024","3101","N646FR","MSO","14:58","15:09","11","0","0","0","0","0"
"F9","10/04/2024","3155","N342FR","LAX","13:55","13:45","-10","0","0","0","0","0"
"F9","10/04/2024","3162","N610FR","LGA","15:16","15:36","20","0","0","0","0","0"
"F9","10/04/2024","3172","N708FR","ORD","21:13","21:10","-3","0","0","0","0","0"
"F9","10/04/2024","3230","N641FR","IAH","09:00","09:38","38","37","0","0","0","0"
"F9","10/04/2024","3286","N303FR","CVG","08:27","08:29","2","0","0","0","0","0"
"F9","10/04/2024","3294","N624FR","ATL","23:49","23:38","-11","0","0","0","0","0"
"F9","10/04/2024","3302","N342FR","STL","20:28","21:06","38","33","0","0","0","0"
"F9","10/04/2024","3312","N384FR","MCO","10:42","10:40","-2","0","0","0","0","0"
"F9","10/04/2024","3340","N634FR","PHL","23:59","00:11","12","0","0","0","0","0"
"F9","10/04/2024","3376","N629FR","MCI","12:19","12:22","3","0","0","0","0","0"
"F9","10/04/2024","3405","N389FR","SEA","18:42","18:33","-9","0","0","0","0","0"
"F9","10/04/2024","3439","N620FR","SFO","22:34","22:30","-4","0","0","0","0","0"
"F9","10/04/2024","3467","N386FR","PHX","20:57","21:32","35","1","0","0","0","22"
"F9","10/04/2024","3539","N723FR","LAS","22:46","22:36","-10","0","0","0","0","0"
"F9","10/04/2024","3566","N651FR","DTW","06:35","06:25","-10","0","0","0","0","0"
"F9","10/04/2024","3665","N624FR","SMF","13:05","13:05","0","0","0","0","0","0"
"F9","10/04/2024","3843","N604FR","LAS","18:33","18:52","19","0","0","0","0","0"
"F9","10/04/2024","3861","N719FR","SLC","06:30","06:29","-1","0","0","0","0","0"
"F9","10/04/2024","3930","N326FR","PNS","13:46","13:35","-11","0","0","0","0","0"
"F9","10/04/2024","3981","N388FR","SLC","10:14","10:13","-1","0","0","0","0","0"
"F9","10/04/2024","4070","N702FR","DFW","11:33","11:29","-4","0","0","0","0","0"
"F9","10/04/2024","4251","N233FR","SLC","14:30","14:55","25","0","0","0","0","18"
"F9","10/04/2024","4344","N706FR","XNA","10:16","10:04","-12","0","0","0","0","0"
"F9","10/04/2024","4371","N338FR","SNA","08:24","08:14","-10","0","0","0","0","0"
"F9","10/04/2024","4386","N723FR","CID","10:44","10:56","12","0","0","0","0","0"
"F9","10/04/2024","4464","N395FR","DFW","07:12","07:04","-8","0","0","0","0","0"
"F9","10/04/2024","4562","N629FR","MSY","18:02","18:20","18","0","0","0","0","0"
"F9","10/04/2024","4576","N620FR","CMH","13:36","14:18","42","0","0","0","0","28"
"F9","10/04/2024","4611","N393FR","LAS","20:45","21:09","24","18","0","0","0","0"
"F9","10/04/2024","4626","N610FR","MEM","08:15","08:14","-1","0","0","0","0","0"
"F9","10/04/2024","4721","N236FR","SLC","22:26","22:36","10","0","0","0","0","0"
"F9","10/04/2024","4753","N235FR","PHX","23:25","23:53","28","0","0","0","0","16"
"F9","10/04/2024","4765","N379FR","PHX","11:25","14:32","187","115","0","0","0","56"
"F9","10/04/2024","4794","N604FR","FAR","12:32","12:27","-5","0","0","0","0","0"
"F9","10/04/2024","4856","N391FR","IAH","20:40","20:39","-1","0","0","0","0","0"
"F9","10/04/2024","4917","N705FR","SJC","09:08","09:09","1","0","0","0","0","0"
"F9","10/04/2024","4991","N365FR","SAN","20:00","19:47","-13","0","0","0","0","0"
"F9","10/05/2024","0686","N335FR","DCA","06:44","06:34","-10","0","0","0","0","0"
"F9","10/05/2024","0688","N365FR","DCA","12:46","12:40","-6","0","0","0","0","0"
"F9","10/05/2024","0690","N388FR","DCA","16:33","16:47","14","0","0","0","0","0"
"F9","10/05/2024","1093","N651FR","SFO","11:00","11:03","3","0","0","0","0","0"
"F9","10/05/2024","1128","N706FR","OMA","10:54","11:16","22","0","0","0","0","0"
"F9","10/05/2024","1150","N710FR","MSP","08:00","07:52","-8","0","0","0","0","0"
"F9","10/05/2024","1175","N646FR","SEA","06:00","05:57","-3","0","0","0","0","0"
"F9","10/05/2024","1248","N614FR","GRR","13:43","13:31","-12","0","0","0","0","0"
"F9","10/05/2024","1261","N338FR","ONT","06:00","07:12","72","64","0","0","0","0"
"F9","10/05/2024","1280","N358FR","MIA","10:12","10:14","2","0","0","0","0","0"
"F9","10/05/2024","1292","N646FR","MSP","21:15","21:21","6","0","0","0","0","0"
"F9","10/05/2024","1362","N710FR","CLT","13:55","14:12","17","11","0","3","0","6"
"F9","10/05/2024","1450","N649FR","ATL","14:29","14:25","-4","0","0","56","0","0"
"F9","10/05/2024","1499","N719FR","ONT","22:38","22:35","-3","0","0","0","0","0"
"F9","10/05/2024","1560","N624FR","MSN","09:30","09:24","-6","0","0","0","0","0"
"F9","10/05/2024","1678","N352FR","DSM","15:03","15:02","-1","0","0","0","0","0"
"F9","10/05/2024","1734","N640FR","MCO","00:20","00:35","15","0","0","0","0","0"
"F9","10/05/2024","1784","N719FR","BNA","12:24","12:31","7","0","0","0","0","0"
"F9","10/05/2024","1789","N391FR","PDX","08:25","08:13","-12","0","0","0","0","0"
"F9","10/05/2024","1819","N317FR","PHX","09:25","09:26","1","0","0","0","0","0"
"F9","10/05/2024","1864","N705FR","OKC","09:47","09:38","-9","0","0","0","0","0"
"F9","10/05/2024","1993","N380FR","LAS","10:06","10:05","-1","0","0","0","0","0"
"F9","10/05/2024","2015","N719FR","LAS","06:00","05:50","-10","0","0","0","0","0"
"F9","10/05/2024","2105","N326FR","PHX","19:00","18:52","-8","0","0","0","0","0"
"F9","10/05/2024","2108","N332FR","FSD","10:04","09:55","-9","0","0","0","0","0"
"F9","10/05/2024","2141","N311FR","PHX","14:45","15:08","23","0","0","0","0","0"
"F9","10/05/2024","2148","N389FR","DFW","08:44","09:40","56","56","0","3","0","0"
"F9","10/05/2024","2210","N326FR","MDW","12:00","12:01","1","0","0","0","0","0"
"F9","10/05/2024","2212","N606FR","DTW","15:36","16:12","36","0","0","0","0","0"
"F9","10/05/2024","2261","N649FR","ELP","08:35","08:27","-8","0","0","0","0","0"
"F9","10/05/2024","2341","N629FR","LAX","05:55","05:47","-8","0","0","0","0","0"
"F9","10/05/2024","2348","N604FR","IND","12:00","12:23","23","19","0","0","0","0"
"F9","10/05/2024","2356","N702FR","SAT","07:00","07:01","1","0","0","0","0","0"
"F9","10/05/2024","2429","N705FR","LAS","16:33","16:30","-3","0","0","79","0","0"
"F9","10/05/2024","2440","N332FR","RDU","15:13","15:23","10","0","0","0","0","0"
"F9","10/05/2024","2550","N389FR","DFW","21:16","21:12","-4","0","0","0","0","0"
"F9","10/05/2024","2746","N616FR","TPA","13:38","13:37","-1","0","0","0","0","0"
"F9","10/05/2024","2817","N610FR","SAN","10:10","12:35","145","0","0","38","0","115"
"F9","10/05/2024","2890","N391FR","AUS","15:54","15:44","-10","0","0","0","0","0"
"F9","10/05/2024","3155","N702FR","LAX","13:55","13:48","-7","0","0","0","0","0"
"F9","10/05/2024","3162","N706FR","LGA","15:16","16:46","90","0","0","0","0","74"
"F9","10/05/2024","3174","N630FR","ORD","19:24","19:24","0","0","0","0","0","0"
"F9","10/05/2024","3206","N644FR","IAH","08:25","08:20","-5","0","0","0","0","0"
"F9","10/05/2024","3286","N383FR","CVG","08:27","08:24","-3","0","0","0","0","0"
"F9","10/05/2024","3294","N629FR","ATL","23:49","23:57","8","0","0","0","0","0"
"F9","10/05/2024","3302","N352FR","STL","20:28","20:20","-8","0","0","0","0","0"
"F9","10/05/2024","3312","N393FR","MCO","10:34","10:25","-9","0","0","0","0","0"
"F9","10/05/2024","3340","N365FR","PHL","23:59","23:44","-15","0","0","0","0","0"
"F9","10/05/2024","3376","N624FR","MCI","16:57","16:56","-1","0","0","0","0","0"
"F9","10/05/2024","3405","N610FR","SEA","18:42","19:29","47","0","0","0","0","24"
"F9","10/05/2024","3439","N710FR","SFO","22:45","23:53","68","0","0","0","0","59"
"F9","10/05/2024","3467","N304FR","PHX","21:30","21:38","8","8","0","31","0","0"
"F9","10/05/2024","3539","N721FR","LAS","22:46","22:40","-6","0","0","0","0","0"
"F9","10/05/2024","3665","N629FR","SMF","13:30","13:31","1","0","0","0","0","0"
"F9","10/05/2024","3843","N651FR","LAS","18:35","18:30","-5","0","0","0","0","0"
"F9","10/05/2024","3930","N236FR","PNS","08:54","08:43","-11","0","0","0","0","0"
"F9","10/05/2024","3981","N388FR","SLC","11:30","11:22","-8","0","0","0","0","0"
"F9","10/05/2024","4070","N389FR","DFW","14:55","15:37","42","0","0","0","0","30"
"F9","10/05/2024","4249","N236FR","SLC","18:31","18:30","-1","0","0","0","0","0"
"F9","10/05/2024","4349","N391FR","PDX","22:23","22:10","-13","0","0","0","0","0"
"F9","10/05/2024","4371","N367FR","SNA","11:50","11:40","-10","0","0","0","0","0"
"F9","10/05/2024","4386","N721FR","CID","16:22","16:21","-1","0","0","0","0","0"
"F9","10/05/2024","4464","N395FR","DFW","17:45","17:39","-6","0","0","17","0","0"
"F9","10/05/2024","4721","N308FR","SLC","22:26","22:30","4","0","0","0","0","0"
"F9","10/05/2024","4765","N386FR","PHX","12:04","12:11","7","0","0","0","0","0"
"F9","10/05/2024","4794","N646FR","FAR","14:14","14:05","-9","0","0","0","0","0"
"F9","10/05/2024","4856","N386FR","IAH","20:40","20:51","11","0","0","0","0","0"
"F9","10/05/2024","4927","N379FR","SAN","12:10","12:12","2","0","0","0","0","0"
"F9","10/05/2024","4989","N335FR","SAN","16:49","16:47","-2","0","0","0","0","0"
"F9","10/06/2024","0686","N335FR","DCA","06:44","06:33","-11","0","0","0","0","0"
"F9","10/06/2024","0688","N336FR","DCA","12:46","12:42","-4","0","0","0","0","0"
"F9","10/06/2024","0690","N332FR","DCA","16:33","16:35","2","0","0","0","0","0"
"F9","10/06/2024","1093","N342FR","SFO","17:33","18:57","84","0","71","20","0","13"
"F9","10/06/2024","1128","N710FR","OMA","10:44","11:30","46","46","0","10","0","0"
"F9","10/06/2024","1162","N308FR","HOU","15:37","15:29","-8","0","0","0","0","0"
"F9","10/06/2024","1175","N604FR","SEA","06:00","05:57","-3","0","0","0","0","0"
"F9","10/06/2024","1248","N610FR","GRR","15:18","15:16","-2","0","0","0","0","0"
"F9","10/06/2024","1261","N610FR","ONT","06:00","05:54","-6","0","0","0","0","0"
"F9","10/06/2024","1280","N702FR","MIA","06:00","06:00","0","0","0","0","0","0"
"F9","10/06/2024","1324","N606FR","DFW","05:30","05:21","-9","0","0","0","0","0"
"F9","10/06/2024","1362","N651FR","CLT","14:58","15:01","3","0","0","0","0","0"
"F9","10/06/2024","1375","N336FR","PHX","06:45","06:37","-8","0","0","0","0","0"
"F9","10/06/2024","1402","N706FR","BNA","07:03","06:52","-11","0","0","0","0","0"
"F9","10/06/2024","1450","N721FR","ATL","13:38","13:38","0","0","0","0","0","0"
"F9","10/06/2024","1484","N644FR","ORD","05:01","04:55","-6","0","0","0","0","0"
"F9","10/06/2024","1499","N721FR","ONT","22:38","22:35","-3","0","0","0","0","0"
"F9","10/06/2024","1560","N649FR","MSN","12:30","16:52","262","219","0","0","0","32"
"F9","10/06/2024","1608","N367FR","MKE","08:24","08:12","-12","0","0","0","0","0"
"F9","10/06/2024","1678","N326FR","DSM","14:50","14:44","-6","0","0","0","0","0"
"F9","10/06/2024","1734","N230FR","MCO","00:20","00:10","-10","0","0","0","0","0"
"F9","10/06/2024","1752","N303FR","CVG","18:47","20:08","81","69","0","0","0","4"
"F9","10/06/2024","1784","N614FR","BNA","13:48","13:38","-10","0","0","0","0","0"
"F9","10/06/2024","1789","N326FR","PDX","07:48","07:38","-10","0","0","0","0","0"
"F9","10/06/2024","1816","N649FR","AUS","05:55","06:08","13","0","0","0","0","0"
"F9","10/06/2024","1819","N361FR","PHX","08:52","08:47","-5","0","0","0","0","0"
"F9","10/06/2024","1864","N308FR","OKC","10:26","10:12","-14","0","0","0","0","0"
"F9","10/06/2024","1918","N604FR","CLE","13:30","13:41","11","0","0","0","0","0"
"F9","10/06/2024","1993","N329FR","LAS","10:06","10:01","-5","0","0","0","0","0"
"F9","10/06/2024","2108","N388FR","FSD","10:04","10:19","15","0","0","0","0","0"
"F9","10/06/2024","2141","N367FR","PHX","14:40","15:26","46","14","0","0","0","18"
"F9","10/06/2024","2210","N391FR","MDW","10:30","10:28","-2","0","0","0","0","0"
"F9","10/06/2024","2212","N702FR","DTW","16:28","16:40","12","0","0","0","0","0"
"F9","10/06/2024","2226","N625FR","RDU","07:30","07:26","-4","0","0","0","0","0"
"F9","10/06/2024","2261","N646FR","ELP","08:35","08:27","-8","0","0","0","0","0"
"F9","10/06/2024","2341","N641FR","LAX","05:55","05:54","-1","0","0","0","0","0"
"F9","10/06/2024","2348","N706FR","IND","14:45","14:52","7","0","0","0","0","0"
"F9","10/06/2024","2349","N380FR","LAS","12:11","12:42","31","0","0","0","0","0"
"F9","10/06/2024","2356","N719FR","SAT","11:00","11:54","54","51","0","5","0","3"
"F9","10/06/2024","2360","N721FR","MSY","06:00","05:58","-2","0","0","0","0","0"
"F9","10/06/2024","2421","N722FR","SAN","17:52","18:58","66","3","0","44","0","63"
"F9","10/06/2024","2429","N612FR","LAS","16:33","16:46","13","0","0","0","0","0"
"F9","10/06/2024","2440","N388FR","RDU","15:13","15:20","7","0","0","0","0","0"
"F9","10/06/2024","2632","N606FR","DFW","18:29","18:37","8","0","0","0","0","0"
"F9","10/06/2024","2687","N706FR","PDX","22:13","22:14","1","0","0","0","0","0"
"F9","10/06/2024","2706","N386FR","BWI","08:11","07:59","-12","0","0","0","0","0"
"F9","10/06/2024","2746","N616FR","TPA","13:38","13:37","-1","0","0","0","0","0"
"F9","10/06/2024","2817","N651FR","SAN","05:38","05:31","-7","0","0","0","0","0"
"F9","10/06/2024","2890","N391FR","AUS","17:35","17:39","4","0","0","0","0","0"
"F9","10/06/2024","3155","N646FR","LAX","13:55","14:02","7","0","0","0","0","0"
"F9","10/06/2024","3162","N624FR","LGA","15:16","17:27","131","131","0","53","0","0"
"F9","10/06/2024","3174","N336FR","ORD","20:18","21:51","93","0","0","0","0","72"
"F9","10/06/2024","3200","N644FR","MSP","19:12","19:01","-11","0","0","0","0","0"
"F9","10/06/2024","3230","N614FR","IAH","06:41","06:35","-6","0","0","0","0","0"
"F9","10/06/2024","3286","N620FR","CVG","08:37","08:37","0","0","0","0","0","0"
"F9","10/06/2024","3294","N651FR","ATL","23:49","23:50","1","0","0","0","0","0"
"F9","10/06/2024","3302","N326FR","STL","20:14","20:04","-10","0","0","0","0","0"
"F9","10/06/2024","3312","N629FR","MCO","09:05","08:53","-12","0","0","0","0","0"
"F9","10/06/2024","3340","N233FR","PHL","23:59","00:29","30","19","0","0","0","0"
"F9","10/06/2024","3374","N719FR","MCI","19:18","20:27","69","0","0","0","0","67"
"F9","10/06/2024","3405","N640FR","SEA","18:42","18:55","13","0","0","0","0","0"
"F9","10/06/2024","3439","N610FR","SFO","22:38","23:01","23","0","0","0","0","0"
"F9","10/06/2024","3467","N356FR","PHX","20:05","19:54","-11","0","0","0","0","0"
"F9","10/06/2024","3665","N641FR","SMF","13:10","13:11","1","0","0","0","0","0"
"F9","10/06/2024","3930","N233FR","PNS","15:16","15:40","24","0","0","0","0","0"
"F9","10/06/2024","3949","N641FR","LAS","22:42","22:50","8","0","0","0","0","0"
"F9","10/06/2024","3981","N332FR","SLC","11:25","11:15","-10","0","0","0","0","0"
"F9","10/06/2024","4070","N606FR","DFW","11:58","11:53","-5","0","0","0","0","0"
"F9","10/06/2024","4251","N625FR","SLC","17:05","17:17","12","0","0","0","0","0"
"F9","10/06/2024","4344","N644FR","XNA","13:08","13:06","-2","0","0","0","0","0"
"F9","10/06/2024","4371","N341FR","SNA","12:02","11:59","-3","0","0","0","0","0"
"F9","10/06/2024","4374","N624FR","PIT","06:31","06:25","-6","0","0","0","0","0"
"F9","10/06/2024","4386","N710FR","CID","16:15","17:31","76","0","0","0","0","70"
"F9","10/06/2024","4464","N318FR","DFW","08:09","08:01","-8","0","0","0","0","0"
"F9","10/06/2024","4616","N614FR","MSP","21:15","22:31","76","50","0","0","0","24"
"F9","10/06/2024","4721","N346FR","SLC","22:26","22:38","12","0","0","3","0","12"
"F9","10/06/2024","4753","N646FR","PHX","23:30","23:51","21","0","0","0","0","0"
"F9","10/06/2024","4776","N346FR","LIT","14:29","16:40","131","24","0","0","0","101"
"F9","10/06/2024","4794","N335FR","FAR","15:54","15:56","2","0","0","0","0","0"
"F9","10/06/2024","4856","N238FR","IAH","20:40","22:26","106","31","0","0","0","59"
"F9","10/06/2024","4917","N640FR","SJC","09:08","09:00","-8","0","0","0","0","0"
"F9","10/06/2024","4967","N341FR","LAS","18:45","18:37","-8","0","0","0","0","0"
"F9","10/06/2024","4989","N304FR","SAN","19:56","20:16","20","0","0","52","0","20"
"F9","10/07/2024","0686","N391FR","DCA","06:44","06:36","-8","0","0","0","0","0"
"F9","10/07/2024","0688","N341FR","DCA","12:46","12:32","-14","0","0","0","0","0"
"F9","10/07/2024","0690","N391FR","DCA","16:33","18:43","130","0","0","0","0","108"
"F9","10/07/2024","1093","N337FR","SFO","16:49","16:42","-7","0","0","0","0","0"
"F9","10/07/2024","1150","N702FR","MSP","07:00","06:46","-14","0","0","0","0","0"
"F9","10/07/2024","1162","N303FR","HOU","15:49","16:44","55","0","0","0","0","42"
"F9","10/07/2024","1175","N722FR","SEA","06:00","06:02","2","0","0","0","0","0"
"F9","10/07/2024","1228","N368FR","MDW","18:41","19:17","36","0","0","0","0","21"
"F9","10/07/2024","1248","N702FR","GRR","13:14","13:09","-5","0","0","0","0","0"
"F9","10/07/2024","1261","N606FR","ONT","06:00","05:54","-6","0","0","0","0","0"
"F9","10/07/2024","1280","N714FR","MIA","18:01","18:11","10","10","0","5","0","0"
"F9","10/07/2024","1292","N644FR","MSP","20:57","22:42","105","89","0","0","0","0"
"F9","10/07/2024","1362","N649FR","CLT","13:43","14:07","24","11","0","31","0","13"
"F9","10/07/2024","1402","N644FR","BNA","06:40","06:31","-9","0","0","0","0","0"
"F9","10/07/2024","1450","N626FR","ATL","13:38","13:55","17","9","0","8","0","8"
"F9","10/07/2024","1484","N640FR","ORD","06:00","05:53","-7","0","0","0","0","0"
"F9","10/07/2024","1499","N308FR","ONT","22:38","06:01","443","431","0","0","0","0"
"F9","10/07/2024","1560","N713FR","MSN","15:44","15:36","-8","0","0","0","0","0"
"F9","10/07/2024","1608","N352FR","MKE","10:36","11:01","25","18","0","0","0","0"
"F9","10/07/2024","1678","N317FR","DSM","15:03","15:32","29","0","0","0","0","26"
"F9","10/07/2024","1734","N710FR","MCO","00:12","00:58","46","37","0","0","0","0"
"F9","10/07/2024","1784","N721FR","BNA","17:15","17:22","7","0","0","0","0","0"
"F9","10/07/2024","1789","N303FR","PDX","08:46","08:35","-11","0","0","0","0","0"
"F9","10/07/2024","1819","N356FR","PHX","08:52","09:40","48","0","0","0","0","35"
"F9","10/07/2024","1864","N337FR","OKC","11:37","11:57","20","0","0","0","0","0"
"F9","10/07/2024","1874","N610FR","OMA","17:11","19:18","127","19","0","0","0","97"
"F9","10/07/2024","1918","N649FR","CLE","05:15","05:12","-3","0","0","0","0","0"
"F9","10/07/2024","1993","N382FR","LAS","10:06","09:59","-7","0","0","0","0","0"
"F9","10/07/2024","2015","N232FR","LAS","06:00","06:10","10","0","0","0","0","0"
"F9","10/07/2024","2105","N331FR","PHX","15:20","15:41","21","0","0","0","0","15"
"F9","10/07/2024","2108","N332FR","FSD","10:04","10:20","16","0","0","0","0","0"
"F9","10/07/2024","2141","N346FR","PHX","11:25","11:23","-2","0","0","0","0","0"
"F9","10/07/2024","2148","N642FR","DFW","07:22","07:21","-1","0","0","17","0","0"
"F9","10/07/2024","2210","N335FR","MDW","08:40","09:04","24","0","0","0","0","0"
"F9","10/07/2024","2212","N646FR","DTW","15:56","16:35","39","0","0","0","0","23"
"F9","10/07/2024","2261","N606FR","ELP","15:18","15:29","11","0","0","0","0","0"
"F9","10/07/2024","2341","N645FR","LAX","05:55","05:50","-5","0","0","0","0","0"
"F9","10/07/2024","2348","N721FR","IND","09:44","10:09","25","3","0","0","0","16"
"F9","10/07/2024","2356","N651FR","SAT","09:00","08:57","-3","0","0","0","0","0"
"F9","10/07/2024","2374","N352FR","TYS","13:46","17:53","247","0","0","0","0","234"
"F9","10/07/2024","2421","N706FR","SAN","18:00","17:58","-2","0","0","51","0","0"
"F9","10/07/2024","2440","N332FR","RDU","15:13","15:23","10","0","0","0","0","0"
"F9","10/07/2024","2632","N625FR","DFW","18:05","18:00","-5","0","0","0","0","0"
"F9","10/07/2024","2687","N386FR","PDX","22:43","22:49","6","0","0","0","0","0"
"F9","10/07/2024","2746","N640FR","TPA","13:38","13:40","2","0","0","0","0","0"
"F9","10/07/2024","2752","N386FR","BUF","13:21","13:31","10","0","0","0","0","0"
"F9","10/07/2024","2817","N719FR","SAN","05:38","05:28","-10","0","0","0","0","0"
"F9","10/07/2024","2890","N388FR","AUS","16:14","16:48","34","0","0","0","0","33"
"F9","10/07/2024","2986","N342FR","CLT","05:01","05:30","29","19","0","0","0","0"
"F9","10/07/2024","3101","N644FR","MSO","14:22","14:26","4","0","0","0","0","0"
"F9","10/07/2024","3155","N722FR","LAX","13:55","14:02","7","0","0","0","0","0"
"F9","10/07/2024","3162","N614FR","LGA","15:16","15:47","31","0","0","0","0","0"
"F9","10/07/2024","3172","N722FR","ORD","21:13","21:48","35","15","0","0","0","0"
"F9","10/07/2024","3206","N646FR","IAH","08:45","09:25","40","26","0","0","0","0"
"F9","10/07/2024","3286","N374FR","CVG","08:27","09:06","39","0","0","0","0","21"
"F9","10/07/2024","3294","N624FR","ATL","23:49","23:47","-2","0","0","0","0","0"
"F9","10/07/2024","3302","N342FR","STL","21:31","23:54","143","0","0","0","0","134"
"F9","10/07/2024","3312","N379FR","MCO","10:39","11:45","66","0","0","0","0","41"
"F9","10/07/2024","3340","N651FR","PHL","23:59","00:22","23","0","0","0","0","0"
"F9","10/07/2024","3376","N651FR","MCI","16:33","16:28","-5","0","0","0","0","0"
"F9","10/07/2024","3405","N308FR","SEA","18:12","18:20","8","0","0","0","0","0"
"F9","10/07/2024","3439","N606FR","SFO","22:35","23:34","59","54","0","0","0","0"
"F9","10/07/2024","3467","N317FR","PHX","21:10","22:31","81","74","0","0","0","0"
"F9","10/07/2024","3539","N649FR","LAS","22:46","00:14","88","0","0","0","0","78"
"F9","10/07/2024","3566","N713FR","DTW","06:00","05:50","-10","0","0","0","0","0"
"F9","10/07/2024","3665","N645FR","SMF","13:04","13:00","-4","0","0","0","0","0"
"F9","10/07/2024","3843","N350FR","LAS","17:54","18:12","18","0","0","0","0","0"
"F9","10/07/2024","3861","N341FR","SLC","06:30","06:23","-7","0","0","0","0","0"
"F9","10/07/2024","3930","N719FR","PNS","14:58","15:39","41","0","0","0","0","34"
"F9","10/07/2024","3981","N388FR","SLC","11:25","11:33","8","0","0","0","0","0"
"F9","10/07/2024","4070","N625FR","DFW","11:33","11:33","0","0","0","0","0","0"
"F9","10/07/2024","4251","N356FR","SLC","14:29","15:24","55","14","0","0","0","31"
"F9","10/07/2024","4344","N706FR","XNA","10:11","10:43","32","0","0","3","0","32"
"F9","10/07/2024","4371","N317FR","SNA","08:24","09:24","60","50","0","0","0","0"
"F9","10/07/2024","4386","N610FR","CID","10:44","13:06","142","0","0","0","0","125"
"F9","10/07/2024","4464","N625FR","DFW","05:05","05:02","-3","0","0","0","0","0"
"F9","10/07/2024","4576","N624FR","CMH","14:18","14:24","6","0","0","0","0","0"
"F9","10/07/2024","4611","N713FR","LAS","19:54","22:52","178","0","0","32","0","178"
"F9","10/07/2024","4626","N614FR","MEM","08:15","08:09","-6","0","0","0","0","0"
"F9","10/07/2024","4721","N341FR","SLC","22:26","23:00","34","34","0","1","0","0"
"F9","10/07/2024","4753","N303FR","PHX","23:25","00:03","38","25","0","0","0","4"
"F9","10/07/2024","4794","N308FR","FAR","12:12","12:40","28","2","0","0","0","14"
"F9","10/07/2024","4856","N236FR","IAH","20:40","22:44","124","0","0","0","0","108"
"F9","10/07/2024","4917","N604FR","SJC","09:47","10:54","67","62","0","0","0","0"
"F9","10/07/2024","4989","N361FR","SAN","20:01","23:41","220","0","0","164","0","51"
"F9","10/08/2024","0686","N324FR","DCA","06:41","06:47","6","0","0","0","0","0"
"F9","10/08/2024","0688","N308FR","DCA","12:43","12:46","3","0","0","0","0","0"
"F9","10/08/2024","0690","N332FR","DCA","16:35","16:50","15","0","0","0","0","0"
"F9","10/08/2024","1093","N614FR","SFO","11:00","11:27","27","27","0","2","0","0"
"F9","10/08/2024","1114","","TPA","23:59","00:00","0","0","0","0","0","0"
"F9","10/08/2024","1128","N606FR","OMA","10:50","10:50","0","0","0","0","0","0"
"F9","10/08/2024","1150","N624FR","MSP","08:55","10:26","91","6","0","0","0","75"
"F9","10/08/2024","1175","N622FR","SEA","06:00","05:55","-5","0","0","0","0","0"
"F9","10/08/2024","1261","N626FR","ONT","08:45","08:57","12","0","0","0","0","0"
"F9","10/08/2024","1362","N721FR","CLT","13:11","13:42","31","21","0","0","0","0"
"F9","10/08/2024","1375","N702FR","PHX","07:00","06:55","-5","0","0","0","0","0"
"F9","10/08/2024","1402","N649FR","BNA","12:26","12:22","-4","0","0","0","0","0"
"F9","10/08/2024","1450","N310FR","ATL","12:35","12:24","-11","0","0","0","0","0"
"F9","10/08/2024","1499","N620FR","ONT","22:38","22:31","-7","0","0","0","0","0"
"F9","10/08/2024","1560","N368FR","MSN","12:24","12:14","-10","0","0","0","0","0"
"F9","10/08/2024","1734","N359FR","MCO","00:20","00:34","14","0","0","0","0","0"
"F9","10/08/2024","1747","N336FR","PHX","22:59","22:55","-4","0","0","0","0","0"
"F9","10/08/2024","1789","N337FR","PDX","08:28","08:20","-8","0","0","0","0","0"
"F9","10/08/2024","1819","N644FR","PHX","09:01","09:44","43","36","0","0","0","0"
"F9","10/08/2024","1864","N610FR","OKC","14:23","14:22","-1","0","0","0","0","0"
"F9","10/08/2024","2015","N388FR","LAS","06:00","05:55","-5","0","0","0","0","0"
"F9","10/08/2024","2108","N391FR","FSD","10:04","09:53","-11","0","0","0","0","0"
"F9","10/08/2024","2141","N346FR","PHX","13:54","14:01","7","0","0","0","0","0"
"F9","10/08/2024","2148","N389FR","DFW","08:09","08:05","-4","0","0","0","0","0"
"F9","10/08/2024","2210","N386FR","MDW","12:23","12:28","5","0","0","0","0","0"
"F9","10/08/2024","2212","N626FR","DTW","15:40","16:39","59","34","0","0","0","9"
"F9","10/08/2024","2261","N620FR","ELP","15:51","16:06","15","0","0","0","0","0"
"F9","10/08/2024","2341","N719FR","LAX","05:55","08:23","148","147","0","0","0","0"
"F9","10/08/2024","2348","N720FR","IND","11:00","10:59","-1","0","0","0","0","0"
"F9","10/08/2024","2356","N610FR","SAT","07:45","07:38","-7","0","0","0","0","0"
"F9","10/08/2024","2429","N324FR","LAS","15:19","16:28","69","0","0","0","0","51"
"F9","10/08/2024","2440","N313FR","RDU","15:13","15:37","24","19","0","0","0","0"
"F9","10/08/2024","2632","N388FR","DFW","18:22","18:25","3","3","0","12","0","0"
"F9","10/08/2024","2890","N337FR","AUS","15:58","15:54","-4","0","0","0","0","0"
"F9","10/08/2024","3155","N710FR","LAX","14:00","14:34","34","24","0","0","0","0"
"F9","10/08/2024","3162","N622FR","LGA","15:12","15:19","7","0","0","0","0","0"
"F9","10/08/2024","3174","N395FR","ORD","19:42","20:29","47","41","0","0","0","0"
"F9","10/08/2024","3206","N620FR","IAH","08:36","08:57","21","19","0","0","0","0"
"F9","10/08/2024","3286","N377FR","CVG","08:35","08:34","-1","0","0","0","0","0"
"F9","10/08/2024","3294","N721FR","ATL","23:49","23:57","8","0","0","0","0","0"
"F9","10/08/2024","3312","","MCO","13:50","00:00","0","0","0","0","0","0"
"F9","10/08/2024","3340","N307FR","PHL","23:12","23:18","6","0","0","0","0","0"
"F9","10/08/2024","3376","N719FR","MCI","14:29","15:14","45","0","0","0","0","34"
"F9","10/08/2024","3405","N341FR","SEA","17:17","17:18","1","0","0","0","0","0"
"F9","10/08/2024","3439","N606FR","SFO","22:26","22:48","22","0","0","0","0","0"
"F9","10/08/2024","3467","N342FR","PHX","20:03","20:20","17","0","0","0","0","0"
"F9","10/08/2024","3981","N332FR","SLC","11:35","11:21","-14","0","0","0","0","0"
"F9","10/08/2024","4070","N363FR","DFW","13:56","13:51","-5","0","0","0","0","0"
"F9","10/08/2024","4235","N317FR","SLC","13:59","15:15","76","0","0","0","0","62"
"F9","10/08/2024","4349","N337FR","PDX","22:12","22:34","22","0","0","0","0","0"
"F9","10/08/2024","4371","N341FR","SNA","09:47","09:45","-2","0","0","0","0","0"
"F9","10/08/2024","4386","N606FR","CID","16:12","16:19","7","0","0","0","0","0"
"F9","10/08/2024","4478","N610FR","STL","20:14","20:11","-3","0","0","0","0","0"
"F9","10/08/2024","4616","N710FR","MSP","21:15","21:16","1","0","0","0","0","0"
"F9","10/08/2024","4721","N391FR","SLC","22:26","22:16","-10","0","0","0","0","0"
"F9","10/08/2024","4794","N236FR","FAR","11:29","11:15","-14","0","0","0","0","0"
"F9","10/08/2024","4856","N394FR","IAH","20:40","20:27","-13","0","0","0","0","0"
"F9","10/08/2024","4927","N394FR","SAN","09:45","09:43","-2","0","0","59","0","0"
"F9","10/08/2024","4967","N614FR","LAS","18:35","18:35","0","0","0","0","0","0"
"F9","10/08/2024","4989","N236FR","SAN","17:12","17:03","-9","0","0","0","0","0"
"F9","10/09/2024","0686","N308FR","DCA","06:41","06:32","-9","0","0","0","0","0"
"F9","10/09/2024","0688","N365FR","DCA","12:43","13:13","30","18","0","0","0","0"
"F9","10/09/2024","0690","N344FR","DCA","16:35","16:47","12","0","0","0","0","0"
"F9","10/09/2024","1093","N620FR","SFO","11:00","10:50","-10","0","0","0","0","0"
"F9","10/09/2024","1114","","TPA","23:59","00:00","0","0","0","0","0","0"
"F9","10/09/2024","1128","N649FR","OMA","10:50","10:45","-5","0","0","0","0","0"
"F9","10/09/2024","1150","N624FR","MSP","08:00","08:25","25","0","0","0","0","0"
"F9","10/09/2024","1175","N614FR","SEA","05:04","05:00","-4","0","0","0","0","0"
"F9","10/09/2024","1228","N341FR","MDW","16:47","17:13","26","0","0","0","0","0"
"F9","10/09/2024","1261","N702FR","ONT","08:20","08:33","13","0","0","0","0","0"
"F9","10/09/2024","1292","N626FR","MSP","21:02","20:53","-9","0","0","0","0","0"
"F9","10/09/2024","1362","N646FR","CLT","13:49","14:10","21","0","0","0","0","0"
"F9","10/09/2024","1375","N236FR","PHX","07:00","06:50","-10","0","0","0","0","0"
"F9","10/09/2024","1450","N361FR","ATL","12:35","13:12","37","28","0","0","0","0"
"F9","10/09/2024","1499","N705FR","ONT","22:38","22:32","-6","0","0","0","0","0"
"F9","10/09/2024","1560","N614FR","MSN","13:04","13:38","34","0","0","0","0","23"
"F9","10/09/2024","1678","N394FR","DSM","15:18","15:06","-12","0","0","0","0","0"
"F9","10/09/2024","1734","","MCO","00:20","00:00","0","0","0","0","0","0"
"F9","10/09/2024","1784","N635FR","BNA","12:26","12:25","-1","0","0","0","0","0"
"F9","10/09/2024","1789","N391FR","PDX","08:28","08:26","-2","0","0","0","0","0"
"F9","10/09/2024","1816","N308FR","AUS","15:56","15:59","3","0","0","0","0","0"
"F9","10/09/2024","1819","N343FR","PHX","09:51","09:44","-7","0","0","0","0","0"
"F9","10/09/2024","1864","N313FR","OKC","11:33","11:24","-9","0","0","0","0","0"
"F9","10/09/2024","2015","N635FR","LAS","06:00","05:53","-7","0","0","0","0","0"
"F9","10/09/2024","2108","N332FR","FSD","10:02","09:56","-6","0","0","0","0","0"
"F9","10/09/2024","2141","N366FR","PHX","13:54","13:52","-2","0","0","0","0","0"
"F9","10/09/2024","2210","N368FR","MDW","12:28","12:27","-1","0","0","0","0","0"
"F9","10/09/2024","2212","N391FR","DTW","15:40","15:37","-3","0","0","0","0","0"
"F9","10/09/2024","2261","N710FR","ELP","08:35","08:34","-1","0","0","0","0","0"
"F9","10/09/2024","2341","N626FR","LAX","06:00","05:57","-3","0","0","0","0","0"
"F9","10/09/2024","2348","N720FR","IND","08:00","09:21","81","73","0","0","0","0"
"F9","10/09/2024","2356","N646FR","SAT","07:10","07:04","-6","0","0","0","0","0"
"F9","10/09/2024","2374","N624FR","TYS","13:46","14:28","42","0","0","0","0","38"
"F9","10/09/2024","2429","N377FR","LAS","15:19","15:36","17","0","0","0","0","0"
"F9","10/09/2024","2440","N332FR","RDU","15:11","17:06","115","101","0","5","0","14"
"F9","10/09/2024","2632","N372FR","DFW","18:17","18:06","-11","0","0","0","0","0"
"F9","10/09/2024","2687","N337FR","PDX","22:12","22:08","-4","0","0","0","0","0"
"F9","10/09/2024","3155","N626FR","LAX","14:00","14:04","4","0","0","0","0","0"
"F9","10/09/2024","3162","N702FR","LGA","15:11","16:35","84","59","0","0","0","14"
"F9","10/09/2024","3174","N350FR","ORD","16:36","16:52","16","16","0","1","0","0"
"F9","10/09/2024","3230","N706FR","IAH","08:25","08:42","17","0","0","0","0","0"
"F9","10/09/2024","3286","N352FR","CVG","08:35","08:36","1","0","0","0","0","0"
"F9","10/09/2024","3294","N706FR","ATL","23:49","00:07","18","0","0","0","0","0"
"F9","10/09/2024","3312","","MCO","12:45","00:00","0","0","0","0","0","0"
"F9","10/09/2024","3340","N311FR","PHL","23:57","00:37","40","0","0","0","0","29"
"F9","10/09/2024","3376","N719FR","MCI","12:29","12:24","-5","0","0","0","0","0"
"F9","10/09/2024","3405","N721FR","SEA","17:23","18:02","39","0","0","0","0","32"
"F9","10/09/2024","3439","N649FR","SFO","22:26","22:18","-8","0","0","0","0","0"
"F9","10/09/2024","3467","N366FR","PHX","20:03","20:38","35","34","0","0","0","0"
"F9","10/09/2024","3539","N308FR","LAS","22:45","22:44","-1","0","0","0","0","0"
"F9","10/09/2024","3930","","PNS","14:19","00:00","0","0","0","0","0","0"
"F9","10/09/2024","3981","N337FR","SLC","11:25","12:38","73","59","0","0","0","0"
"F9","10/09/2024","4070","N358FR","DFW","13:56","14:03","7","0","0","0","0","0"
"F9","10/09/2024","4235","N311FR","SLC","14:00","16:47","167","154","0","0","0","0"
"F9","10/09/2024","4344","N706FR","XNA","15:29","15:43","14","0","0","0","0","0"
"F9","10/09/2024","4371","N341FR","SNA","09:47","09:36","-11","0","0","0","0","0"
"F9","10/09/2024","4386","N649FR","CID","16:12","16:07","-5","0","0","0","0","0"
"F9","10/09/2024","4464","N230FR","DFW","08:09","14:07","358","0","0","0","0","355"
"F9","10/09/2024","4478","N394FR","STL","20:44","20:42","-2","0","0","0","0","0"
"F9","10/09/2024","4626","N394FR","MEM","08:37","08:34","-3","0","0","0","0","0"
"F9","10/09/2024","4721","N365FR","SLC","21:50","21:56","6","0","0","0","0","0"
"F9","10/09/2024","4753","N326FR","PHX","22:59","23:12","13","13","0","11","0","0"
"F9","10/09/2024","4794","N710FR","FAR","14:29","14:42","13","0","0","0","0","0"
"F9","10/09/2024","4856","N313FR","IAH","20:40","20:27","-13","0","0","0","0","0"
"F9","10/09/2024","4927","N721FR","SAN","10:16","10:11","-5","0","0","0","0","0"
"F9","10/09/2024","4967","N620FR","LAS","18:35","18:42","7","0","0","0","0","0"
"F9","10/09/2024","4989","N720FR","SAN","16:40","16:53","13","0","0","0","0","0"
"F9","10/10/2024","0686","N236FR","DCA","06:41","07:01","20","18","0","0","0","0"
"F9","10/10/2024","0688","N317FR","DCA","12:43","12:38","-5","0","0","0","0","0"
"F9","10/10/2024","0690","N313FR","DCA","16:35","16:34","-1","0","0","0","0","0"
"F9","10/10/2024","1093","N391FR","SFO","11:43","11:53","10","0","0","0","0","0"
"F9","10/10/2024","1114","","TPA","23:59","00:00","0","0","0","0","0","0"
"F9","10/10/2024","1128","N313FR","OMA","11:33","11:38","5","0","0","0","0","0"
"F9","10/10/2024","1150","N702FR","MSP","05:10","05:10","0","0","0","0","0","0"
"F9","10/10/2024","1162","N365FR","HOU","08:28","08:22","-6","0","0","0","0","0"
"F9","10/10/2024","1175","N614FR","SEA","06:05","05:58","-7","0","0","0","0","0"
"F9","10/10/2024","1228","N365FR","MDW","15:29","15:28","-1","0","0","0","0","0"
"F9","10/10/2024","1248","N236FR","GRR","15:56","15:45","-11","0","0","23","0","0"
"F9","10/10/2024","1261","N605FR","ONT","06:00","06:08","8","8","0","10","0","0"
"F9","10/10/2024","1280","","MIA","18:01","00:00","0","0","0","0","0","0"
"F9","10/10/2024","1324","N624FR","DFW","05:01","04:54","-7","0","0","0","0","0"
"F9","10/10/2024","1362","N308FR","CLT","13:49","13:46","-3","0","0","0","0","0"
"F9","10/10/2024","1375","N391FR","PHX","06:00","05:57","-3","0","0","0","0","0"
"F9","10/10/2024","1402","N721FR","BNA","06:10","07:07","57","50","0","0","0","0"
"F9","10/10/2024","1450","N635FR","ATL","14:29","14:42","13","0","0","57","0","13"
"F9","10/10/2024","1484","N635FR","ORD","06:55","07:00","5","0","0","0","0","0"
"F9","10/10/2024","1499","N721FR","ONT","21:41","21:39","-2","0","0","0","0","0"
"F9","10/10/2024","1560","N619FR","MSN","13:29","13:19","-10","0","0","0","0","0"
"F9","10/10/2024","1608","N360FR","MKE","07:55","07:47","-8","0","0","0","0","0"
"F9","10/10/2024","1678","N360FR","DSM","14:50","14:45","-5","0","0","0","0","0"
"F9","10/10/2024","1734","","MCO","00:20","00:00","0","0","0","0","0","0"
"F9","10/10/2024","1752","N338FR","CVG","18:29","18:22","-7","0","0","0","0","0"
"F9","10/10/2024","1784","N649FR","BNA","15:27","16:07","40","9","0","15","0","31"
"F9","10/10/2024","1789","N337FR","PDX","15:47","15:56","9","0","0","0","0","0"
"F9","10/10/2024","1816","N317FR","AUS","06:20","06:14","-6","0","0","0","0","0"
"F9","10/10/2024","1819","N366FR","PHX","09:11","09:05","-6","0","0","0","0","0"
"F9","10/10/2024","1864","N337FR","OKC","10:35","11:25","50","42","0","0","0","0"
"F9","10/10/2024","1918","N711FR","CLE","13:35","13:42","7","0","0","0","0","0"
"F9","10/10/2024","1993","N710FR","LAS","06:45","06:40","-5","0","0","0","0","0"
"F9","10/10/2024","2015","N335FR","LAS","10:01","09:55","-6","0","0","0","0","0"
"F9","10/10/2024","2108","N344FR","FSD","10:04","09:56","-8","0","0","0","0","0"
"F9","10/10/2024","2141","N369FR","PHX","14:22","14:24","2","0","0","0","0","0"
"F9","10/10/2024","2226","N646FR","RDU","07:30","07:20","-10","0","0","0","0","0"
"F9","10/10/2024","2261","N626FR","ELP","08:35","08:48","13","0","0","0","0","0"
"F9","10/10/2024","2341","N625FR","LAX","06:00","05:54","-6","0","0","0","0","0"
"F9","10/10/2024","2348","N705FR","IND","10:57","11:22","25","1","0","0","0","23"
"F9","10/10/2024","2356","N607FR","SAT","16:09","16:20","11","0","0","0","0","0"
"F9","10/10/2024","2360","N308FR","MSY","06:00","06:01","1","0","0","0","0","0"
"F9","10/10/2024","2440","N344FR","RDU","15:13","15:03","-10","0","0","0","0","0"
"F9","10/10/2024","2632","N625FR","DFW","18:12","19:15","63","0","0","0","0","61"
"F9","10/10/2024","2687","N644FR","PDX","22:14","22:08","-6","0","0","0","0","0"
"F9","10/10/2024","2706","N614FR","BWI","15:04","15:13","9","0","0","0","0","0"
"F9","10/10/2024","2746","","TPA","14:10","00:00","0","0","0","0","0","0"
"F9","10/10/2024","2817","N607FR","SAN","05:35","05:33","-2","0","0","0","0","0"
"F9","10/10/2024","2890","N702FR","AUS","17:28","17:33","5","0","0","0","0","0"
"F9","10/10/2024","3155","N721FR","LAX","13:59","14:24","25","0","0","0","0","18"
"F9","10/10/2024","3162","N622FR","LGA","15:16","15:14","-2","0","0","0","0","0"
"F9","10/10/2024","3172","N391FR","ORD","20:39","20:39","0","0","0","0","0","0"
"F9","10/10/2024","3230","N338FR","IAH","05:05","05:05","0","0","0","0","0","0"
"F9","10/10/2024","3286","N342FR","CVG","08:45","08:45","0","0","0","0","0","0"
"F9","10/10/2024","3294","N607FR","ATL","23:49","23:59","10","0","0","0","0","0"
"F9","10/10/2024","3302","N360FR","STL","20:16","20:09","-7","0","0","0","0","0"
"F9","10/10/2024","3312","","MCO","09:17","00:00","0","0","0","0","0","0"
"F9","10/10/2024","3340","N305FR","PHL","23:59","23:49","-10","0","0","0","0","0"
"F9","10/10/2024","3376","N705FR","MCI","18:29","18:46","17","0","0","0","0","0"
"F9","10/10/2024","3405","N717FR","SEA","18:42","18:33","-9","0","0","0","0","0"
"F9","10/10/2024","3439","N605FR","SFO","22:26","22:16","-10","0","0","20","0","0"
"F9","10/10/2024","3467","N366FR","PHX","18:02","18:20","18","0","0","0","0","0"
"F9","10/10/2024","3566","N619FR","DTW","05:15","05:18","3","0","0","0","0","0"
"F9","10/10/2024","3665","N640FR","SMF","13:08","13:00","-8","0","0","0","0","0"
"F9","10/10/2024","3930","","PNS","13:11","00:00","0","0","0","0","0","0"
"F9","10/10/2024","3949","N640FR","LAS","22:45","22:37","-8","0","0","0","0","0"
"F9","10/10/2024","3981","N649FR","SLC","10:50","10:48","-2","0","0","0","0","0"
"F9","10/10/2024","4070","N625FR","DFW","11:42","13:22","100","16","0","0","0","71"
"F9","10/10/2024","4251","N646FR","SLC","17:05","17:03","-2","0","0","0","0","0"
"F9","10/10/2024","4344","N702FR","XNA","11:26","11:29","3","0","0","0","0","0"
"F9","10/10/2024","4371","N332FR","SNA","11:55","11:51","-4","0","0","0","0","0"
"F9","10/10/2024","4374","N622FR","PIT","06:31","06:23","-8","0","0","0","0","0"
"F9","10/10/2024","4386","N605FR","CID","16:12","16:04","-8","0","0","0","0","0"
"F9","10/10/2024","4464","N358FR","DFW","08:08","07:57","-11","0","0","0","0","0"
"F9","10/10/2024","4611","N350FR","LAS","20:45","20:48","3","0","0","0","0","0"
"F9","10/10/2024","4616","N626FR","MSP","21:15","21:11","-4","0","0","0","0","0"
"F9","10/10/2024","4721","N317FR","SLC","22:26","22:37","11","11","0","8","0","0"
"F9","10/10/2024","4753","N365FR","PHX","22:38","22:46","8","0","0","0","0","0"
"F9","10/10/2024","4776","N626FR","LIT","14:29","14:40","11","0","0","0","0","0"
"F9","10/10/2024","4794","N640FR","FAR","07:10","06:55","-15","0","0","0","0","0"
"F9","10/10/2024","4856","N386FR","IAH","20:40","20:39","-1","0","0","0","0","0"
"F9","10/10/2024","4917","N717FR","SJC","09:12","09:16","4","0","0","0","0","0"
"F9","10/10/2024","4920","","MCO","06:05","00:00","0","0","0","0","0","0"
"F9","10/10/2024","4927","N326FR","SAN","19:56","19:48","-8","0","0","0","0","0"
"F9","10/10/2024","4967","N332FR","LAS","18:45","18:37","-8","0","0","0","0","0"
"F9","10/10/2024","4989","N335FR","SAN","17:36","17:45","9","0","0","0","0","0"
"F9","10/11/2024","0686","N310FR","DCA","06:41","06:35","-6","0","0","0","0","0"
"F9","10/11/2024","0688","N352FR","DCA","12:43","14:54","131","0","0","0","0","123"
"F9","10/11/2024","0690","N386FR","DCA","16:35","18:01","86","10","0","0","0","64"
"F9","10/11/2024","1093","N364FR","SFO","17:37","17:45","8","0","0","0","0","0"
"F9","10/11/2024","1114","N722FR","TPA","23:59","00:24","25","16","0","0","0","2"
"F9","10/11/2024","1150","N702FR","MSP","06:03","07:19","76","62","0","0","0","0"
"F9","10/11/2024","1162","N310FR","HOU","15:56","15:53","-3","0","0","0","0","0"
"F9","10/11/2024","1175","N236FR","SEA","06:05","05:54","-11","0","0","0","0","0"
"F9","10/11/2024","1228","N383FR","MDW","19:46","19:42","-4","0","0","0","0","0"
"F9","10/11/2024","1248","N626FR","GRR","15:29","17:26","117","0","0","0","0","102"
"F9","10/11/2024","1261","N622FR","ONT","06:00","05:52","-8","0","0","0","0","0"
"F9","10/11/2024","1280","N631FR","MIA","18:01","18:12","11","0","0","0","0","0"
"F9","10/11/2024","1292","N640FR","MSP","21:15","21:09","-6","0","0","0","0","0"
"F9","10/11/2024","1324","N614FR","DFW","05:05","06:09","64","49","0","0","0","0"
"F9","10/11/2024","1362","N649FR","CLT","14:24","14:36","12","0","0","0","0","0"
"F9","10/11/2024","1402","N385FR","BNA","06:20","06:17","-3","0","0","0","0","0"
"F9","10/11/2024","1450","N619FR","ATL","10:14","10:12","-2","0","0","0","0","0"
"F9","10/11/2024","1484","N649FR","ORD","06:50","07:16","26","22","0","0","0","0"
"F9","10/11/2024","1499","N332FR","ONT","22:38","22:36","-2","0","0","0","0","0"
"F9","10/11/2024","1560","N385FR","MSN","13:47","13:36","-11","0","0","0","0","0"
"F9","10/11/2024","1608","N644FR","MKE","10:45","10:32","-13","0","0","0","0","0"
"F9","10/11/2024","1678","N313FR","DSM","15:16","15:30","14","0","0","0","0","0"
"F9","10/11/2024","1734","N999FR","MCO","00:20","00:46","26","0","0","0","0","0"
"F9","10/11/2024","1784","N721FR","BNA","16:21","16:21","0","0","0","0","0","0"
"F9","10/11/2024","1789","N337FR","PDX","06:00","05:53","-7","0","0","0","0","0"
"F9","10/11/2024","1819","N343FR","PHX","08:51","08:41","-10","0","0","0","0","0"
"F9","10/11/2024","1864","N702FR","OKC","12:19","13:15","56","0","0","0","0","50"
"F9","10/11/2024","1874","N332FR","OMA","17:35","17:37","2","0","0","0","0","0"
"F9","10/11/2024","1918","N625FR","CLE","05:15","05:11","-4","0","0","0","0","0"
"F9","10/11/2024","1993","N639FR","LAS","10:12","10:14","2","0","0","0","0","0"
"F9","10/11/2024","2015","N301FR","LAS","06:00","05:57","-3","0","0","0","0","0"
"F9","10/11/2024","2105","N378FR","PHX","16:50","17:06","16","0","0","0","0","0"
"F9","10/11/2024","2108","N605FR","FSD","17:11","16:59","-12","0","0","0","0","0"
"F9","10/11/2024","2210","N332FR","MDW","08:40","08:46","6","0","0","0","0","0"
"F9","10/11/2024","2212","N722FR","DTW","16:16","16:43","27","0","0","0","0","0"
"F9","10/11/2024","2261","N720FR","ELP","16:41","16:44","3","0","0","0","0","0"
"F9","10/11/2024","2341","N705FR","LAX","06:00","06:15","15","15","0","2","0","0"
"F9","10/11/2024","2348","N720FR","IND","09:10","09:29","19","0","0","0","0","0"
"F9","10/11/2024","2356","N636FR","SAT","07:00","07:07","7","0","0","0","0","0"
"F9","10/11/2024","2374","N715FR","TYS","13:47","13:59","12","12","0","11","0","0"
"F9","10/11/2024","2421","N644FR","SAN","18:01","18:21","20","0","0","0","0","0"
"F9","10/11/2024","2440","N317FR","RDU","15:13","15:09","-4","0","0","0","0","0"
"F9","10/11/2024","2632","N704FR","DFW","18:55","21:29","154","42","0","0","0","97"
"F9","10/11/2024","2706","N308FR","BWI","08:12","09:02","50","41","0","0","0","0"
"F9","10/11/2024","2746","N635FR","TPA","15:04","16:49","105","0","0","25","0","105"
"F9","10/11/2024","2752","N337FR","BUF","13:32","13:36","4","0","0","0","0","0"
"F9","10/11/2024","2817","N635FR","SAN","05:35","06:35","60","0","60","9","0","0"
"F9","10/11/2024","2890","N607FR","AUS","16:09","16:48","39","27","0","0","0","0"
"F9","10/11/2024","2986","N335FR","CLT","05:01","04:53","-8","0","0","22","0","0"
"F9","10/11/2024","3101","N640FR","MSO","14:53","14:44","-9","0","0","0","0","0"
"F9","10/11/2024","3155","N335FR","LAX","14:00","14:21","21","0","0","0","0","0"
"F9","10/11/2024","3162","N622FR","LGA","15:16","15:10","-6","0","0","0","0","0"
"F9","10/11/2024","3172","N610FR","ORD","21:24","23:19","115","0","0","0","0","94"
"F9","10/11/2024","3230","N722FR","IAH","09:00","08:55","-5","0","0","47","0","0"
"F9","10/11/2024","3286","N362FR","CVG","08:30","08:24","-6","0","0","0","0","0"
"F9","10/11/2024","3294","N649FR","ATL","23:49","23:45","-4","0","0","16","0","0"
"F9","10/11/2024","3312","N717FR","MCO","10:43","10:55","12","0","0","0","0","0"
"F9","10/11/2024","3340","N626FR","PHL","23:59","00:35","36","0","0","0","0","24"
"F9","10/11/2024","3376","N313FR","MCI","09:54","09:54","0","0","0","0","0","0"
"F9","10/11/2024","3405","N391FR","SEA","18:41","18:40","-1","0","0","0","0","0"
"F9","10/11/2024","3439","N636FR","SFO","22:34","22:49","15","15","0","8","0","0"
"F9","10/11/2024","3467","N385FR","PHX","20:51","20:46","-5","0","0","0","0","0"
"F9","10/11/2024","3539","N705FR","LAS","22:45","22:51","6","0","0","0","0","0"
"F9","10/11/2024","3566","N640FR","DTW","06:30","06:27","-3","0","0","0","0","0"
"F9","10/11/2024","3665","N705FR","SMF","13:05","13:07","2","0","0","0","0","0"
"F9","10/11/2024","3843","N718FR","LAS","18:38","19:30","52","31","0","0","0","21"
"F9","10/11/2024","3861","N395FR","SLC","06:20","06:16","-4","0","0","0","0","0"
"F9","10/11/2024","3930","N236FR","PNS","13:49","13:57","8","0","0","0","0","0"
"F9","10/11/2024","3981","N386FR","SLC","11:33","11:24","-9","0","0","0","0","0"
"F9","10/11/2024","4070","N718FR","DFW","11:36","12:39","63","0","0","0","0","47"
"F9","10/11/2024","4235","N343FR","SLC","14:34","15:01","27","0","0","0","0","0"
"F9","10/11/2024","4344","N721FR","XNA","10:16","10:06","-10","0","0","0","0","0"
"F9","10/11/2024","4349","N335FR","PDX","22:32","22:33","1","0","0","0","0","0"
"F9","10/11/2024","4371","N317FR","SNA","08:28","08:28","0","0","0","0","0","0"
"F9","10/11/2024","4386","N605FR","CID","10:50","10:41","-9","0","0","0","0","0"
"F9","10/11/2024","4464","N228FR","DFW","07:14","07:09","-5","0","0","23","0","0"
"F9","10/11/2024","4478","N313FR","STL","20:42","20:36","-6","0","0","0","0","0"
"F9","10/11/2024","4562","N702FR","MSY","18:02","18:47","45","0","0","0","0","30"
"F9","10/11/2024","4576","N636FR","CMH","13:38","13:39","1","0","0","0","0","0"
"F9","10/11/2024","4611","N308FR","LAS","20:45","21:25","40","27","0","0","0","0"
"F9","10/11/2024","4626","N626FR","MEM","08:15","08:06","-9","0","0","0","0","0"
"F9","10/11/2024","4721","N337FR","SLC","22:26","22:51","25","23","0","0","0","0"
"F9","10/11/2024","4753","N343FR","PHX","22:59","23:02","3","0","0","0","0","0"
"F9","10/11/2024","4765","N619FR","PHX","18:51","18:45","-6","0","0","0","0","0"
"F9","10/11/2024","4794","N364FR","FAR","11:35","11:25","-10","0","0","0","0","0"
"F9","10/11/2024","4856","N369FR","IAH","20:40","20:38","-2","0","0","0","0","0"
"F9","10/11/2024","4917","N704FR","SJC","09:25","10:45","80","80","0","18","0","0"
"F9","10/11/2024","4920","","MCO","06:05","00:00","0","0","0","0","0","0"
"F9","10/11/2024","4989","N336FR","SAN","20:01","19:57","-4","0","0","0","0","0"
"F9","10/12/2024","0686","N377FR","DCA","06:41","06:33","-8","0","0","0","0","0"
"F9","10/12/2024","0688","N605FR","DCA","12:43","14:25","102","86","0","0","0","0"
"F9","10/12/2024","0690","N377FR","DCA","16:35","16:59","24","0","0","0","0","0"
"F9","10/12/2024","1093","N702FR","SFO","11:00","10:59","-1","0","0","0","0","0"
"F9","10/12/2024","1114","N640FR","TPA","23:59","24:00","1","0","0","0","0","0"
"F9","10/12/2024","1128","N636FR","OMA","10:54","13:12","138","13","0","1","0","125"
"F9","10/12/2024","1150","N718FR","MSP","08:00","07:53","-7","0","0","0","0","0"
"F9","10/12/2024","1175","N704FR","SEA","06:00","06:02","2","0","0","0","0","0"
"F9","10/12/2024","1248","N640FR","GRR","14:28","14:28","0","0","0","0","0","0"
"F9","10/12/2024","1261","N308FR","ONT","06:00","05:57","-3","0","0","0","0","0"
"F9","10/12/2024","1280","N236FR","MIA","10:18","10:22","4","4","0","16","0","0"
"F9","10/12/2024","1292","N718FR","MSP","21:16","21:36","20","0","0","0","0","0"
"F9","10/12/2024","1362","N704FR","CLT","14:05","14:02","-3","0","0","0","0","0"
"F9","10/12/2024","1375","N336FR","PHX","12:15","12:14","-1","0","0","0","0","0"
"F9","10/12/2024","1450","N619FR","ATL","11:58","11:51","-7","0","0","0","0","0"
"F9","10/12/2024","1499","N337FR","ONT","22:38","22:37","-1","0","0","0","0","0"
"F9","10/12/2024","1560","N332FR","MSN","10:35","10:31","-4","0","0","0","0","0"
"F9","10/12/2024","1678","N308FR","DSM","14:57","14:52","-5","0","0","0","0","0"
"F9","10/12/2024","1734","N723FR","MCO","00:59","01:16","17","0","0","0","0","0"
"F9","10/12/2024","1784","N630FR","BNA","12:26","12:18","-8","0","0","0","0","0"
"F9","10/12/2024","1789","N369FR","PDX","08:25","08:16","-9","0","0","0","0","0"
"F9","10/12/2024","1819","N343FR","PHX","09:51","09:56","5","0","0","0","0","0"
"F9","10/12/2024","1864","N649FR","OKC","09:22","09:13","-9","0","0","0","0","0"
"F9","10/12/2024","1993","N324FR","LAS","10:09","11:08","59","0","0","0","0","49"
"F9","10/12/2024","2015","N630FR","LAS","06:00","05:59","-1","0","0","0","0","0"
"F9","10/12/2024","2105","N332FR","PHX","19:00","19:12","12","0","0","0","0","0"
"F9","10/12/2024","2108","N391FR","FSD","10:04","09:56","-8","0","0","0","0","0"
"F9","10/12/2024","2141","N381FR","PHX","14:45","15:11","26","16","0","0","0","6"
"F9","10/12/2024","2148","N342FR","DFW","08:43","08:59","16","0","0","0","0","0"
"F9","10/12/2024","2210","N386FR","MDW","12:00","12:20","20","0","0","0","0","0"
"F9","10/12/2024","2212","N644FR","DTW","15:36","16:35","59","0","0","0","0","43"
"F9","10/12/2024","2261","N640FR","ELP","08:35","08:42","7","0","0","0","0","0"
"F9","10/12/2024","2341","N622FR","LAX","06:00","05:53","-7","0","0","0","0","0"
"F9","10/12/2024","2348","N721FR","IND","11:30","11:19","-11","0","0","0","0","0"
"F9","10/12/2024","2356","N639FR","SAT","07:00","06:56","-4","0","0","0","0","0"
"F9","10/12/2024","2429","N620FR","LAS","16:33","16:22","-11","0","0","0","0","0"
"F9","10/12/2024","2440","N391FR","RDU","15:13","15:28","15","0","0","0","0","0"
"F9","10/12/2024","2550","N353FR","DFW","21:16","21:43","27","0","0","0","0","0"
"F9","10/12/2024","2632","","DFW","17:45","00:00","0","0","0","0","0","0"
"F9","10/12/2024","2687","N369FR","PDX","22:12","22:02","-10","0","0","0","0","0"
"F9","10/12/2024","2817","N635FR","SAN","09:50","09:47","-3","0","0","0","0","0"
"F9","10/12/2024","2890","N369FR","AUS","15:56","15:56","0","0","0","0","0","0"
"F9","10/12/2024","3155","N639FR","LAX","14:00","14:09","9","9","0","20","0","0"
"F9","10/12/2024","3162","N649FR","LGA","15:09","15:07","-2","0","0","0","0","0"
"F9","10/12/2024","3174","N636FR","ORD","19:42","20:06","24","0","0","0","0","0"
"F9","10/12/2024","3206","N644FR","IAH","08:25","08:25","0","0","0","39","0","0"
"F9","10/12/2024","3286","N341FR","CVG","08:55","09:07","12","0","0","0","0","0"
"F9","10/12/2024","3294","N630FR","ATL","23:49","23:56","7","0","0","0","0","0"
"F9","10/12/2024","3312","N317FR","MCO","13:48","13:56","8","0","0","0","0","0"
"F9","10/12/2024","3340","N316FR","PHL","23:57","23:59","2","0","0","0","0","0"
"F9","10/12/2024","3376","N337FR","MCI","16:57","16:53","-4","0","0","0","0","0"
"F9","10/12/2024","3405","N635FR","SEA","18:42","18:42","0","0","0","0","0","0"
"F9","10/12/2024","3439","N622FR","SFO","22:45","22:53","8","0","0","0","0","0"
"F9","10/12/2024","3467","N364FR","PHX","21:30","21:27","-3","0","0","0","0","0"
"F9","10/12/2024","3539","N639FR","LAS","22:45","22:44","-1","0","0","0","0","0"
"F9","10/12/2024","3665","N622FR","SMF","13:30","13:32","2","0","0","0","0","0"
"F9","10/12/2024","3843","N702FR","LAS","18:35","18:35","0","0","0","0","0","0"
"F9","10/12/2024","3930","N337FR","PNS","08:54","08:45","-9","0","0","0","0","0"
"F9","10/12/2024","3981","N383FR","SLC","11:33","11:27","-6","0","0","0","0","0"
"F9","10/12/2024","4070","N342FR","DFW","14:55","15:11","16","0","0","0","0","0"
"F9","10/12/2024","4251","N336FR","SLC","18:31","18:17","-14","0","0","0","0","0"
"F9","10/12/2024","4371","N364FR","SNA","12:27","13:03","36","23","0","0","0","0"
"F9","10/12/2024","4386","N335FR","CID","16:22","16:23","1","0","0","0","0","0"
"F9","10/12/2024","4478","N394FR","STL","20:23","20:18","-5","0","0","0","0","0"
"F9","10/12/2024","4721","N342FR","SLC","22:26","23:08","42","35","0","0","0","0"
"F9","10/12/2024","4794","N718FR","FAR","14:14","14:44","30","22","0","0","0","0"
"F9","10/12/2024","4856","N308FR","IAH","20:40","20:37","-3","0","0","0","0","0"
"F9","10/12/2024","4927","N326FR","SAN","12:10","12:30","20","0","0","0","0","0"
"F9","10/12/2024","4989","N383FR","SAN","16:56","16:51","-5","0","0","0","0","0"
"F9","10/13/2024","0686","N335FR","DCA","06:41","06:36","-5","0","0","0","0","0"
"F9","10/13/2024","0688","N332FR","DCA","12:43","12:33","-10","0","0","0","0","0"
"F9","10/13/2024","0690","N383FR","DCA","16:35","16:35","0","0","0","0","0","0"
"F9","10/13/2024","1093","N367FR","SFO","13:35","13:30","-5","0","0","0","0","0"
"F9","10/13/2024","1114","N642FR","TPA","23:59","01:14","75","0","0","0","0","58"
"F9","10/13/2024","1128","N383FR","OMA","11:33","11:21","-12","0","0","0","0","0"
"F9","10/13/2024","1150","N718FR","MSP","19:00","18:54","-6","0","0","0","0","0"
"F9","10/13/2024","1162","N342FR","HOU","08:28","08:17","-11","0","0","0","0","0"
"F9","10/13/2024","1175","N702FR","SEA","05:55","05:59","4","0","0","0","0","0"
"F9","10/13/2024","1228","N394FR","MDW","18:25","18:35","10","0","0","0","0","0"
"F9","10/13/2024","1248","N377FR","GRR","09:54","09:52","-2","0","0","0","0","0"
"F9","10/13/2024","1261","N613FR","ONT","06:00","05:54","-6","0","0","0","0","0"
"F9","10/13/2024","1280","N635FR","MIA","06:00","06:02","2","0","0","0","0","0"
"F9","10/13/2024","1324","N644FR","DFW","05:15","05:18","3","0","0","0","0","0"
"F9","10/13/2024","1362","N640FR","CLT","15:07","16:10","63","1","0","12","0","62"
"F9","10/13/2024","1375","N332FR","PHX","06:55","06:45","-10","0","0","0","0","0"
"F9","10/13/2024","1402","N642FR","BNA","06:00","05:56","-4","0","0","0","0","0"
"F9","10/13/2024","1450","N708FR","ATL","13:49","13:53","4","0","0","0","0","0"
"F9","10/13/2024","1484","N720FR","ORD","05:01","05:02","1","0","0","0","0","0"
"F9","10/13/2024","1499","N708FR","ONT","22:32","23:41","69","0","0","0","0","58"
"F9","10/13/2024","1560","N721FR","MSN","12:20","12:16","-4","0","0","0","0","0"
"F9","10/13/2024","1608","N308FR","MKE","08:20","08:14","-6","0","0","0","0","0"
"F9","10/13/2024","1678","N352FR","DSM","14:59","15:23","24","13","0","0","0","2"
"F9","10/13/2024","1734","N395FR","MCO","00:20","00:10","-10","0","0","0","0","0"
"F9","10/13/2024","1752","N303FR","CVG","19:39","19:39","0","0","0","0","0","0"
"F9","10/13/2024","1784","N702FR","BNA","14:05","14:07","2","0","0","0","0","0"
"F9","10/13/2024","1789","N352FR","PDX","07:48","07:44","-4","0","0","0","0","0"
"F9","10/13/2024","1816","N721FR","AUS","05:37","05:37","0","0","0","0","0","0"
"F9","10/13/2024","1819","N646FR","PHX","10:16","10:07","-9","0","0","0","0","0"
"F9","10/13/2024","1864","N640FR","OKC","10:11","10:01","-10","0","0","0","0","0"
"F9","10/13/2024","1918","N622FR","CLE","15:41","16:44","63","0","0","0","0","41"
"F9","10/13/2024","1993","N337FR","LAS","10:35","11:16","41","28","0","0","0","0"
"F9","10/13/2024","2015","N367FR","LAS","06:45","06:37","-8","0","0","0","0","0"
"F9","10/13/2024","2108","N337FR","FSD","16:53","16:45","-8","0","0","0","0","0"
"F9","10/13/2024","2141","N364FR","PHX","14:22","14:45","23","15","0","0","0","0"
"F9","10/13/2024","2212","N335FR","DTW","15:56","15:53","-3","0","0","0","0","0"
"F9","10/13/2024","2226","","RDU","07:30","00:00","0","0","0","0","0","0"
"F9","10/13/2024","2261","","ELP","10:50","00:00","0","0","0","0","0","0"
"F9","10/13/2024","2341","N704FR","LAX","06:00","06:01","1","0","0","0","0","0"
"F9","10/13/2024","2348","N710FR","IND","06:25","07:06","41","28","0","0","0","0"
"F9","10/13/2024","2356","N369FR","SAT","11:00","11:00","0","0","0","0","0","0"
"F9","10/13/2024","2360","N708FR","MSY","06:00","06:15","15","0","0","0","0","0"
"F9","10/13/2024","2421","N369FR","SAN","17:50","17:40","-10","0","0","0","0","0"
"F9","10/13/2024","2429","N389FR","LAS","14:49","14:39","-10","0","0","0","0","0"
"F9","10/13/2024","2440","N308FR","RDU","15:13","15:21","8","0","0","0","0","0"
"F9","10/13/2024","2632","N644FR","DFW","18:47","18:39","-8","0","0","42","0","0"
"F9","10/13/2024","2706","N613FR","BWI","15:27","15:21","-6","0","0","0","0","0"
"F9","10/13/2024","2746","N642FR","TPA","13:47","13:44","-3","0","0","0","0","0"
"F9","10/13/2024","2817","N649FR","SAN","05:38","05:28","-10","0","0","0","0","0"
"F9","10/13/2024","2890","N377FR","AUS","17:14","17:32","18","0","0","0","0","0"
"F9","10/13/2024","3155","N710FR","LAX","13:59","14:56","57","24","0","0","0","25"
"F9","10/13/2024","3162","N605FR","LGA","15:16","15:24","8","0","0","0","0","0"
"F9","10/13/2024","3174","N715FR","ORD","15:34","16:17","43","5","0","4","0","38"
"F9","10/13/2024","3230","N383FR","IAH","05:05","05:01","-4","0","0","0","0","0"
"F9","10/13/2024","3286","N637FR","CVG","08:45","08:45","0","0","0","0","0","0"
"F9","10/13/2024","3294","N715FR","ATL","23:49","00:31","42","27","0","0","0","0"
"F9","10/13/2024","3312","","MCO","09:07","00:00","0","0","0","0","0","0"
"F9","10/13/2024","3340","N335FR","PHL","23:59","23:47","-12","0","0","0","0","0"
"F9","10/13/2024","3376","N721FR","MCI","19:18","19:10","-8","0","0","0","0","0"
"F9","10/13/2024","3405","N720FR","SEA","18:40","18:34","-6","0","0","0","0","0"
"F9","10/13/2024","3439","N704FR","SFO","22:59","22:48","-11","0","0","0","0","0"
"F9","10/13/2024","3467","N304FR","PHX","20:05","20:13","8","0","0","0","0","0"
"F9","10/13/2024","3665","N704FR","SMF","13:08","12:59","-9","0","0","0","0","0"
"F9","10/13/2024","3930","N635FR","PNS","16:37","16:33","-4","0","0","0","0","0"
"F9","10/13/2024","3949","N615FR","LAS","22:42","22:50","8","0","0","0","0","0"
"F9","10/13/2024","3981","N615FR","SLC","09:00","09:42","42","4","0","0","0","26"
"F9","10/13/2024","4070","N615FR","DFW","14:29","14:24","-5","0","0","0","0","0"
"F9","10/13/2024","4251","N649FR","SLC","17:05","17:44","39","0","0","0","0","22"
"F9","10/13/2024","4344","N720FR","XNA","12:43","12:42","-1","0","0","0","0","0"
"F9","10/13/2024","4349","N702FR","PDX","22:14","22:08","-6","0","0","0","0","0"
"F9","10/13/2024","4371","N391FR","SNA","12:10","12:27","17","0","0","0","0","0"
"F9","10/13/2024","4374","N605FR","PIT","06:31","06:21","-10","0","0","0","0","0"
"F9","10/13/2024","4386","","CID","16:46","00:00","0","0","0","0","0","0"
"F9","10/13/2024","4464","N388FR","DFW","08:08","08:05","-3","0","0","0","0","0"
"F9","10/13/2024","4478","N352FR","STL","20:25","20:39","14","0","0","0","0","0"
"F9","10/13/2024","4616","N710FR","MSP","21:15","21:37","22","0","0","0","0","0"
"F9","10/13/2024","4721","N332FR","SLC","22:26","22:14","-12","0","0","0","0","0"
"F9","10/13/2024","4753","N379FR","PHX","23:19","23:32","13","0","0","0","0","0"
"F9","10/13/2024","4776","N644FR","LIT","12:01","11:57","-4","0","0","0","0","0"
"F9","10/13/2024","4794","N342FR","FAR","15:54","15:52","-2","0","0","0","0","0"
"F9","10/13/2024","4856","N367FR","IAH","20:47","20:37","-10","0","0","0","0","0"
"F9","10/13/2024","4917","N718FR","SJC","09:25","09:18","-7","0","0","0","0","0"
"F9","10/13/2024","4920","N715FR","MCO","05:30","05:35","5","0","0","0","0","0"
"F9","10/13/2024","4967","N391FR","LAS","18:49","18:43","-6","0","0","0","0","0"
"F9","10/13/2024","4989","N328FR","SAN","19:56","19:56","0","0","0","0","0","0"
"F9","10/14/2024","0686","N316FR","DCA","06:41","06:47","6","0","0","0","0","0"
"F9","10/14/2024","0688","N622FR","DCA","12:43","17:10","267","22","0","41","0","245"
"F9","10/14/2024","0690","N377FR","DCA","16:35","16:30","-5","0","0","0","0","0"
"F9","10/14/2024","1093","N367FR","SFO","17:35","18:16","41","0","0","0","0","31"
"F9","10/14/2024","1114","N717FR","TPA","23:59","01:50","111","106","0","0","0","0"
"F9","10/14/2024","1150","N640FR","MSP","07:05","07:00","-5","0","0","0","0","0"
"F9","10/14/2024","1162","N337FR","HOU","08:28","08:26","-2","0","0","37","0","0"
"F9","10/14/2024","1175","N622FR","SEA","06:00","05:55","-5","0","0","0","0","0"
"F9","10/14/2024","1228","N395FR","MDW","18:49","00:29","340","132","0","0","0","196"
"F9","10/14/2024","1248","N640FR","GRR","13:20","13:16","-4","0","0","0","0","0"
"F9","10/14/2024","1261","N718FR","ONT","06:05","06:03","-2","0","0","0","0","0"
"F9","10/14/2024","1280","N631FR","MIA","18:13","18:58","45","0","0","0","0","37"
"F9","10/14/2024","1292","N635FR","MSP","20:57","21:58","61","0","0","0","0","57"
"F9","10/14/2024","1324","N720FR","DFW","05:01","04:53","-8","0","0","24","0","0"
"F9","10/14/2024","1362","N644FR","CLT","13:47","13:48","1","0","0","0","0","0"
"F9","10/14/2024","1402","N605FR","BNA","06:50","06:45","-5","0","0","0","0","0"
"F9","10/14/2024","1450","N649FR","ATL","13:47","14:11","24","0","0","0","0","0"
"F9","10/14/2024","1484","N649FR","ORD","06:10","06:08","-2","0","0","0","0","0"
"F9","10/14/2024","1499","N368FR","ONT","22:38","23:04","26","0","0","0","0","0"
"F9","10/14/2024","1560","N651FR","MSN","10:07","09:52","-15","0","0","0","0","0"
"F9","10/14/2024","1608","N702FR","MKE","10:45","11:01","16","0","0","0","0","0"
"F9","10/14/2024","1678","N337FR","DSM","15:24","15:55","31","0","0","0","0","26"
"F9","10/14/2024","1734","N377FR","MCO","00:55","02:18","83","65","0","0","0","0"
"F9","10/14/2024","1747","N379FR","PHX","22:34","23:20","46","0","0","16","0","46"
"F9","10/14/2024","1784","N391FR","BNA","15:44","15:50","6","0","0","0","0","0"
"F9","10/14/2024","1789","N394FR","PDX","06:05","07:32","87","71","0","0","0","0"
"F9","10/14/2024","1819","N332FR","PHX","08:51","08:48","-3","0","0","0","0","0"
"F9","10/14/2024","1864","N304FR","OKC","17:02","18:14","72","13","0","0","0","42"
"F9","10/14/2024","1874","N704FR","OMA","17:09","18:45","96","0","0","0","0","93"
"F9","10/14/2024","1918","N607FR","CLE","05:15","05:15","0","0","0","0","0","0"
"F9","10/14/2024","1993","N363FR","LAS","10:09","10:52","43","29","0","0","0","0"
"F9","10/14/2024","2015","N362FR","LAS","06:05","06:03","-2","0","0","0","0","0"
"F9","10/14/2024","2105","N317FR","PHX","15:21","16:18","57","24","0","0","0","33"
"F9","10/14/2024","2108","N383FR","FSD","09:54","09:46","-8","0","0","0","0","0"
"F9","10/14/2024","2141","N342FR","PHX","11:18","11:41","23","22","0","0","0","0"
"F9","10/14/2024","2210","","MDW","08:40","00:00","0","0","0","0","0","0"
"F9","10/14/2024","2212","N708FR","DTW","16:10","17:59","109","104","0","0","0","0"
"F9","10/14/2024","2261","N718FR","ELP","15:32","15:39","7","0","0","0","0","0"
"F9","10/14/2024","2341","N641FR","LAX","06:00","06:00","0","0","0","0","0","0"
"F9","10/14/2024","2348","N651FR","IND","16:53","17:17","24","0","0","0","0","0"
"F9","10/14/2024","2356","N644FR","SAT","07:00","06:59","-1","0","0","0","0","0"
"F9","10/14/2024","2374","N369FR","TYS","13:49","14:02","13","0","0","0","0","0"
"F9","10/14/2024","2421","N717FR","SAN","18:01","18:22","21","0","0","0","0","0"
"F9","10/14/2024","2440","N383FR","RDU","15:00","15:14","14","0","0","0","0","0"
"F9","10/14/2024","2632","N720FR","DFW","18:06","18:09","3","3","0","16","0","0"
"F9","10/14/2024","2687","N304FR","PDX","22:12","22:52","40","0","0","0","0","21"
"F9","10/14/2024","2706","N367FR","BWI","08:12","08:06","-6","0","0","0","0","0"
"F9","10/14/2024","2746","N607FR","TPA","13:38","13:49","11","0","0","0","0","0"
"F9","10/14/2024","2752","N394FR","BUF","13:21","14:13","52","0","0","0","0","39"
"F9","10/14/2024","2817","N635FR","SAN","05:35","05:27","-8","0","0","0","0","0"
"F9","10/14/2024","2890","N316FR","AUS","16:10","16:35","25","3","0","0","0","13"
"F9","10/14/2024","2986","N369FR","CLT","05:01","04:58","-3","0","0","0","0","0"
"F9","10/14/2024","3101","N605FR","MSO","14:34","14:27","-7","0","0","0","0","0"
"F9","10/14/2024","3155","N635FR","LAX","14:05","15:32","87","18","0","0","0","59"
"F9","10/14/2024","3162","N710FR","LGA","15:15","16:26","71","0","63","1","0","8"
"F9","10/14/2024","3172","N718FR","ORD","21:19","21:41","22","0","0","0","0","0"
"F9","10/14/2024","3206","N721FR","IAH","09:25","09:18","-7","0","0","0","0","0"
"F9","10/14/2024","3286","N374FR","CVG","08:35","08:25","-10","0","0","0","0","0"
"F9","10/14/2024","3294","N613FR","ATL","23:49","23:40","-9","0","0","0","0","0"
"F9","10/14/2024","3312","N308FR","MCO","11:16","11:25","9","0","0","0","0","0"
"F9","10/14/2024","3340","N232FR","PHL","23:59","00:07","8","0","0","0","0","0"
"F9","10/14/2024","3376","N702FR","MCI","16:41","18:46","125","12","0","7","0","113"
"F9","10/14/2024","3405","N359FR","SEA","18:41","20:12","91","0","0","0","0","73"
"F9","10/14/2024","3439","N610FR","SFO","22:26","22:34","8","0","0","0","0","0"
"F9","10/14/2024","3539","N641FR","LAS","22:45","23:23","38","0","0","0","0","0"
"F9","10/14/2024","3566","N613FR","DTW","06:10","06:02","-8","0","0","0","0","0"
"F9","10/14/2024","3665","N641FR","SMF","12:59","13:12","13","0","0","0","0","0"
"F9","10/14/2024","3843","N368FR","LAS","16:57","17:25","28","17","0","0","0","0"
"F9","10/14/2024","3861","N342FR","SLC","06:25","06:21","-4","0","0","0","0","0"
"F9","10/14/2024","3930","N721FR","PNS","15:04","17:27","143","0","0","0","0","134"
"F9","10/14/2024","3981","N377FR","SLC","11:33","11:29","-4","0","0","0","0","0"
"F9","10/14/2024","4070","N720FR","DFW","11:36","11:37","1","0","0","0","0","0"
"F9","10/14/2024","4251","N332FR","SLC","14:34","14:47","13","0","0","0","0","0"
"F9","10/14/2024","4344","N708FR","XNA","10:11","10:05","-6","0","0","0","0","0"
"F9","10/14/2024","4371","N368FR","SNA","09:18","09:08","-10","0","0","0","0","0"
"F9","10/14/2024","4386","N704FR","CID","10:50","12:23","93","0","0","0","0","83"
"F9","10/14/2024","4464","N358FR","DFW","07:22","07:19","-3","0","0","0","0","0"
"F9","10/14/2024","4478","N369FR","STL","21:31","21:19","-12","0","0","0","0","0"
"F9","10/14/2024","4576","N613FR","CMH","14:27","14:20","-7","0","0","0","0","0"
"F9","10/14/2024","4611","N238FR","LAS","18:57","19:11","14","0","0","0","0","0"
"F9","10/14/2024","4626","N710FR","MEM","08:14","08:06","-8","0","0","0","0","0"
"F9","10/14/2024","4721","N394FR","SLC","22:26","22:36","10","10","0","17","0","0"
"F9","10/14/2024","4765","N605FR","PHX","19:17","20:41","84","18","0","0","0","63"
"F9","10/14/2024","4794","N304FR","FAR","11:20","12:02","42","17","0","0","0","20"
"F9","10/14/2024","4856","N337FR","IAH","20:50","21:05","15","0","0","0","0","0"
"F9","10/14/2024","4917","N631FR","SJC","09:12","09:15","3","0","0","0","0","0"
"F9","10/14/2024","4920","N391FR","MCO","06:00","05:55","-5","0","0","0","0","0"
"F9","10/14/2024","4989","N360FR","SAN","20:01","20:03","2","2","0","30","0","0"
"F9","10/15/2024","0686","N391FR","DCA","06:41","06:37","-4","0","0","0","0","0"
"F9","10/15/2024","0688","N365FR","DCA","12:43","12:41","-2","0","0","0","0","0"
"F9","10/15/2024","0690","N337FR","DCA","16:35","17:20","45","41","0","0","0","0"
"F9","10/15/2024","1093","N610FR","SFO","11:00","11:41","41","0","0","0","0","37"
"F9","10/15/2024","1114","N620FR","TPA","23:59","23:53","-6","0","0","0","0","0"
"F9","10/15/2024","1128","N702FR","OMA","10:50","11:11","21","18","0","0","0","0"
"F9","10/15/2024","1150","N705FR","MSP","08:55","08:57","2","0","0","0","0","0"
"F9","10/15/2024","1175","N644FR","SEA","06:00","05:59","-1","0","0","0","0","0"
"F9","10/15/2024","1261","N605FR","ONT","08:45","08:45","0","0","0","0","0","0"
"F9","10/15/2024","1362","N721FR","CLT","13:11","13:50","39","39","0","4","0","0"
"F9","10/15/2024","1375","N651FR","PHX","07:00","06:54","-6","0","0","0","0","0"
"F9","10/15/2024","1402","N634FR","BNA","12:26","12:21","-5","0","0","0","0","0"
"F9","10/15/2024","1450","N383FR","ATL","12:35","12:30","-5","0","0","0","0","0"
"F9","10/15/2024","1499","N640FR","ONT","22:38","22:35","-3","0","0","0","0","0"
"F9","10/15/2024","1560","N373FR","MSN","12:24","12:18","-6","0","0","0","0","0"
"F9","10/15/2024","1734","N367FR","MCO","00:20","01:27","67","27","0","0","0","33"
"F9","10/15/2024","1789","N394FR","PDX","08:28","08:22","-6","0","0","0","0","0"
"F9","10/15/2024","1819","N379FR","PHX","09:51","09:49","-2","0","0","0","0","0"
"F9","10/15/2024","1864","N704FR","OKC","14:23","14:17","-6","0","0","0","0","0"
"F9","10/15/2024","2015","N710FR","LAS","06:00","05:50","-10","0","0","0","0","0"
"F9","10/15/2024","2108","N377FR","FSD","10:04","09:54","-10","0","0","0","0","0"
"F9","10/15/2024","2141","N232FR","PHX","13:54","13:57","3","0","0","0","0","0"
"F9","10/15/2024","2148","N358FR","DFW","08:09","07:59","-10","0","0","0","0","0"
"F9","10/15/2024","2210","N326FR","MDW","12:23","12:17","-6","0","0","0","0","0"
"F9","10/15/2024","2212","N635FR","DTW","15:40","15:51","11","11","0","4","0","0"
"F9","10/15/2024","2261","N640FR","ELP","15:51","15:50","-1","0","0","0","0","0"
"F9","10/15/2024","2341","N708FR","LAX","06:00","07:07","67","56","0","0","0","0"
"F9","10/15/2024","2348","N603FR","IND","11:00","11:02","2","0","0","0","0","0"
"F9","10/15/2024","2356","N704FR","SAT","07:45","07:44","-1","0","0","0","0","0"
"F9","10/15/2024","2429","N377FR","LAS","15:19","15:13","-6","0","0","0","0","0"
"F9","10/15/2024","2440","N381FR","RDU","15:13","15:13","0","0","0","0","0","0"
"F9","10/15/2024","2632","N394FR","DFW","18:22","18:29","7","0","0","0","0","0"
"F9","10/15/2024","2687","N372FR","PDX","22:12","22:49","37","15","0","0","0","0"
"F9","10/15/2024","2890","N391FR","AUS","15:58","16:10","12","0","0","0","0","0"
"F9","10/15/2024","3155","N620FR","LAX","14:00","13:59","-1","0","0","0","0","0"
"F9","10/15/2024","3162","N708FR","LGA","15:12","15:15","3","0","0","0","0","0"
"F9","10/15/2024","3174","N375FR","ORD","19:42","19:33","-9","0","0","0","0","0"
"F9","10/15/2024","3206","N635FR","IAH","08:36","08:32","-4","0","0","0","0","0"
"F9","10/15/2024","3286","N303FR","CVG","08:35","08:35","0","0","0","0","0","0"
"F9","10/15/2024","3294","N721FR","ATL","23:49","23:57","8","0","0","0","0","0"
"F9","10/15/2024","3302","N644FR","STL","20:14","20:14","0","0","0","0","0","0"
"F9","10/15/2024","3312","N329FR","MCO","13:50","14:02","12","0","0","0","0","0"
"F9","10/15/2024","3340","N391FR","PHL","23:12","23:03","-9","0","0","0","0","0"
"F9","10/15/2024","3376","N644FR","MCI","14:29","14:35","6","0","0","0","0","0"
"F9","10/15/2024","3405","N304FR","SEA","17:17","17:24","7","0","0","0","0","0"
"F9","10/15/2024","3439","N702FR","SFO","22:26","22:45","19","0","0","0","0","0"
"F9","10/15/2024","3467","N373FR","PHX","20:03","20:06","3","0","0","0","0","0"
"F9","10/15/2024","3981","N304FR","SLC","11:35","11:34","-1","0","0","0","0","0"
"F9","10/15/2024","4070","N368FR","DFW","13:56","13:47","-9","0","0","0","0","0"
"F9","10/15/2024","4235","N367FR","SLC","13:59","15:04","65","0","0","0","0","54"
"F9","10/15/2024","4371","N337FR","SNA","09:47","09:48","1","0","0","0","0","0"
"F9","10/15/2024","4386","N702FR","CID","16:12","15:59","-13","0","0","0","0","0"
"F9","10/15/2024","4611","N603FR","LAS","22:42","22:33","-9","0","0","0","0","0"
"F9","10/15/2024","4616","N605FR","MSP","21:15","21:10","-5","0","0","0","0","0"
"F9","10/15/2024","4721","N365FR","SLC","22:26","22:51","25","17","0","0","0","0"
"F9","10/15/2024","4753","N396FR","PHX","22:59","23:23","24","0","0","0","0","0"
"F9","10/15/2024","4794","N238FR","FAR","11:29","11:37","8","0","0","0","0","0"
"F9","10/15/2024","4856","N235FR","IAH","20:40","20:33","-7","0","0","0","0","0"
"F9","10/15/2024","4927","N372FR","SAN","09:45","09:39","-6","0","0","0","0","0"
"F9","10/15/2024","4967","N646FR","LAS","18:35","19:02","27","0","0","0","0","0"
"F9","10/15/2024","4989","N238FR","SAN","17:12","17:44","32","0","0","0","0","18"
"F9","10/16/2024","0686","N238FR","DCA","06:41","06:34","-7","0","0","0","0","0"
"F9","10/16/2024","0688","N372FR","DCA","12:43","12:38","-5","0","0","0","0","0"
"F9","10/16/2024","0690","N232FR","DCA","16:35","16:55","20","18","0","17","0","2"
"F9","10/16/2024","1093","N612FR","SFO","11:00","11:01","1","0","0","0","0","0"
"F9","10/16/2024","1114","N312FR","TPA","23:59","23:51","-8","0","0","0","0","0"
"F9","10/16/2024","1128","N702FR","OMA","10:50","10:43","-7","0","0","0","0","0"
"F9","10/16/2024","1150","N720FR","MSP","08:00","07:56","-4","0","0","0","0","0"
"F9","10/16/2024","1175","N652FR","SEA","05:04","05:01","-3","0","0","0","0","0"
"F9","10/16/2024","1228","N328FR","MDW","16:47","16:39","-8","0","0","0","0","0"
"F9","10/16/2024","1261","N646FR","ONT","08:20","08:17","-3","0","0","0","0","0"
"F9","10/16/2024","1292","N652FR","MSP","21:02","21:01","-1","0","0","0","0","0"
"F9","10/16/2024","1362","N610FR","CLT","13:49","14:05","16","16","0","4","0","0"
"F9","10/16/2024","1375","N304FR","PHX","07:00","07:00","0","0","0","0","0","0"
"F9","10/16/2024","1450","N310FR","ATL","12:35","12:33","-2","0","0","0","0","0"
"F9","10/16/2024","1499","N634FR","ONT","22:38","22:43","5","0","0","0","0","0"
"F9","10/16/2024","1560","N708FR","MSN","13:04","13:27","23","0","0","0","0","19"
"F9","10/16/2024","1678","N337FR","DSM","15:18","15:14","-4","0","0","0","0","0"
"F9","10/16/2024","1734","N635FR","MCO","00:20","00:17","-3","0","0","0","0","0"
"F9","10/16/2024","1784","N649FR","BNA","12:26","12:28","2","0","0","0","0","0"
"F9","10/16/2024","1789","N346FR","PDX","08:28","08:19","-9","0","0","0","0","0"
"F9","10/16/2024","1816","N346FR","AUS","15:56","16:02","6","0","0","0","0","0"
"F9","10/16/2024","1819","N367FR","PHX","09:51","09:48","-3","0","0","0","0","0"
"F9","10/16/2024","1864","N381FR","OKC","11:33","11:33","0","0","0","16","0","0"
"F9","10/16/2024","2015","N649FR","LAS","06:00","05:51","-9","0","0","0","0","0"
"F9","10/16/2024","2108","N337FR","FSD","10:02","10:10","8","0","0","0","0","0"
"F9","10/16/2024","2141","N301FR","PHX","13:54","13:51","-3","0","0","0","0","0"
"F9","10/16/2024","2210","N339FR","MDW","12:28","12:29","1","0","0","0","0","0"
"F9","10/16/2024","2212","N238FR","DTW","15:40","15:36","-4","0","0","0","0","0"
"F9","10/16/2024","2261","N605FR","ELP","08:35","08:26","-9","0","0","0","0","0"
"F9","10/16/2024","2341","N708FR","LAX","06:00","06:52","52","41","0","0","0","0"
"F9","10/16/2024","2348","N634FR","IND","08:00","08:02","2","0","0","0","0","0"
"F9","10/16/2024","2356","N610FR","SAT","07:10","07:08","-2","0","0","0","0","0"
"F9","10/16/2024","2374","N704FR","TYS","13:46","13:58","12","12","0","10","0","0"
"F9","10/16/2024","2429","N329FR","LAS","15:19","15:29","10","0","0","0","0","0"
"F9","10/16/2024","2440","N362FR","RDU","15:11","15:39","28","28","0","5","0","0"
"F9","10/16/2024","2632","N395FR","DFW","18:17","18:07","-10","0","0","0","0","0"
"F9","10/16/2024","2687","N372FR","PDX","22:12","22:11","-1","0","0","0","0","0"
"F9","10/16/2024","3155","N652FR","LAX","14:00","14:00","0","0","0","0","0","0"
"F9","10/16/2024","3162","N646FR","LGA","15:11","15:27","16","9","0","5","0","7"
"F9","10/16/2024","3174","N386FR","ORD","16:36","16:34","-2","0","0","0","0","0"
"F9","10/16/2024","3230","N638FR","IAH","08:25","08:23","-2","0","0","0","0","0"
"F9","10/16/2024","3286","N303FR","CVG","08:35","08:32","-3","0","0","25","0","0"
"F9","10/16/2024","3294","N708FR","ATL","23:49","23:47","-2","0","0","0","0","0"
"F9","10/16/2024","3312","N359FR","MCO","12:45","12:46","1","0","0","0","0","0"
"F9","10/16/2024","3340","N377FR","PHL","23:57","23:54","-3","0","0","0","0","0"
"F9","10/16/2024","3376","N640FR","MCI","12:29","12:23","-6","0","0","0","0","0"
"F9","10/16/2024","3405","N650FR","SEA","17:23","17:21","-2","0","0","0","0","0"
"F9","10/16/2024","3439","N702FR","SFO","22:26","22:28","2","0","0","0","0","0"
"F9","10/16/2024","3467","N316FR","PHX","20:03","20:00","-3","0","0","0","0","0"
"F9","10/16/2024","3539","N346FR","LAS","22:45","22:33","-12","0","0","0","0","0"
"F9","10/16/2024","3930","N720FR","PNS","14:19","14:47","28","15","0","0","0","0"
"F9","10/16/2024","3981","N232FR","SLC","11:25","11:16","-9","0","0","0","0","0"
"F9","10/16/2024","4070","N394FR","DFW","13:56","13:53","-3","0","0","0","0","0"
"F9","10/16/2024","4235","N347FR","SLC","14:00","13:50","-10","0","0","0","0","0"
"F9","10/16/2024","4344","N634FR","XNA","15:29","15:40","11","0","0","0","0","0"
"F9","10/16/2024","4371","N328FR","SNA","09:47","09:37","-10","0","0","0","0","0"
"F9","10/16/2024","4386","N702FR","CID","16:12","16:22","10","0","0","0","0","0"
"F9","10/16/2024","4464","N365FR","DFW","08:09","08:17","8","0","0","0","0","0"
"F9","10/16/2024","4478","N301FR","STL","20:44","20:50","6","0","0","0","0","0"
"F9","10/16/2024","4626","N235FR","MEM","08:37","08:23","-14","0","0","0","0","0"
"F9","10/16/2024","4721","N381FR","SLC","17:01","18:01","60","60","0","11","0","0"
"F9","10/16/2024","4753","N336FR","PHX","22:59","22:51","-8","0","0","0","0","0"
"F9","10/16/2024","4794","N605FR","FAR","14:29","15:33","64","0","0","0","0","51"
"F9","10/16/2024","4856","N369FR","IAH","20:40","20:35","-5","0","0","0","0","0"
"F9","10/16/2024","4927","N650FR","SAN","10:16","10:22","6","0","0","0","0","0"
"F9","10/16/2024","4967","N612FR","LAS","18:35","18:32","-3","0","0","0","0","0"
"F9","10/16/2024","4989","N638FR","SAN","16:40","16:35","-5","0","0","0","0","0"
"F9","10/17/2024","0686","N358FR","DCA","06:41","07:55","74","3","0","0","0","67"
"F9","10/17/2024","0688","N328FR","DCA","12:43","13:12","29","4","0","0","0","22"
"F9","10/17/2024","0690","N312FR","DCA","16:35","17:00","25","20","0","0","0","2"
"F9","10/17/2024","1093","N369FR","SFO","11:43","14:41","178","0","0","0","0","0"
"F9","10/17/2024","1114","N720FR","TPA","23:59","00:06","7","0","0","0","0","0"
"F9","10/17/2024","1128","N373FR","OMA","11:33","11:33","0","0","0","0","0","0"
"F9","10/17/2024","1150","N638FR","MSP","05:10","05:05","-5","0","0","0","0","0"
"F9","10/17/2024","1162","N303FR","HOU","08:28","08:40","12","0","0","3","0","12"
"F9","10/17/2024","1175","N610FR","SEA","06:05","05:55","-10","0","0","0","0","0"
"F9","10/17/2024","1228","N303FR","MDW","15:29","15:25","-4","0","0","0","0","0"
"F9","10/17/2024","1248","N362FR","GRR","15:56","15:54","-2","0","0","0","0","0"
"F9","10/17/2024","1261","N605FR","ONT","06:00","05:51","-9","0","0","0","0","0"
"F9","10/17/2024","1280","N613FR","MIA","18:01","17:55","-6","0","0","0","0","0"
"F9","10/17/2024","1324","N705FR","DFW","05:01","04:52","-9","0","0","0","0","0"
"F9","10/17/2024","1362","N318FR","CLT","13:49","13:54","5","0","0","0","0","0"
"F9","10/17/2024","1375","N235FR","PHX","06:00","06:13","13","0","0","0","0","0"
"F9","10/17/2024","1402","N612FR","BNA","06:10","06:10","0","0","0","0","0","0"
"F9","10/17/2024","1450","N702FR","ATL","14:29","16:05","96","0","0","0","0","90"
"F9","10/17/2024","1484","N622FR","ORD","06:55","06:52","-3","0","0","0","0","0"
"F9","10/17/2024","1499","N640FR","ONT","21:41","22:02","21","17","0","0","0","0"
"F9","10/17/2024","1560","N649FR","MSN","13:29","13:22","-7","0","0","0","0","0"
"F9","10/17/2024","1608","N369FR","MKE","07:55","07:41","-14","0","0","0","0","0"
"F9","10/17/2024","1678","N372FR","DSM","14:50","15:20","30","0","0","0","0","21"
"F9","10/17/2024","1734","N353FR","MCO","00:20","00:11","-9","0","0","0","0","0"
"F9","10/17/2024","1752","N308FR","CVG","18:29","21:18","169","0","0","0","0","166"
"F9","10/17/2024","1784","N605FR","BNA","15:27","15:45","18","18","0","2","0","0"
"F9","10/17/2024","1789","N373FR","PDX","15:47","16:20","33","0","0","0","0","29"
"F9","10/17/2024","1816","N328FR","AUS","06:20","06:17","-3","0","0","0","0","0"
"F9","10/17/2024","1819","N232FR","PHX","09:11","09:11","0","0","0","0","0","0"
"F9","10/17/2024","1864","N372FR","OKC","10:35","10:35","0","0","0","0","0","0"
"F9","10/17/2024","1918","N720FR","CLE","13:35","14:49","74","0","0","0","0","66"
"F9","10/17/2024","1993","N640FR","LAS","06:45","06:40","-5","0","0","0","0","0"
"F9","10/17/2024","2015","N312FR","LAS","10:01","09:54","-7","0","0","0","0","0"
"F9","10/17/2024","2108","N362FR","FSD","10:04","10:59","55","5","0","0","0","40"
"F9","10/17/2024","2141","N356FR","PHX","14:22","14:20","-2","0","0","0","0","0"
"F9","10/17/2024","2226","N604FR","RDU","07:30","07:29","-1","0","0","0","0","0"
"F9","10/17/2024","2261","N652FR","ELP","08:35","08:32","-3","0","0","0","0","0"
"F9","10/17/2024","2341","N704FR","LAX","06:00","06:04","4","4","0","14","0","0"
"F9","10/17/2024","2348","N634FR","IND","10:57","10:47","-10","0","0","0","0","0"
"F9","10/17/2024","2356","N634FR","SAT","16:09","17:51","102","0","0","2","0","102"
"F9","10/17/2024","2360","N318FR","MSY","06:00","06:03","3","0","0","0","0","0"
"F9","10/17/2024","2440","N309FR","RDU","15:13","15:38","25","18","0","0","0","6"
"F9","10/17/2024","2632","","DFW","18:12","00:00","0","0","0","0","0","0"
"F9","10/17/2024","2687","N612FR","PDX","22:14","22:19","5","0","0","0","0","0"
"F9","10/17/2024","2706","N638FR","BWI","15:04","17:25","141","21","0","10","0","120"
"F9","10/17/2024","2746","N610FR","TPA","14:10","14:07","-3","0","0","0","0","0"
"F9","10/17/2024","2817","N720FR","SAN","05:35","05:29","-6","0","0","0","0","0"
"F9","10/17/2024","2890","N705FR","AUS","17:28","17:50","22","0","0","0","0","18"
"F9","10/17/2024","3155","N612FR","LAX","13:59","13:56","-3","0","0","0","0","0"
"F9","10/17/2024","3162","N650FR","LGA","15:16","15:24","8","8","0","12","0","0"
"F9","10/17/2024","3172","N343FR","ORD","20:39","20:36","-3","0","0","0","0","0"
"F9","10/17/2024","3230","N238FR","IAH","05:05","05:05","0","0","0","0","0","0"
"F9","10/17/2024","3286","N387FR","CVG","08:45","08:35","-10","0","0","0","0","0"
"F9","10/17/2024","3294","N705FR","ATL","23:49","01:08","79","52","0","0","0","14"
"F9","10/17/2024","3302","N386FR","STL","20:16","20:25","9","0","0","0","0","0"
"F9","10/17/2024","3312","N708FR","MCO","09:17","09:20","3","0","0","0","0","0"
"F9","10/17/2024","3340","N391FR","PHL","23:59","23:59","0","0","0","0","0","0"
"F9","10/17/2024","3376","N649FR","MCI","18:29","20:18","109","0","0","0","0","102"
"F9","10/17/2024","3405","N653FR","SEA","18:42","18:58","16","0","0","0","0","0"
"F9","10/17/2024","3439","N646FR","SFO","22:26","22:31","5","5","0","14","0","0"
"F9","10/17/2024","3467","N347FR","PHX","18:02","17:57","-5","0","0","0","0","0"
"F9","10/17/2024","3566","N649FR","DTW","05:15","05:14","-1","0","0","0","0","0"
"F9","10/17/2024","3665","N603FR","SMF","13:08","13:11","3","0","0","0","0","0"
"F9","10/17/2024","3930","N640FR","PNS","13:11","13:17","6","0","0","0","0","0"
"F9","10/17/2024","3949","N610FR","LAS","22:45","23:28","43","5","0","0","0","33"
"F9","10/17/2024","3981","N702FR","SLC","10:50","10:46","-4","0","0","0","0","0"
"F9","10/17/2024","4070","N705FR","DFW","11:42","11:50","8","0","0","0","0","0"
"F9","10/17/2024","4251","N604FR","SLC","17:05","17:06","1","0","0","0","0","0"
"F9","10/17/2024","4344","N638FR","XNA","11:26","11:24","-2","0","0","0","0","0"
"F9","10/17/2024","4371","N238FR","SNA","11:55","11:52","-3","0","0","0","0","0"
"F9","10/17/2024","4374","N650FR","PIT","06:31","06:29","-2","0","0","0","0","0"
"F9","10/17/2024","4386","N646FR","CID","16:12","16:08","-4","0","0","0","0","0"
"F9","10/17/2024","4464","N381FR","DFW","08:08","08:11","3","0","0","0","0","0"
"F9","10/17/2024","4611","N332FR","LAS","20:45","21:50","65","0","0","0","0","60"
"F9","10/17/2024","4616","N652FR","MSP","21:15","21:03","-12","0","0","0","0","0"
"F9","10/17/2024","4721","N303FR","SLC","22:26","22:22","-4","0","0","0","0","0"
"F9","10/17/2024","4753","N235FR","PHX","22:38","22:44","6","0","0","0","0","0"
"F9","10/17/2024","4776","N652FR","LIT","14:29","14:34","5","0","0","0","0","0"
"F9","10/17/2024","4794","N603FR","FAR","07:10","06:57","-13","0","0","0","0","0"
"F9","10/17/2024","4856","N372FR","IAH","20:40","20:39","-1","0","0","0","0","0"
"F9","10/17/2024","4917","N653FR","SJC","09:12","09:04","-8","0","0","0","0","0"
"F9","10/17/2024","4920","N646FR","MCO","06:05","06:02","-3","0","0","0","0","0"
"F9","10/17/2024","4927","N349FR","SAN","19:56","20:54","58","31","0","4","0","27"
"F9","10/17/2024","4967","N238FR","LAS","18:45","18:58","13","0","0","0","0","0"
"F9","10/17/2024","4989","N358FR","SAN","17:36","17:40","4","0","0","0","0","0"
"F9","10/18/2024","0686","N328FR","DCA","06:41","06:37","-4","0","0","0","0","0"
"F9","10/18/2024","0688","N337FR","DCA","12:43","13:12","29","0","0","2","0","29"
"F9","10/18/2024","0690","N373FR","DCA","16:35","16:32","-3","0","0","0","0","0"
"F9","10/18/2024","1093","N301FR","SFO","17:37","18:14","37","18","0","2","0","19"
"F9","10/18/2024","1114","N634FR","TPA","23:59","00:41","42","36","0","0","0","0"
"F9","10/18/2024","1150","N704FR","MSP","06:03","06:30","27","0","0","0","0","0"
"F9","10/18/2024","1162","N353FR","HOU","15:56","17:16","80","19","0","10","0","61"
"F9","10/18/2024","1175","N358FR","SEA","06:05","05:59","-6","0","0","0","0","0"
"F9","10/18/2024","1228","N317FR","MDW","19:46","20:24","38","0","0","0","0","32"
"F9","10/18/2024","1248","N634FR","GRR","15:29","15:24","-5","0","0","0","0","0"
"F9","10/18/2024","1261","N634FR","ONT","06:00","05:58","-2","0","0","0","0","0"
"F9","10/18/2024","1280","N631FR","MIA","18:01","18:02","1","0","0","0","0","0"
"F9","10/18/2024","1292","N615FR","MSP","21:15","22:09","54","0","0","0","0","34"
"F9","10/18/2024","1324","N603FR","DFW","05:05","05:22","17","0","0","0","0","0"
"F9","10/18/2024","1362","N644FR","CLT","14:24","14:23","-1","0","0","0","0","0"
"F9","10/18/2024","1402","N238FR","BNA","06:20","06:18","-2","0","0","0","0","0"
"F9","10/18/2024","1450","N640FR","ATL","10:14","10:14","0","0","0","0","0","0"
"F9","10/18/2024","1484","N644FR","ORD","06:50","06:42","-8","0","0","0","0","0"
"F9","10/18/2024","1499","N318FR","ONT","22:38","22:45","7","0","0","0","0","0"
"F9","10/18/2024","1560","N238FR","MSN","13:47","14:10","23","22","0","0","0","0"
"F9","10/18/2024","1608","N612FR","MKE","10:45","10:36","-9","0","0","0","0","0"
"F9","10/18/2024","1678","N303FR","DSM","15:16","15:10","-6","0","0","0","0","0"
"F9","10/18/2024","1734","N362FR","MCO","00:20","01:01","41","40","0","0","0","0"
"F9","10/18/2024","1784","N721FR","BNA","16:21","16:28","7","7","0","32","0","0"
"F9","10/18/2024","1789","N337FR","PDX","06:00","06:07","7","0","0","0","0","0"
"F9","10/18/2024","1819","N372FR","PHX","08:51","08:41","-10","0","0","0","0","0"
"F9","10/18/2024","1864","N704FR","OKC","12:19","12:11","-8","0","0","0","0","0"
"F9","10/18/2024","1874","N367FR","OMA","17:35","18:21","46","45","0","2","0","1"
"F9","10/18/2024","1918","N650FR","CLE","05:15","05:10","-5","0","0","0","0","0"
"F9","10/18/2024","1993","N709FR","LAS","10:12","10:11","-1","0","0","0","0","0"
"F9","10/18/2024","2015","N369FR","LAS","06:00","05:53","-7","0","0","0","0","0"
"F9","10/18/2024","2105","N349FR","PHX","16:50","18:28","98","0","0","0","0","98"
"F9","10/18/2024","2108","N646FR","FSD","17:11","16:56","-15","0","0","0","0","0"
"F9","10/18/2024","2210","N317FR","MDW","08:40","13:31","291","0","0","0","0","0"
"F9","10/18/2024","2212","N705FR","DTW","16:16","16:19","3","0","0","0","0","0"
"F9","10/18/2024","2261","N653FR","ELP","16:41","16:44","3","0","0","0","0","0"
"F9","10/18/2024","2341","N649FR","LAX","06:00","06:03","3","0","0","0","0","0"
"F9","10/18/2024","2348","N653FR","IND","09:10","09:36","26","15","0","0","0","0"
"F9","10/18/2024","2356","N615FR","SAT","07:00","06:53","-7","0","0","0","0","0"
"F9","10/18/2024","2374","N650FR","TYS","13:47","13:48","1","0","0","0","0","0"
"F9","10/18/2024","2421","N612FR","SAN","18:01","18:07","6","0","0","0","0","0"
"F9","10/18/2024","2440","N312FR","RDU","15:13","15:31","18","0","0","0","0","0"
"F9","10/18/2024","2632","N702FR","DFW","18:55","19:58","63","2","0","0","0","59"
"F9","10/18/2024","2706","N353FR","BWI","08:12","08:05","-7","0","0","0","0","0"
"F9","10/18/2024","2746","N605FR","TPA","15:04","15:25","21","0","0","0","0","16"
"F9","10/18/2024","2752","N358FR","BUF","13:32","13:42","10","0","0","0","0","0"
"F9","10/18/2024","2817","N605FR","SAN","05:35","05:25","-10","0","0","0","0","0"
"F9","10/18/2024","2890","N625FR","AUS","16:09","16:20","11","2","0","20","0","9"
"F9","10/18/2024","2986","N318FR","CLT","05:01","04:57","-4","0","0","0","0","0"
"F9","10/18/2024","3101","N604FR","MSO","14:53","14:52","-1","0","0","0","0","0"
"F9","10/18/2024","3155","N304FR","LAX","14:00","15:18","78","0","0","0","0","59"
"F9","10/18/2024","3162","N652FR","LGA","15:16","15:21","5","0","0","0","0","0"
"F9","10/18/2024","3172","N718FR","ORD","21:24","01:39","255","0","0","0","0","241"
"F9","10/18/2024","3230","N705FR","IAH","09:00","09:23","23","0","0","0","0","0"
"F9","10/18/2024","3286","N356FR","CVG","08:30","08:21","-9","0","0","0","0","0"
"F9","10/18/2024","3294","N644FR","ATL","23:49","23:54","5","0","0","0","0","0"
"F9","10/18/2024","3312","N309FR","MCO","10:43","10:58","15","0","0","0","0","0"
"F9","10/18/2024","3340","N722FR","PHL","23:59","01:12","73","0","0","0","0","68"
"F9","10/18/2024","3376","N312FR","MCI","09:54","09:53","-1","0","0","0","0","0"
"F9","10/18/2024","3405","N336FR","SEA","18:41","20:10","89","5","0","0","0","82"
"F9","10/18/2024","3439","N646FR","SFO","22:34","22:39","5","0","0","0","0","0"
"F9","10/18/2024","3467","N304FR","PHX","20:51","22:10","79","16","0","0","0","59"
"F9","10/18/2024","3539","N653FR","LAS","22:45","22:45","0","0","0","0","0","0"
"F9","10/18/2024","3566","N604FR","DTW","06:30","06:27","-3","0","0","0","0","0"
"F9","10/18/2024","3665","N649FR","SMF","13:05","13:21","16","0","0","0","0","0"
"F9","10/18/2024","3843","N640FR","LAS","18:38","19:50","72","0","0","46","0","19"
"F9","10/18/2024","3861","N373FR","SLC","06:20","06:13","-7","0","0","0","0","0"
"F9","10/18/2024","3930","N318FR","PNS","13:49","13:44","-5","0","0","0","0","0"
"F9","10/18/2024","3981","N373FR","SLC","11:33","11:25","-8","0","0","0","0","0"
"F9","10/18/2024","4070","N603FR","DFW","11:36","11:31","-5","0","0","0","0","0"
"F9","10/18/2024","4235","N372FR","SLC","14:34","15:03","29","6","0","0","0","10"
"F9","10/18/2024","4344","N721FR","XNA","10:16","10:13","-3","0","0","0","0","0"
"F9","10/18/2024","4349","N337FR","PDX","22:32","23:25","53","39","0","0","0","0"
"F9","10/18/2024","4371","N304FR","SNA","08:28","08:38","10","0","0","0","0","0"
"F9","10/18/2024","4386","N646FR","CID","10:50","10:42","-8","0","0","0","0","0"
"F9","10/18/2024","4464","N352FR","DFW","07:14","07:03","-11","0","0","0","0","0"
"F9","10/18/2024","4478","N232FR","STL","20:42","21:08","26","0","0","0","0","15"
"F9","10/18/2024","4562","N704FR","MSY","18:02","18:05","3","0","0","0","0","0"
"F9","10/18/2024","4576","N615FR","CMH","13:38","13:46","8","0","0","0","0","0"
"F9","10/18/2024","4611","N303FR","LAS","20:45","21:07","22","0","0","22","0","0"
"F9","10/18/2024","4626","N652FR","MEM","08:15","08:05","-10","0","0","0","0","0"
"F9","10/18/2024","4721","N358FR","SLC","22:26","22:38","12","12","0","28","0","0"
"F9","10/18/2024","4753","N354FR","PHX","22:59","23:55","56","0","0","0","0","55"
"F9","10/18/2024","4765","N603FR","PHX","18:51","20:01","70","11","0","14","0","59"
"F9","10/18/2024","4794","N367FR","FAR","11:35","11:58","23","0","0","0","0","0"
"F9","10/18/2024","4856","N604FR","IAH","20:40","21:19","39","0","0","0","0","33"
"F9","10/18/2024","4917","N702FR","SJC","09:25","09:25","0","0","0","0","0","0"
"F9","10/18/2024","4920","N638FR","MCO","06:05","06:05","0","0","0","0","0","0"
"F9","10/18/2024","4989","N238FR","SAN","20:01","20:47","46","0","0","0","0","37"
"F9","10/19/2024","0686","N353FR","DCA","06:41","06:37","-4","0","0","0","0","0"
"F9","10/19/2024","0688","N336FR","DCA","12:43","13:02","19","0","0","0","0","0"
"F9","10/19/2024","0690","N312FR","DCA","16:35","16:32","-3","0","0","0","0","0"
"F9","10/19/2024","1093","N704FR","SFO","11:00","11:41","41","41","0","4","0","0"
"F9","10/19/2024","1114","N652FR","TPA","23:59","01:22","83","75","0","0","0","0"
"F9","10/19/2024","1128","N646FR","OMA","10:54","10:52","-2","0","0","0","0","0"
"F9","10/19/2024","1150","N605FR","MSP","08:00","07:59","-1","0","0","0","0","0"
"F9","10/19/2024","1175","N603FR","SEA","06:00","05:50","-10","0","0","0","0","0"
"F9","10/19/2024","1248","N604FR","GRR","14:28","14:34","6","0","0","0","0","0"
"F9","10/19/2024","1261","N376FR","ONT","06:00","05:58","-2","0","0","0","0","0"
"F9","10/19/2024","1280","N390FR","MIA","10:18","10:17","-1","0","0","0","0","0"
"F9","10/19/2024","1292","N611FR","MSP","21:16","23:22","126","115","0","0","0","0"
"F9","10/19/2024","1362","N710FR","CLT","14:05","16:42","157","151","0","0","0","0"
"F9","10/19/2024","1375","N615FR","PHX","12:15","12:28","13","0","0","0","0","0"
"F9","10/19/2024","1450","N370FR","ATL","11:58","13:36","98","0","0","45","0","98"
"F9","10/19/2024","1499","N301FR","ONT","22:38","23:24","46","0","0","0","0","27"
"F9","10/19/2024","1560","N301FR","MSN","10:35","10:36","1","0","0","0","0","0"
"F9","10/19/2024","1678","N376FR","DSM","14:57","15:27","30","0","0","0","0","24"
"F9","10/19/2024","1734","N649FR","MCO","00:59","01:11","12","12","0","4","0","0"
"F9","10/19/2024","1784","N650FR","BNA","12:26","12:29","3","0","0","0","0","0"
"F9","10/19/2024","1789","N358FR","PDX","08:25","08:16","-9","0","0","0","0","0"
"F9","10/19/2024","1819","N235FR","PHX","09:51","09:40","-11","0","0","0","0","0"
"F9","10/19/2024","1864","N644FR","OKC","09:22","09:15","-7","0","0","0","0","0"
"F9","10/19/2024","1993","N367FR","LAS","10:09","10:05","-4","0","0","0","0","0"
"F9","10/19/2024","2015","N650FR","LAS","06:00","05:55","-5","0","0","0","0","0"
"F9","10/19/2024","2105","N369FR","PHX","19:00","18:59","-1","0","0","0","0","0"
"F9","10/19/2024","2108","N373FR","FSD","10:04","09:56","-8","0","0","0","0","0"
"F9","10/19/2024","2141","N354FR","PHX","14:45","14:37","-8","0","0","0","0","0"
"F9","10/19/2024","2148","N326FR","DFW","08:43","08:34","-9","0","0","0","0","0"
"F9","10/19/2024","2210","N341FR","MDW","12:00","12:05","5","0","0","0","0","0"
"F9","10/19/2024","2212","N612FR","DTW","15:36","15:30","-6","0","0","0","0","0"
"F9","10/19/2024","2261","N604FR","ELP","08:35","08:27","-8","0","0","18","0","0"
"F9","10/19/2024","2341","N652FR","LAX","06:00","06:00","0","0","0","0","0","0"
"F9","10/19/2024","2348","N702FR","IND","11:30","11:51","21","21","0","5","0","0"
"F9","10/19/2024","2356","N721FR","SAT","07:00","06:50","-10","0","0","0","0","0"
"F9","10/19/2024","2429","N640FR","LAS","16:33","17:26","53","5","0","6","0","48"
"F9","10/19/2024","2440","N373FR","RDU","15:13","15:44","31","20","0","0","0","3"
"F9","10/19/2024","2550","N376FR","DFW","21:16","22:03","47","40","0","0","0","0"
"F9","10/19/2024","2632","N382FR","DFW","17:45","18:21","36","35","0","0","0","0"
"F9","10/19/2024","2687","N353FR","PDX","22:12","22:24","12","0","0","0","0","0"
"F9","10/19/2024","2817","N640FR","SAN","09:50","09:49","-1","0","0","0","0","0"
"F9","10/19/2024","2890","N353FR","AUS","15:56","15:59","3","3","0","25","0","0"
"F9","10/19/2024","3155","N721FR","LAX","14:00","15:21","81","61","0","0","0","0"
"F9","10/19/2024","3162","N644FR","LGA","15:09","15:09","0","0","0","0","0","0"
"F9","10/19/2024","3174","N625FR","ORD","19:42","20:38","56","50","0","0","0","0"
"F9","10/19/2024","3206","N612FR","IAH","08:25","08:29","4","0","0","0","0","0"
"F9","10/19/2024","3286","N328FR","CVG","08:55","08:46","-9","0","0","0","0","0"
"F9","10/19/2024","3294","N605FR","ATL","23:49","23:54","5","0","0","0","0","0"
"F9","10/19/2024","3312","N603FR","MCO","13:48","14:20","32","0","0","0","0","0"
"F9","10/19/2024","3340","N344FR","PHL","23:57","23:56","-1","0","0","0","0","0"
"F9","10/19/2024","3376","N301FR","MCI","16:57","16:51","-6","0","0","0","0","0"
"F9","10/19/2024","3405","N702FR","SEA","18:42","20:03","81","0","1","0","0","56"
"F9","10/19/2024","3439","N650FR","SFO","22:45","22:57","12","0","0","0","0","0"
"F9","10/19/2024","3467","N318FR","PHX","21:30","22:03","33","23","0","0","0","4"
"F9","10/19/2024","3539","N721FR","LAS","22:45","23:21","36","36","0","12","0","0"
"F9","10/19/2024","3665","N652FR","SMF","13:30","13:27","-3","0","0","0","0","0"
"F9","10/19/2024","3843","N704FR","LAS","18:35","19:11","36","0","0","0","0","0"
"F9","10/19/2024","3930","N369FR","PNS","08:54","10:06","72","0","0","0","0","60"
"F9","10/19/2024","3981","N312FR","SLC","11:33","11:30","-3","0","0","0","0","0"
"F9","10/19/2024","4070","N326FR","DFW","14:55","14:47","-8","0","0","0","0","0"
"F9","10/19/2024","4251","N346FR","SLC","18:31","18:28","-3","0","0","0","0","0"
"F9","10/19/2024","4371","N372FR","SNA","12:27","12:17","-10","0","0","0","0","0"
"F9","10/19/2024","4386","N646FR","CID","16:22","16:19","-3","0","0","0","0","0"
"F9","10/19/2024","4478","N341FR","STL","20:23","20:49","26","21","0","0","0","0"
"F9","10/19/2024","4721","N338FR","SLC","22:26","22:20","-6","0","0","0","0","0"
"F9","10/19/2024","4794","N605FR","FAR","14:14","14:11","-3","0","0","0","0","0"
"F9","10/19/2024","4856","N372FR","IAH","20:40","20:30","-10","0","0","0","0","0"
"F9","10/19/2024","4927","N318FR","SAN","12:10","13:11","61","42","0","0","0","0"
"F9","10/19/2024","4989","N358FR","SAN","16:56","16:52","-4","0","0","0","0","0"
"F9","10/20/2024","0686","N387FR","DCA","06:41","06:36","-5","0","0","0","0","0"
"F9","10/20/2024","0688","N358FR","DCA","12:43","12:41","-2","0","0","0","0","0"
"F9","10/20/2024","0690","N373FR","DCA","16:35","17:09","34","2","0","9","0","32"
"F9","10/20/2024","1093","N347FR","SFO","13:35","14:25","50","0","0","0","0","28"
"F9","10/20/2024","1114","N646FR","TPA","23:59","23:58","-1","0","0","0","0","0"
"F9","10/20/2024","1128","N373FR","OMA","11:33","11:37","4","0","0","0","0","0"
"F9","10/20/2024","1150","N651FR","MSP","19:00","19:15","15","0","0","0","0","0"
"F9","10/20/2024","1162","N338FR","HOU","08:28","08:26","-2","0","0","58","0","0"
"F9","10/20/2024","1175","N704FR","SEA","05:55","05:59","4","0","0","0","0","0"
"F9","10/20/2024","1228","N359FR","MDW","18:25","19:02","37","0","0","0","0","29"
"F9","10/20/2024","1248","N312FR","GRR","09:54","09:42","-12","0","0","0","0","0"
"F9","10/20/2024","1261","N655FR","ONT","06:00","07:45","105","103","0","0","0","0"
"F9","10/20/2024","1280","N717FR","MIA","06:00","06:21","21","21","0","0","0","0"
"F9","10/20/2024","1324","N612FR","DFW","05:15","05:13","-2","0","0","0","0","0"
"F9","10/20/2024","1362","N615FR","CLT","15:07","15:20","13","0","0","0","0","0"
"F9","10/20/2024","1375","N358FR","PHX","06:55","06:48","-7","0","0","0","0","0"
"F9","10/20/2024","1402","N646FR","BNA","06:00","05:51","-9","0","0","0","0","0"
"F9","10/20/2024","1450","N610FR","ATL","13:49","13:51","2","0","0","0","0","0"
"F9","10/20/2024","1484","N710FR","ORD","05:01","04:52","-9","0","0","0","0","0"
"F9","10/20/2024","1499","N610FR","ONT","22:32","22:27","-5","0","0","0","0","0"
"F9","10/20/2024","1560","N604FR","MSN","12:20","12:33","13","0","0","0","0","0"
"F9","10/20/2024","1608","N603FR","MKE","08:20","09:26","66","62","0","0","0","0"
"F9","10/20/2024","1678","N363FR","DSM","14:59","15:59","60","35","0","0","0","12"
"F9","10/20/2024","1734","N370FR","MCO","00:20","00:55","35","35","0","5","0","0"
"F9","10/20/2024","1752","N228FR","CVG","19:39","19:35","-4","0","0","0","0","0"
"F9","10/20/2024","1784","N704FR","BNA","14:05","14:00","-5","0","0","0","0","0"
"F9","10/20/2024","1789","N363FR","PDX","07:48","07:47","-1","0","0","0","0","0"
"F9","10/20/2024","1816","N604FR","AUS","05:37","05:44","7","0","0","0","0","0"
"F9","10/20/2024","1819","N637FR","PHX","10:16","10:16","0","0","0","0","0","0"
"F9","10/20/2024","1864","N634FR","OKC","10:11","10:08","-3","0","0","0","0","0"
"F9","10/20/2024","1918","N634FR","CLE","15:41","15:47","6","0","0","0","0","0"
"F9","10/20/2024","1993","N353FR","LAS","10:35","11:18","43","0","0","0","0","22"
"F9","10/20/2024","2015","N347FR","LAS","06:45","07:58","73","73","0","34","0","0"
"F9","10/20/2024","2108","N353FR","FSD","16:53","17:11","18","0","0","0","0","0"
"F9","10/20/2024","2141","N318FR","PHX","14:22","14:28","6","0","0","0","0","0"
"F9","10/20/2024","2212","N603FR","DTW","15:56","16:05","9","0","0","0","0","0"
"F9","10/20/2024","2226","N611FR","RDU","07:30","07:54","24","0","0","16","0","24"
"F9","10/20/2024","2261","N650FR","ELP","10:50","10:47","-3","0","0","0","0","0"
"F9","10/20/2024","2341","N653FR","LAX","06:00","05:55","-5","0","0","0","0","0"
"F9","10/20/2024","2348","N644FR","IND","06:25","06:19","-6","0","0","0","0","0"
"F9","10/20/2024","2356","N382FR","SAT","11:00","10:49","-11","0","0","0","0","0"
"F9","10/20/2024","2360","N610FR","MSY","06:00","06:47","47","40","0","0","0","0"
"F9","10/20/2024","2421","N382FR","SAN","17:50","17:50","0","0","0","0","0","0"
"F9","10/20/2024","2429","N343FR","LAS","14:49","14:40","-9","0","0","0","0","0"
"F9","10/20/2024","2440","N360FR","RDU","15:13","15:08","-5","0","0","0","0","0"
"F9","10/20/2024","2632","N612FR","DFW","18:47","18:43","-4","0","0","0","0","0"
"F9","10/20/2024","2706","N655FR","BWI","15:27","16:45","78","0","0","0","0","74"
"F9","10/20/2024","2746","N646FR","TPA","13:47","14:21","34","0","0","0","0","33"
"F9","10/20/2024","2817","N615FR","SAN","05:38","05:28","-10","0","0","0","0","0"
"F9","10/20/2024","2890","N312FR","AUS","17:14","18:20","66","0","0","0","0","59"
"F9","10/20/2024","3155","N644FR","LAX","13:59","14:05","6","0","0","0","0","0"
"F9","10/20/2024","3162","N702FR","LGA","15:16","15:26","10","10","0","11","0","0"
"F9","10/20/2024","3174","N649FR","ORD","15:34","15:21","-13","0","0","0","0","0"
"F9","10/20/2024","3230","N336FR","IAH","05:05","06:37","92","92","0","1","0","0"
"F9","10/20/2024","3286","N635FR","CVG","08:45","08:43","-2","0","0","20","0","0"
"F9","10/20/2024","3294","N615FR","ATL","23:49","00:14","25","0","0","0","0","0"
"F9","10/20/2024","3312","N352FR","MCO","09:07","09:56","49","9","0","1","0","40"
"F9","10/20/2024","3340","N316FR","PHL","23:59","00:08","9","0","0","0","0","0"
"F9","10/20/2024","3376","N644FR","MCI","19:18","21:00","102","0","0","0","0","94"
"F9","10/20/2024","3405","N710FR","SEA","18:40","19:06","26","0","0","0","0","0"
"F9","10/20/2024","3439","N650FR","SFO","22:59","22:55","-4","0","0","0","0","0"
"F9","10/20/2024","3467","N378FR","PHX","20:05","19:56","-9","0","0","0","0","0"
"F9","10/20/2024","3665","N653FR","SMF","13:08","13:16","8","0","0","0","0","0"
"F9","10/20/2024","3930","N717FR","PNS","16:37","16:31","-6","0","0","0","0","0"
"F9","10/20/2024","3949","N653FR","LAS","22:42","22:40","-2","0","0","0","0","0"
"F9","10/20/2024","3981","N705FR","SLC","09:00","09:00","0","0","0","0","0","0"
"F9","10/20/2024","4070","N705FR","DFW","14:29","14:39","10","0","0","0","0","0"
"F9","10/20/2024","4251","N611FR","SLC","17:05","17:05","0","0","0","0","0","0"
"F9","10/20/2024","4344","N710FR","XNA","12:43","12:45","2","0","0","0","0","0"
"F9","10/20/2024","4349","N704FR","PDX","22:14","22:30","16","0","0","0","0","0"
"F9","10/20/2024","4371","N336FR","SNA","12:10","12:56","46","0","0","0","0","34"
"F9","10/20/2024","4374","N702FR","PIT","06:31","06:28","-3","0","0","0","0","0"
"F9","10/20/2024","4386","N650FR","CID","16:46","16:51","5","0","0","0","0","0"
"F9","10/20/2024","4464","N372FR","DFW","08:08","08:01","-7","0","0","46","0","0"
"F9","10/20/2024","4478","N363FR","STL","20:25","20:50","25","0","0","0","0","15"
"F9","10/20/2024","4616","N705FR","MSP","21:15","21:52","37","0","0","0","0","28"
"F9","10/20/2024","4721","N387FR","SLC","22:26","22:50","24","0","0","0","0","15"
"F9","10/20/2024","4753","N369FR","PHX","23:19","23:39","20","0","0","0","0","0"
"F9","10/20/2024","4776","N612FR","LIT","12:01","12:03","2","0","0","0","0","0"
"F9","10/20/2024","4794","N387FR","FAR","15:54","17:21","87","79","0","0","0","0"
"F9","10/20/2024","4856","N358FR","IAH","20:47","21:50","63","11","0","0","0","44"
"F9","10/20/2024","4917","N651FR","SJC","09:25","09:27","2","0","0","0","0","0"
"F9","10/20/2024","4920","N718FR","MCO","05:30","05:20","-10","0","0","0","0","0"
"F9","10/20/2024","4967","N336FR","LAS","18:49","19:30","41","0","0","0","0","21"
"F9","10/20/2024","4989","N349FR","SAN","19:56","19:49","-7","0","0","0","0","0"
"F9","10/21/2024","0686","N347FR","DCA","06:41","06:34","-7","0","0","0","0","0"
"F9","10/21/2024","0688","N354FR","DCA","12:43","13:18","35","35","0","18","0","0"
"F9","10/21/2024","0690","N360FR","DCA","16:35","16:28","-7","0","0","0","0","0"
"F9","10/21/2024","1093","N356FR","SFO","17:35","17:28","-7","0","0","0","0","0"
"F9","10/21/2024","1114","N603FR","TPA","23:59","23:56","-3","0","0","0","0","0"
"F9","10/21/2024","1150","N717FR","MSP","07:05","06:58","-7","0","0","0","0","0"
"F9","10/21/2024","1162","N358FR","HOU","08:28","08:18","-10","0","0","0","0","0"
"F9","10/21/2024","1175","N702FR","SEA","06:00","05:53","-7","0","0","0","0","0"
"F9","10/21/2024","1228","N341FR","MDW","18:49","19:20","31","31","0","0","0","0"
"F9","10/21/2024","1248","N717FR","GRR","13:20","13:20","0","0","0","0","0","0"
"F9","10/21/2024","1261","N633FR","ONT","06:05","05:54","-11","0","0","0","0","0"
"F9","10/21/2024","1280","N634FR","MIA","18:13","20:09","116","0","0","0","0","105"
"F9","10/21/2024","1292","N651FR","MSP","20:57","20:53","-4","0","0","0","0","0"
"F9","10/21/2024","1324","N710FR","DFW","05:01","04:52","-9","0","0","0","0","0"
"F9","10/21/2024","1362","N603FR","CLT","13:47","13:46","-1","0","0","0","0","0"
"F9","10/21/2024","1402","N651FR","BNA","06:50","06:44","-6","0","0","0","0","0"
"F9","10/21/2024","1450","N653FR","ATL","13:47","13:48","1","0","0","0","0","0"
"F9","10/21/2024","1484","N653FR","ORD","06:10","06:08","-2","0","0","0","0","0"
"F9","10/21/2024","1499","N347FR","ONT","22:38","22:40","2","0","0","0","0","0"
"F9","10/21/2024","1560","N722FR","MSN","10:07","10:02","-5","0","0","0","0","0"
"F9","10/21/2024","1608","N650FR","MKE","10:45","10:40","-5","0","0","0","0","0"
"F9","10/21/2024","1678","N358FR","DSM","15:24","15:35","11","0","0","0","0","0"
"F9","10/21/2024","1734","N312FR","MCO","00:55","01:23","28","0","0","0","0","0"
"F9","10/21/2024","1747","N359FR","PHX","22:34","23:14","40","39","0","0","0","0"
"F9","10/21/2024","1784","N382FR","BNA","15:44","15:49","5","0","0","0","0","0"
"F9","10/21/2024","1789","N336FR","PDX","06:05","05:53","-12","0","0","0","0","0"
"F9","10/21/2024","1819","N378FR","PHX","08:51","08:38","-13","0","0","0","0","0"
"F9","10/21/2024","1864","N328FR","OKC","17:02","16:59","-3","0","0","0","0","0"
"F9","10/21/2024","1874","N704FR","OMA","17:09","17:25","16","0","0","0","0","0"
"F9","10/21/2024","1918","N603FR","CLE","05:15","05:45","30","15","0","0","0","0"
"F9","10/21/2024","1993","N374FR","LAS","10:09","10:03","-6","0","0","0","0","0"
"F9","10/21/2024","2015","N655FR","LAS","06:05","05:59","-6","0","0","0","0","0"
"F9","10/21/2024","2105","N387FR","PHX","15:21","15:42","21","0","0","0","0","15"
"F9","10/21/2024","2108","N387FR","FSD","09:54","10:57","63","0","0","3","0","63"
"F9","10/21/2024","2141","N349FR","PHX","11:18","11:13","-5","0","0","0","0","0"
"F9","10/21/2024","2210","N353FR","MDW","08:40","08:29","-11","0","0","0","0","0"
"F9","10/21/2024","2212","N610FR","DTW","16:10","16:17","7","0","0","10","0","7"
"F9","10/21/2024","2261","N633FR","ELP","15:32","16:01","29","21","0","0","0","0"
"F9","10/21/2024","2341","N634FR","LAX","06:00","05:54","-6","0","0","0","0","0"
"F9","10/21/2024","2348","N722FR","IND","16:53","17:07","14","0","0","0","0","0"
"F9","10/21/2024","2356","N649FR","SAT","07:00","06:58","-2","0","0","0","0","0"
"F9","10/21/2024","2374","N359FR","TYS","13:49","14:24","35","0","0","14","0","35"
"F9","10/21/2024","2421","N650FR","SAN","18:01","19:48","107","0","0","132","0","0"
"F9","10/21/2024","2440","N371FR","RDU","15:00","15:10","10","0","0","14","0","10"
"F9","10/21/2024","2632","N710FR","DFW","18:06","18:06","0","0","0","0","0","0"
"F9","10/21/2024","2687","N328FR","PDX","22:12","22:09","-3","0","0","0","0","0"
"F9","10/21/2024","2706","N356FR","BWI","08:12","08:23","11","11","0","7","0","0"
"F9","10/21/2024","2746","N649FR","TPA","13:38","13:47","9","9","0","12","0","0"
"F9","10/21/2024","2752","N336FR","BUF","13:21","13:18","-3","0","0","0","0","0"
"F9","10/21/2024","2817","N644FR","SAN","05:35","05:25","-10","0","0","0","0","0"
"F9","10/21/2024","2890","N347FR","AUS","16:10","16:10","0","0","0","0","0","0"
"F9","10/21/2024","2986","N359FR","CLT","05:01","04:51","-10","0","0","0","0","0"
"F9","10/21/2024","3101","N651FR","MSO","14:34","14:41","7","0","0","0","0","0"
"F9","10/21/2024","3155","N702FR","LAX","14:05","14:01","-4","0","0","0","0","0"
"F9","10/21/2024","3162","N705FR","LGA","15:15","15:49","34","21","0","10","0","13"
"F9","10/21/2024","3172","N625FR","ORD","21:19","21:41","22","0","0","0","0","0"
"F9","10/21/2024","3206","N634FR","IAH","09:25","13:16","231","0","0","0","0","209"
"F9","10/21/2024","3286","N373FR","CVG","08:35","09:54","79","19","0","12","0","60"
"F9","10/21/2024","3294","N649FR","ATL","23:49","00:02","13","0","0","0","0","0"
"F9","10/21/2024","3312","N323FR","MCO","11:16","11:15","-1","0","0","0","0","0"
"F9","10/21/2024","3340","N336FR","PHL","23:59","23:58","-1","0","0","0","0","0"
"F9","10/21/2024","3376","N630FR","MCI","16:41","17:54","73","12","0","3","0","61"
"F9","10/21/2024","3405","N383FR","SEA","18:41","18:35","-6","0","0","0","0","0"
"F9","10/21/2024","3439","N717FR","SFO","22:26","22:46","20","20","0","8","0","0"
"F9","10/21/2024","3539","N702FR","LAS","22:45","22:35","-10","0","0","0","0","0"
"F9","10/21/2024","3566","N611FR","DTW","06:10","06:17","7","0","0","0","0","0"
"F9","10/21/2024","3665","N655FR","SMF","12:59","12:58","-1","0","0","0","0","0"
"F9","10/21/2024","3843","N311FR","LAS","16:57","18:24","87","12","0","0","0","64"
"F9","10/21/2024","3861","N328FR","SLC","06:25","06:15","-10","0","0","0","0","0"
"F9","10/21/2024","3930","N644FR","PNS","15:04","15:07","3","0","0","0","0","0"
"F9","10/21/2024","3981","N360FR","SLC","11:33","11:22","-11","0","0","0","0","0"
"F9","10/21/2024","4070","N710FR","DFW","11:36","11:29","-7","0","0","0","0","0"
"F9","10/21/2024","4251","N378FR","SLC","14:34","14:27","-7","0","0","0","0","0"
"F9","10/21/2024","4344","N610FR","XNA","10:11","10:01","-10","0","0","0","0","0"
"F9","10/21/2024","4371","N311FR","SNA","09:18","10:48","90","87","0","0","0","0"
"F9","10/21/2024","4386","N704FR","CID","10:50","11:24","34","23","0","0","0","9"
"F9","10/21/2024","4464","N232FR","DFW","07:22","07:12","-10","0","0","0","0","0"
"F9","10/21/2024","4478","N354FR","STL","21:31","22:49","78","0","0","0","0","61"
"F9","10/21/2024","4576","N611FR","CMH","14:27","14:55","28","22","0","8","0","6"
"F9","10/21/2024","4611","N329FR","LAS","18:57","18:51","-6","0","0","0","0","0"
"F9","10/21/2024","4626","N705FR","MEM","08:14","08:09","-5","0","0","0","0","0"
"F9","10/21/2024","4721","N343FR","SLC","22:26","22:28","2","0","0","0","0","0"
"F9","10/21/2024","4765","N615FR","PHX","19:17","19:07","-10","0","0","0","0","0"
"F9","10/21/2024","4794","N328FR","FAR","11:20","11:13","-7","0","0","0","0","0"
"F9","10/21/2024","4856","N358FR","IAH","20:50","20:42","-8","0","0","0","0","0"
"F9","10/21/2024","4917","N615FR","SJC","09:12","09:17","5","0","0","0","0","0"
"F9","10/21/2024","4920","N382FR","MCO","06:00","05:56","-4","0","0","0","0","0"
"F9","10/21/2024","4989","N386FR","SAN","20:01","20:29","28","28","0","85","0","0"
"F9","10/22/2024","0686","N382FR","DCA","06:41","06:35","-6","0","0","0","0","0"
"F9","10/22/2024","0688","N356FR","DCA","12:43","12:46","3","0","0","0","0","0"
"F9","10/22/2024","0690","N358FR","DCA","16:35","18:32","117","107","0","0","0","0"
"F9","10/22/2024","1093","N655FR","SFO","11:00","10:57","-3","0","0","0","0","0"
"F9","10/22/2024","1114","N625FR","TPA","23:59","00:04","5","0","0","0","0","0"
"F9","10/22/2024","1128","N650FR","OMA","10:50","10:42","-8","0","0","0","0","0"
"F9","10/22/2024","1150","N649FR","MSP","08:55","08:51","-4","0","0","0","0","0"
"F9","10/22/2024","1175","N633FR","SEA","06:00","06:04","4","0","0","0","0","0"
"F9","10/22/2024","1261","N704FR","ONT","08:45","08:44","-1","0","0","0","0","0"
"F9","10/22/2024","1362","N610FR","CLT","13:11","13:04","-7","0","0","0","0","0"
"F9","10/22/2024","1375","N626FR","PHX","07:00","06:50","-10","0","0","0","0","0"
"F9","10/22/2024","1402","N722FR","BNA","12:26","12:19","-7","0","0","0","0","0"
"F9","10/22/2024","1450","N322FR","ATL","12:35","12:33","-2","0","0","0","0","0"
"F9","10/22/2024","1499","N705FR","ONT","22:38","22:35","-3","0","0","0","0","0"
"F9","10/22/2024","1560","N328FR","MSN","12:24","12:29","5","0","0","0","0","0"
"F9","10/22/2024","1734","N348FR","MCO","00:20","00:20","0","0","0","0","0","0"
"F9","10/22/2024","1789","N615FR","PDX","08:28","09:02","34","34","0","9","0","0"
"F9","10/22/2024","1819","N236FR","PHX","09:51","09:45","-6","0","0","0","0","0"
"F9","10/22/2024","1864","N611FR","OKC","14:23","14:23","0","0","0","0","0","0"
"F9","10/22/2024","2015","N722FR","LAS","06:00","05:54","-6","0","0","0","0","0"
"F9","10/22/2024","2108","N360FR","FSD","10:04","10:08","4","0","0","0","0","0"
"F9","10/22/2024","2141","N313FR","PHX","13:54","13:48","-6","0","0","0","0","0"
"F9","10/22/2024","2148","N228FR","DFW","08:09","09:15","66","13","0","0","0","40"
"F9","10/22/2024","2210","N353FR","MDW","12:23","12:20","-3","0","0","0","0","0"
"F9","10/22/2024","2212","N704FR","DTW","15:40","16:15","35","19","0","0","0","0"
"F9","10/22/2024","2261","N705FR","ELP","15:51","15:51","0","0","0","0","0","0"
"F9","10/22/2024","2341","N610FR","LAX","06:00","05:54","-6","0","0","0","0","0"
"F9","10/22/2024","2348","N652FR","IND","11:00","11:07","7","0","0","0","0","0"
"F9","10/22/2024","2356","N611FR","SAT","07:45","07:42","-3","0","0","0","0","0"
"F9","10/22/2024","2429","N376FR","LAS","15:19","15:35","16","0","0","0","0","0"
"F9","10/22/2024","2440","N360FR","RDU","15:13","15:14","1","0","0","0","0","0"
"F9","10/22/2024","2632","N238FR","DFW","18:22","18:22","0","0","0","0","0","0"
"F9","10/22/2024","2687","N382FR","PDX","22:12","22:33","21","21","0","0","0","0"
"F9","10/22/2024","2890","N382FR","AUS","15:58","15:49","-9","0","0","0","0","0"
"F9","10/22/2024","3155","N651FR","LAX","14:00","14:42","42","23","0","0","0","0"
"F9","10/22/2024","3162","N649FR","LGA","15:12","15:15","3","0","0","0","0","0"
"F9","10/22/2024","3174","N368FR","ORD","19:42","21:51","129","0","0","0","0","105"
"F9","10/22/2024","3206","N705FR","IAH","08:36","08:35","-1","0","0","0","0","0"
"F9","10/22/2024","3286","N372FR","CVG","08:35","08:59","24","0","0","0","0","0"
"F9","10/22/2024","3294","N633FR","ATL","23:49","23:51","2","0","0","0","0","0"
"F9","10/22/2024","3302","N611FR","STL","20:14","20:11","-3","0","0","0","0","0"
"F9","10/22/2024","3312","N310FR","MCO","13:50","14:06","16","0","0","0","0","0"
"F9","10/22/2024","3340","N359FR","PHL","23:12","23:07","-5","0","0","0","0","0"
"F9","10/22/2024","3376","N633FR","MCI","14:29","14:19","-10","0","0","0","0","0"
"F9","10/22/2024","3405","N615FR","SEA","17:17","17:36","19","19","0","7","0","0"
"F9","10/22/2024","3439","N653FR","SFO","22:26","22:37","11","0","0","0","0","0"
"F9","10/22/2024","3467","N313FR","PHX","20:03","19:55","-8","0","0","0","0","0"
"F9","10/22/2024","3981","N371FR","SLC","11:35","11:38","3","0","0","0","0","0"
"F9","10/22/2024","4070","N381FR","DFW","13:56","13:49","-7","0","0","0","0","0"
"F9","10/22/2024","4235","N359FR","SLC","13:59","13:50","-9","0","0","0","0","0"
"F9","10/22/2024","4371","N358FR","SNA","09:47","09:45","-2","0","0","0","0","0"
"F9","10/22/2024","4386","N650FR","CID","16:12","16:01","-11","0","0","0","0","0"
"F9","10/22/2024","4611","N650FR","LAS","22:42","22:36","-6","0","0","0","0","0"
"F9","10/22/2024","4616","N651FR","MSP","21:15","21:19","4","0","0","0","0","0"
"F9","10/22/2024","4721","N334FR","SLC","22:26","22:51","25","19","0","0","0","0"
"F9","10/22/2024","4753","N328FR","PHX","22:59","23:21","22","0","0","0","0","0"
"F9","10/22/2024","4794","N347FR","FAR","11:29","11:24","-5","0","0","0","0","0"
"F9","10/22/2024","4856","N343FR","IAH","20:40","21:51","71","47","0","0","0","0"
"F9","10/22/2024","4927","N311FR","SAN","09:45","09:37","-8","0","0","24","0","0"
"F9","10/22/2024","4967","N652FR","LAS","18:35","19:56","81","75","0","0","0","0"
"F9","10/22/2024","4989","N347FR","SAN","17:12","17:13","1","0","0","0","0","0"
"F9","10/23/2024","0686","N336FR","DCA","06:41","06:36","-5","0","0","0","0","0"
"F9","10/23/2024","0688","N344FR","DCA","12:43","12:34","-9","0","0","0","0","0"
"F9","10/23/2024","0690","N311FR","DCA","16:35","16:37","2","0","0","0","0","0"
"F9","10/23/2024","1093","N633FR","SFO","11:00","11:04","4","0","0","0","0","0"
"F9","10/23/2024","1114","N228FR","TPA","23:59","00:05","6","0","0","0","0","0"
"F9","10/23/2024","1128","N705FR","OMA","10:50","10:41","-9","0","0","0","0","0"
"F9","10/23/2024","1150","N644FR","MSP","08:00","07:53","-7","0","0","0","0","0"
"F9","10/23/2024","1175","N640FR","SEA","05:04","05:27","23","14","0","0","0","5"
"F9","10/23/2024","1228","N375FR","MDW","16:47","16:38","-9","0","0","0","0","0"
"F9","10/23/2024","1261","N615FR","ONT","08:20","08:20","0","0","0","0","0","0"
"F9","10/23/2024","1292","N640FR","MSP","21:02","20:53","-9","0","0","0","0","0"
"F9","10/23/2024","1362","N649FR","CLT","13:49","13:46","-3","0","0","0","0","0"
"F9","10/23/2024","1375","N356FR","PHX","07:00","06:54","-6","0","0","0","0","0"
"F9","10/23/2024","1450","N383FR","ATL","12:35","13:07","32","32","0","6","0","0"
"F9","10/23/2024","1499","N653FR","ONT","22:38","22:30","-8","0","0","0","0","0"
"F9","10/23/2024","1560","N648FR","MSN","13:04","13:10","6","0","0","0","0","0"
"F9","10/23/2024","1678","N228FR","DSM","15:18","15:27","9","0","0","0","0","0"
"F9","10/23/2024","1734","N610FR","MCO","00:20","00:26","6","0","0","0","0","0"
"F9","10/23/2024","1784","N709FR","BNA","12:26","12:23","-3","0","0","0","0","0"
"F9","10/23/2024","1789","N717FR","PDX","08:28","08:18","-10","0","0","0","0","0"
"F9","10/23/2024","1816","N395FR","AUS","15:56","15:52","-4","0","0","0","0","0"
"F9","10/23/2024","1819","N326FR","PHX","09:51","09:52","1","0","0","0","0","0"
"F9","10/23/2024","1864","N360FR","OKC","11:33","11:24","-9","0","0","0","0","0"
"F9","10/23/2024","2015","N626FR","LAS","06:00","05:56","-4","0","0","0","0","0"
"F9","10/23/2024","2108","N358FR","FSD","10:02","09:52","-10","0","0","0","0","0"
"F9","10/23/2024","2141","N313FR","PHX","13:54","15:16","82","2","0","0","0","74"
"F9","10/23/2024","2210","N382FR","MDW","12:28","12:43","15","0","0","0","0","0"
"F9","10/23/2024","2212","N717FR","DTW","15:40","15:38","-2","0","0","0","0","0"
"F9","10/23/2024","2261","N651FR","ELP","08:35","08:39","4","0","0","0","0","0"
"F9","10/23/2024","2341","N648FR","LAX","06:00","05:58","-2","0","0","0","0","0"
"F9","10/23/2024","2348","N652FR","IND","08:00","07:50","-10","0","0","0","0","0"
"F9","10/23/2024","2356","N649FR","SAT","07:10","07:10","0","0","0","0","0","0"
"F9","10/23/2024","2374","N630FR","TYS","13:46","13:55","9","0","0","0","0","0"
"F9","10/23/2024","2429","N336FR","LAS","15:19","16:26","67","31","0","0","0","22"
"F9","10/23/2024","2440","N358FR","RDU","15:11","15:11","0","0","0","0","0","0"
"F9","10/23/2024","2632","N343FR","DFW","18:17","18:22","5","0","0","0","0","0"
"F9","10/23/2024","2687","N364FR","PDX","22:12","22:39","27","0","0","0","0","24"
"F9","10/23/2024","3155","N640FR","LAX","14:00","14:02","2","0","0","0","0","0"
"F9","10/23/2024","3162","N615FR","LGA","15:11","15:18","7","0","0","0","0","0"
"F9","10/23/2024","3174","N368FR","ORD","16:36","16:55","19","0","0","0","0","0"
"F9","10/23/2024","3230","N704FR","IAH","08:25","08:26","1","0","0","0","0","0"
"F9","10/23/2024","3286","N347FR","CVG","08:35","08:27","-8","0","0","0","0","0"
"F9","10/23/2024","3294","N648FR","ATL","23:49","23:57","8","0","0","0","0","0"
"F9","10/23/2024","3312","N378FR","MCO","12:45","12:43","-2","0","0","0","0","0"
"F9","10/23/2024","3340","N375FR","PHL","23:57","23:50","-7","0","0","16","0","0"
"F9","10/23/2024","3376","N653FR","MCI","12:29","12:17","-12","0","0","0","0","0"
"F9","10/23/2024","3405","N625FR","SEA","17:23","17:31","8","0","0","0","0","0"
"F9","10/23/2024","3439","N630FR","SFO","22:26","22:16","-10","0","0","0","0","0"
"F9","10/23/2024","3467","N395FR","PHX","20:03","21:51","108","0","0","0","0","97"
"F9","10/23/2024","3539","N344FR","LAS","22:45","22:43","-2","0","0","0","0","0"
"F9","10/23/2024","3930","N644FR","PNS","14:19","14:18","-1","0","0","0","0","0"
"F9","10/23/2024","3981","N311FR","SLC","11:25","11:17","-8","0","0","0","0","0"
"F9","10/23/2024","4070","N238FR","DFW","13:56","13:49","-7","0","0","0","0","0"
"F9","10/23/2024","4235","N364FR","SLC","14:00","13:59","-1","0","0","0","0","0"
"F9","10/23/2024","4344","N652FR","XNA","15:29","15:34","5","0","0","0","0","0"
"F9","10/23/2024","4371","N375FR","SNA","09:47","09:37","-10","0","0","0","0","0"
"F9","10/23/2024","4386","N705FR","CID","16:12","16:09","-3","0","0","0","0","0"
"F9","10/23/2024","4464","N343FR","DFW","08:09","08:20","11","0","0","0","0","0"
"F9","10/23/2024","4478","N356FR","STL","20:44","20:27","-17","0","0","0","0","0"
"F9","10/23/2024","4626","N228FR","MEM","08:37","08:28","-9","0","0","0","0","0"
"F9","10/23/2024","4721","N360FR","SLC","17:01","17:00","-1","0","0","0","0","0"
"F9","10/23/2024","4753","N384FR","PHX","22:59","23:17","18","0","0","0","0","0"
"F9","10/23/2024","4794","N651FR","FAR","14:29","14:30","1","0","0","0","0","0"
"F9","10/23/2024","4856","N354FR","IAH","20:40","20:38","-2","0","0","0","0","0"
"F9","10/23/2024","4927","N625FR","SAN","10:16","10:12","-4","0","0","0","0","0"
"F9","10/23/2024","4967","N633FR","LAS","18:35","18:30","-5","0","0","0","0","0"
"F9","10/23/2024","4989","N704FR","SAN","16:40","16:37","-3","0","0","0","0","0"
"F9","10/24/2024","0686","N337FR","DCA","06:41","06:36","-5","0","0","0","0","0"
"F9","10/24/2024","0688","N396FR","DCA","12:43","13:50","67","34","0","17","0","33"
"F9","10/24/2024","0690","N358FR","DCA","16:35","17:11","36","16","0","0","0","7"
"F9","10/24/2024","1093","N334FR","SFO","11:43","11:44","1","1","0","22","0","0"
"F9","10/24/2024","1114","N720FR","TPA","23:59","00:15","16","0","0","0","0","0"
"F9","10/24/2024","1128","N358FR","OMA","11:33","11:24","-9","0","0","0","0","0"
"F9","10/24/2024","1150","N651FR","MSP","05:10","05:11","1","0","0","0","0","0"
"F9","10/24/2024","1162","N360FR","HOU","08:28","08:15","-13","0","0","0","0","0"
"F9","10/24/2024","1175","N633FR","SEA","06:05","06:03","-2","0","0","0","0","0"
"F9","10/24/2024","1228","N364FR","MDW","15:29","15:31","2","0","0","0","0","0"
"F9","10/24/2024","1248","N371FR","GRR","15:56","16:40","44","0","0","0","0","29"
"F9","10/24/2024","1261","N625FR","ONT","06:00","05:57","-3","0","0","0","0","0"
"F9","10/24/2024","1280","N717FR","MIA","18:01","18:21","20","20","0","16","0","0"
"F9","10/24/2024","1324","N644FR","DFW","05:01","04:53","-8","0","0","0","0","0"
"F9","10/24/2024","1362","N367FR","CLT","13:49","14:31","42","0","0","0","0","40"
"F9","10/24/2024","1375","N334FR","PHX","06:00","05:51","-9","0","0","0","0","0"
"F9","10/24/2024","1402","N704FR","BNA","06:10","05:58","-12","0","0","0","0","0"
"F9","10/24/2024","1450","N633FR","ATL","14:29","14:40","11","0","0","0","0","0"
"F9","10/24/2024","1484","N652FR","ORD","06:55","06:55","0","0","0","0","0","0"
"F9","10/24/2024","1499","N640FR","ONT","21:41","21:40","-1","0","0","0","0","0"
"F9","10/24/2024","1560","N722FR","MSN","13:29","13:22","-7","0","0","0","0","0"
"F9","10/24/2024","1608","N354FR","MKE","07:55","07:56","1","0","0","0","0","0"
"F9","10/24/2024","1678","N354FR","DSM","14:50","14:43","-7","0","0","0","0","0"
"F9","10/24/2024","1734","N352FR","MCO","00:20","00:18","-2","0","0","0","0","0"
"F9","10/24/2024","1752","N311FR","CVG","18:29","20:13","104","0","0","0","0","96"
"F9","10/24/2024","1784","N625FR","BNA","15:27","15:26","-1","0","0","0","0","0"
"F9","10/24/2024","1789","N369FR","PDX","15:47","16:12","25","0","0","0","0","20"
"F9","10/24/2024","1816","N353FR","AUS","06:20","06:45","25","0","0","0","0","0"
"F9","10/24/2024","1819","N370FR","PHX","09:11","09:07","-4","0","0","0","0","0"
"F9","10/24/2024","1864","N364FR","OKC","10:35","10:48","13","0","0","0","0","0"
"F9","10/24/2024","1918","N709FR","CLE","13:35","13:35","0","0","0","0","0","0"
"F9","10/24/2024","1993","N655FR","LAS","06:45","06:43","-2","0","0","0","0","0"
"F9","10/24/2024","2015","N311FR","LAS","10:01","09:59","-2","0","0","0","0","0"
"F9","10/24/2024","2108","N304FR","FSD","10:04","10:13","9","0","0","0","0","0"
"F9","10/24/2024","2141","N337FR","PHX","14:22","16:39","137","51","0","19","0","86"
"F9","10/24/2024","2226","N615FR","RDU","07:30","07:23","-7","0","0","0","0","0"
"F9","10/24/2024","2261","N640FR","ELP","08:35","08:23","-12","0","0","0","0","0"
"F9","10/24/2024","2341","N709FR","LAX","06:00","05:56","-4","0","0","0","0","0"
"F9","10/24/2024","2348","N644FR","IND","10:57","11:36","39","0","0","0","0","30"
"F9","10/24/2024","2356","N604FR","SAT","16:09","16:07","-2","0","0","0","0","0"
"F9","10/24/2024","2360","N396FR","MSY","06:00","05:57","-3","0","0","0","0","0"
"F9","10/24/2024","2440","N360FR","RDU","15:13","15:35","22","0","0","0","0","0"
"F9","10/24/2024","2632","N648FR","DFW","18:12","18:34","22","1","0","6","0","21"
"F9","10/24/2024","2687","N709FR","PDX","22:14","22:13","-1","0","0","0","0","0"
"F9","10/24/2024","2706","N705FR","BWI","15:04","15:05","1","0","0","0","0","0"
"F9","10/24/2024","2746","N652FR","TPA","14:10","14:24","14","5","0","6","0","9"
"F9","10/24/2024","2817","N705FR","SAN","05:35","05:26","-9","0","0","0","0","0"
"F9","10/24/2024","2890","N653FR","AUS","17:28","17:38","10","0","0","0","0","0"
"F9","10/24/2024","3155","N704FR","LAX","13:59","13:56","-3","0","0","15","0","0"
"F9","10/24/2024","3162","N649FR","LGA","15:16","15:29","13","0","0","0","0","0"
"F9","10/24/2024","3172","N368FR","ORD","20:39","01:38","299","16","0","0","0","273"
"F9","10/24/2024","3230","N376FR","IAH","05:05","05:02","-3","0","0","0","0","0"
"F9","10/24/2024","3286","N372FR","CVG","08:45","08:35","-10","0","0","0","0","0"
"F9","10/24/2024","3294","N604FR","ATL","23:49","00:19","30","15","0","0","0","0"
"F9","10/24/2024","3302","N354FR","STL","20:16","20:03","-13","0","0","0","0","0"
"F9","10/24/2024","3312","N711FR","MCO","09:17","11:29","132","25","0","0","0","107"
"F9","10/24/2024","3340","N359FR","PHL","23:59","23:56","-3","0","0","0","0","0"
"F9","10/24/2024","3376","N631FR","MCI","18:29","18:52","23","23","0","42","0","0"
"F9","10/24/2024","3405","N644FR","SEA","18:42","18:44","2","0","0","0","0","0"
"F9","10/24/2024","3439","N630FR","SFO","22:26","23:25","59","0","0","0","0","46"
"F9","10/24/2024","3467","N347FR","PHX","18:02","18:16","14","0","0","0","0","0"
"F9","10/24/2024","3566","N722FR","DTW","05:15","05:04","-11","0","0","0","0","0"
"F9","10/24/2024","3665","N651FR","SMF","13:08","13:26","18","18","0","1","0","0"
"F9","10/24/2024","3930","N607FR","PNS","13:11","13:17","6","0","0","0","0","0"
"F9","10/24/2024","3949","N633FR","LAS","22:45","22:57","12","0","0","0","0","0"
"F9","10/24/2024","3981","N630FR","SLC","10:50","10:56","6","0","0","0","0","0"
"F9","10/24/2024","4070","N313FR","DFW","11:42","13:03","81","0","0","0","0","68"
"F9","10/24/2024","4251","N615FR","SLC","17:05","16:58","-7","0","0","0","0","0"
"F9","10/24/2024","4344","N653FR","XNA","11:26","11:32","6","0","0","0","0","0"
"F9","10/24/2024","4371","N376FR","SNA","11:55","12:22","27","0","0","0","0","0"
"F9","10/24/2024","4374","N649FR","PIT","06:31","06:33","2","0","0","0","0","0"
"F9","10/24/2024","4386","N630FR","CID","16:12","16:01","-11","0","0","0","0","0"
"F9","10/24/2024","4464","N230FR","DFW","08:08","08:50","42","0","0","0","0","27"
"F9","10/24/2024","4611","N304FR","LAS","20:45","20:43","-2","0","0","0","0","0"
"F9","10/24/2024","4616","N722FR","MSP","21:15","21:06","-9","0","0","0","0","0"
"F9","10/24/2024","4721","N396FR","SLC","22:26","23:32","66","18","0","0","0","40"
"F9","10/24/2024","4753","N364FR","PHX","22:38","22:29","-9","0","0","0","0","0"
"F9","10/24/2024","4776","N640FR","LIT","14:29","14:35","6","0","0","0","0","0"
"F9","10/24/2024","4794","N313FR","FAR","07:10","07:04","-6","0","0","0","0","0"
"F9","10/24/2024","4856","N363FR","IAH","20:40","20:31","-9","0","0","0","0","0"
"F9","10/24/2024","4917","N648FR","SJC","09:12","09:00","-12","0","0","0","0","0"
"F9","10/24/2024","4920","N604FR","MCO","06:05","06:17","12","0","0","0","0","0"
"F9","10/24/2024","4927","N236FR","SAN","19:56","20:22","26","0","0","0","0","0"
"F9","10/24/2024","4967","N376FR","LAS","18:45","18:56","11","0","0","0","0","0"
"F9","10/24/2024","4989","N370FR","SAN","17:36","18:02","26","24","0","0","0","1"
"F9","10/25/2024","0686","N376FR","DCA","06:41","06:43","2","0","0","0","0","0"
"F9","10/25/2024","0688","N371FR","DCA","12:43","12:47","4","0","0","0","0","0"
"F9","10/25/2024","0690","N352FR","DCA","16:35","16:48","13","0","0","0","0","0"
"F9","10/25/2024","1028","N358FR","MCI","09:54","09:44","-10","0","0","0","0","0"
"F9","10/25/2024","1093","N360FR","SFO","17:37","17:29","-8","0","0","0","0","0"
"F9","10/25/2024","1114","N625FR","TPA","23:59","23:49","-10","0","0","0","0","0"
"F9","10/25/2024","1150","N705FR","MSP","06:03","05:54","-9","0","0","0","0","0"
"F9","10/25/2024","1162","N376FR","HOU","15:56","15:51","-5","0","0","0","0","0"
"F9","10/25/2024","1175","N367FR","SEA","06:05","05:58","-7","0","0","0","0","0"
"F9","10/25/2024","1228","N384FR","MDW","19:46","20:24","38","38","0","9","0","0"
"F9","10/25/2024","1248","N625FR","GRR","15:29","15:19","-10","0","0","0","0","0"
"F9","10/25/2024","1261","N625FR","ONT","06:00","05:51","-9","0","0","0","0","0"
"F9","10/25/2024","1280","N705FR","MIA","18:01","18:01","0","0","0","0","0","0"
"F9","10/25/2024","1292","N704FR","MSP","21:15","21:14","-1","0","0","0","0","0"
"F9","10/25/2024","1324","N633FR","DFW","05:05","05:02","-3","0","0","0","0","0"
"F9","10/25/2024","1362","N710FR","CLT","14:24","14:34","10","0","0","0","0","0"
"F9","10/25/2024","1402","N313FR","BNA","06:20","06:18","-2","0","0","0","0","0"
"F9","10/25/2024","1450","N646FR","ATL","10:14","10:18","4","0","0","0","0","0"
"F9","10/25/2024","1484","N710FR","ORD","06:50","07:18","28","22","0","0","0","0"
"F9","10/25/2024","1499","N313FR","ONT","22:38","22:28","-10","0","0","0","0","0"
"F9","10/25/2024","1560","N648FR","MSN","13:47","14:09","22","0","0","0","0","0"
"F9","10/25/2024","1608","N709FR","MKE","10:45","10:38","-7","0","0","0","0","0"
"F9","10/25/2024","1678","N358FR","DSM","15:16","15:10","-6","0","0","0","0","0"
"F9","10/25/2024","1734","N312FR","MCO","00:20","00:30","10","0","0","0","0","0"
"F9","10/25/2024","1784","N640FR","BNA","16:21","16:13","-8","0","0","0","0","0"
"F9","10/25/2024","1789","N369FR","PDX","06:00","05:50","-10","0","0","0","0","0"
"F9","10/25/2024","1819","N364FR","PHX","08:51","08:42","-9","0","0","0","0","0"
"F9","10/25/2024","1864","N705FR","OKC","12:19","12:12","-7","0","0","0","0","0"
"F9","10/25/2024","1874","N363FR","OMA","17:35","17:43","8","0","0","0","0","0"
"F9","10/25/2024","1918","N648FR","CLE","05:15","05:10","-5","0","0","0","0","0"
"F9","10/25/2024","1993","N636FR","LAS","10:12","10:09","-3","0","0","0","0","0"
"F9","10/25/2024","2015","N352FR","LAS","06:00","05:52","-8","0","0","0","0","0"
"F9","10/25/2024","2105","N334FR","PHX","16:50","20:14","204","39","0","0","0","165"
"F9","10/25/2024","2108","N630FR","FSD","17:11","17:05","-6","0","0","0","0","0"
"F9","10/25/2024","2210","N387FR","MDW","08:40","08:30","-10","0","0","0","0","0"
"F9","10/25/2024","2212","N722FR","DTW","16:16","16:19","3","0","0","0","0","0"
"F9","10/25/2024","2261","N604FR","ELP","16:41","16:36","-5","0","0","0","0","0"
"F9","10/25/2024","2341","N651FR","LAX","06:00","06:07","7","0","0","0","0","0"
"F9","10/25/2024","2348","N604FR","IND","09:10","09:02","-8","0","0","0","0","0"
"F9","10/25/2024","2356","N644FR","SAT","07:00","06:54","-6","0","0","0","0","0"
"F9","10/25/2024","2374","N313FR","TYS","13:47","13:40","-7","0","0","0","0","0"
"F9","10/25/2024","2421","N709FR","SAN","18:01","19:12","71","0","0","80","0","3"
"F9","10/25/2024","2440","N396FR","RDU","15:13","15:09","-4","0","0","0","0","0"
"F9","10/25/2024","2632","N615FR","DFW","18:55","21:31","156","22","0","0","0","124"
"F9","10/25/2024","2706","N363FR","BWI","08:12","08:17","5","0","0","0","0","0"
"F9","10/25/2024","2746","N649FR","TPA","15:04","15:26","22","0","0","0","0","0"
"F9","10/25/2024","2752","N369FR","BUF","13:32","13:29","-3","0","0","0","0","0"
"F9","10/25/2024","2817","N649FR","SAN","05:35","05:36","1","0","0","0","0","0"
"F9","10/25/2024","2890","N631FR","AUS","16:09","16:05","-4","0","0","0","0","0"
"F9","10/25/2024","2986","N370FR","CLT","05:01","05:57","56","54","0","0","0","0"
"F9","10/25/2024","3101","N704FR","MSO","14:53","14:54","1","0","0","0","0","0"
"F9","10/25/2024","3155","N367FR","LAX","14:00","14:06","6","0","0","0","0","0"
"F9","10/25/2024","3162","N653FR","LGA","15:16","15:33","17","0","0","0","0","0"
"F9","10/25/2024","3172","N611FR","ORD","21:24","21:59","35","0","0","0","0","0"
"F9","10/25/2024","3230","N722FR","IAH","09:00","08:59","-1","0","0","0","0","0"
"F9","10/25/2024","3286","N372FR","CVG","08:30","08:22","-8","0","0","0","0","0"
"F9","10/25/2024","3294","N651FR","ATL","23:49","00:24","35","20","0","0","0","0"
"F9","10/25/2024","3312","N344FR","MCO","10:43","10:40","-3","0","0","0","0","0"
"F9","10/25/2024","3340","N613FR","PHL","23:59","23:57","-2","0","0","0","0","0"
"F9","10/25/2024","3405","N368FR","SEA","18:15","18:24","9","0","0","0","0","0"
"F9","10/25/2024","3439","N631FR","SFO","22:34","22:47","13","0","0","6","0","13"
"F9","10/25/2024","3467","N367FR","PHX","20:51","20:42","-9","0","0","0","0","0"
"F9","10/25/2024","3539","N604FR","LAS","22:45","22:43","-2","0","0","17","0","0"
"F9","10/25/2024","3566","N704FR","DTW","06:30","06:39","9","0","0","0","0","0"
"F9","10/25/2024","3665","N651FR","SMF","13:05","13:11","6","0","0","0","0","0"
"F9","10/25/2024","3843","N633FR","LAS","18:38","18:38","0","0","0","0","0","0"
"F9","10/25/2024","3861","N371FR","SLC","06:20","06:15","-5","0","0","0","0","0"
"F9","10/25/2024","3930","N370FR","PNS","13:49","14:36","47","0","0","0","0","28"
"F9","10/25/2024","3981","N352FR","SLC","11:33","12:10","37","8","0","0","0","14"
"F9","10/25/2024","4070","N633FR","DFW","11:36","11:28","-8","0","0","0","0","0"
"F9","10/25/2024","4235","N364FR","SLC","14:34","14:26","-8","0","0","0","0","0"
"F9","10/25/2024","4344","N640FR","XNA","10:16","10:09","-7","0","0","0","0","0"
"F9","10/25/2024","4349","N370FR","PDX","22:32","22:31","-1","0","0","0","0","0"
"F9","10/25/2024","4371","N396FR","SNA","08:28","08:24","-4","0","0","0","0","0"
"F9","10/25/2024","4386","N630FR","CID","10:50","10:44","-6","0","0","0","0","0"
"F9","10/25/2024","4464","N381FR","DFW","07:14","07:06","-8","0","0","0","0","0"
"F9","10/25/2024","4478","N347FR","STL","20:42","20:59","17","0","0","0","0","0"
"F9","10/25/2024","4562","N717FR","MSY","18:02","17:56","-6","0","0","0","0","0"
"F9","10/25/2024","4576","N644FR","CMH","13:38","13:49","11","0","0","0","0","0"
"F9","10/25/2024","4611","N358FR","LAS","20:45","21:01","16","0","0","0","0","0"
"F9","10/25/2024","4626","N653FR","MEM","08:15","08:05","-10","0","0","0","0","0"
"F9","10/25/2024","4721","N369FR","SLC","22:26","22:25","-1","0","0","0","0","0"
"F9","10/25/2024","4753","N371FR","PHX","22:59","22:52","-7","0","0","0","0","0"
"F9","10/25/2024","4765","N646FR","PHX","18:51","19:05","14","0","0","0","0","0"
"F9","10/25/2024","4794","N360FR","FAR","11:35","11:24","-11","0","0","0","0","0"
"F9","10/25/2024","4856","N648FR","IAH","20:40","20:42","2","0","0","0","0","0"
"F9","10/25/2024","4917","N615FR","SJC","09:25","09:22","-3","0","0","0","0","0"
"F9","10/25/2024","4920","N631FR","MCO","06:05","06:13","8","0","0","0","0","0"
"F9","10/25/2024","4989","N374FR","SAN","20:01","21:36","95","55","0","0","0","32"
"F9","10/26/2024","0686","N363FR","DCA","06:41","06:33","-8","0","0","0","0","0"
"F9","10/26/2024","0688","N328FR","DCA","12:43","12:36","-7","0","0","0","0","0"
"F9","10/26/2024","0690","N396FR","DCA","16:35","16:53","18","0","0","0","0","0"
"F9","10/26/2024","1050","N308FR","MIA","10:18","10:14","-4","0","0","0","0","0"
"F9","10/26/2024","1093","N631FR","SFO","11:00","10:56","-4","0","0","0","0","0"
"F9","10/26/2024","1107","N373FR","SAN","17:01","17:49","48","21","0","0","0","12"
"F9","10/26/2024","1114","N640FR","TPA","23:59","00:12","13","0","0","0","0","0"
"F9","10/26/2024","1128","N630FR","OMA","10:54","10:56","2","0","0","0","0","0"
"F9","10/26/2024","1150","N649FR","MSP","08:00","07:50","-10","0","0","0","0","0"
"F9","10/26/2024","1175","N646FR","SEA","06:00","05:53","-7","0","0","19","0","0"
"F9","10/26/2024","1248","N704FR","GRR","14:28","14:18","-10","0","0","0","0","0"
"F9","10/26/2024","1261","N368FR","ONT","06:00","05:52","-8","0","0","0","0","0"
"F9","10/26/2024","1292","N649FR","MSP","21:16","21:26","10","0","0","0","0","0"
"F9","10/26/2024","1362","N646FR","CLT","14:05","14:15","10","10","0","12","0","0"
"F9","10/26/2024","1375","N386FR","PHX","12:15","12:12","-3","0","0","0","0","0"
"F9","10/26/2024","1450","N346FR","ATL","11:58","11:52","-6","0","0","0","0","0"
"F9","10/26/2024","1499","N376FR","ONT","22:38","22:49","11","0","0","0","0","0"
"F9","10/26/2024","1560","N370FR","MSN","10:35","10:25","-10","0","0","0","0","0"
"F9","10/26/2024","1678","N368FR","DSM","14:57","14:53","-4","0","0","0","0","0"
"F9","10/26/2024","1734","N722FR","MCO","00:59","01:37","38","21","0","0","0","0"
"F9","10/26/2024","1784","N653FR","BNA","12:26","12:29","3","0","0","0","0","0"
"F9","10/26/2024","1789","N709FR","PDX","08:25","08:33","8","0","0","0","0","0"
"F9","10/26/2024","1819","N305FR","PHX","09:51","09:47","-4","0","0","0","0","0"
"F9","10/26/2024","1864","N633FR","OKC","09:22","09:20","-2","0","0","0","0","0"
"F9","10/26/2024","1993","N352FR","LAS","10:09","10:21","12","0","0","0","0","0"
"F9","10/26/2024","2015","N653FR","LAS","06:00","05:55","-5","0","0","0","0","0"
"F9","10/26/2024","2105","N377FR","PHX","19:00","19:12","12","0","0","0","0","0"
"F9","10/26/2024","2108","N377FR","FSD","10:04","12:49","165","131","0","0","0","23"
"F9","10/26/2024","2141","N371FR","PHX","14:45","14:53","8","0","0","0","0","0"
"F9","10/26/2024","2148","N343FR","DFW","08:43","08:35","-8","0","0","0","0","0"
"F9","10/26/2024","2210","N374FR","MDW","12:00","12:22","22","0","0","0","0","0"
"F9","10/26/2024","2212","N648FR","DTW","15:36","15:48","12","0","0","0","0","0"
"F9","10/26/2024","2261","N704FR","ELP","08:35","08:28","-7","0","0","0","0","0"
"F9","10/26/2024","2341","N640FR","LAX","06:00","05:59","-1","0","0","0","0","0"
"F9","10/26/2024","2348","N723FR","IND","11:30","11:25","-5","0","0","0","0","0"
"F9","10/26/2024","2356","N615FR","SAT","07:00","06:55","-5","0","0","0","0","0"
"F9","10/26/2024","2429","N650FR","LAS","16:33","16:34","1","0","0","0","0","0"
"F9","10/26/2024","2440","N343FR","RDU","15:13","15:25","12","0","0","0","0","0"
"F9","10/26/2024","2632","N313FR","DFW","21:16","22:54","98","75","0","0","0","0"
"F9","10/26/2024","2687","N363FR","PDX","22:12","22:13","1","0","0","0","0","0"
"F9","10/26/2024","2817","N373FR","SAN","09:50","09:48","-2","0","0","0","0","0"
"F9","10/26/2024","2890","N363FR","AUS","15:56","16:00","4","0","0","0","0","0"
"F9","10/26/2024","3155","N615FR","LAX","14:00","13:55","-5","0","0","0","0","0"
"F9","10/26/2024","3162","N633FR","LGA","15:09","15:08","-1","0","0","0","0","0"
"F9","10/26/2024","3174","N621FR","ORD","19:42","19:38","-4","0","0","0","0","0"
"F9","10/26/2024","3206","N648FR","IAH","08:25","09:01","36","23","0","0","0","0"
"F9","10/26/2024","3286","N369FR","CVG","08:55","08:55","0","0","0","0","0","0"
"F9","10/26/2024","3294","N704FR","ATL","23:49","23:44","-5","0","0","0","0","0"
"F9","10/26/2024","3312","N330FR","MCO","13:48","14:13","25","0","0","0","0","0"
"F9","10/26/2024","3340","N362FR","PHL","23:57","00:04","7","0","0","0","0","0"
"F9","10/26/2024","3376","N376FR","MCI","16:57","16:48","-9","0","0","0","0","0"
"F9","10/26/2024","3405","N709FR","SEA","18:42","18:37","-5","0","0","0","0","0"
"F9","10/26/2024","3439","N630FR","SFO","22:45","22:37","-8","0","0","0","0","0"
"F9","10/26/2024","3467","N364FR","PHX","21:30","21:24","-6","0","0","0","0","0"
"F9","10/26/2024","3539","N615FR","LAS","22:45","22:35","-10","0","0","0","0","0"
"F9","10/26/2024","3665","N640FR","SMF","13:30","13:25","-5","0","0","0","0","0"
"F9","10/26/2024","3843","N631FR","LAS","18:35","18:32","-3","0","0","0","0","0"
"F9","10/26/2024","3930","N376FR","PNS","08:54","08:44","-10","0","0","0","0","0"
"F9","10/26/2024","3981","N396FR","SLC","11:33","12:02","29","16","0","0","0","13"
"F9","10/26/2024","4070","N334FR","DFW","14:55","17:17","142","132","0","0","0","0"
"F9","10/26/2024","4251","N386FR","SLC","18:31","18:23","-8","0","0","0","0","0"
"F9","10/26/2024","4371","N313FR","SNA","12:27","12:20","-7","0","0","0","0","0"
"F9","10/26/2024","4386","N630FR","CID","16:22","16:14","-8","0","0","0","0","0"
"F9","10/26/2024","4464","N394FR","DFW","17:45","17:45","0","0","0","25","0","0"
"F9","10/26/2024","4478","N368FR","STL","20:23","20:13","-10","0","0","0","0","0"
"F9","10/26/2024","4721","N328FR","SLC","22:26","22:17","-9","0","0","0","0","0"
"F9","10/26/2024","4794","N649FR","FAR","14:14","14:07","-7","0","0","0","0","0"
"F9","10/26/2024","4856","N346FR","IAH","20:40","20:30","-10","0","0","0","0","0"
"F9","10/26/2024","4927","N360FR","SAN","12:10","12:07","-3","0","0","0","0","0"
"F9","10/27/2024","0686","N374FR","DCA","06:41","06:36","-5","0","0","0","0","0"
"F9","10/27/2024","0688","N343FR","DCA","11:34","11:32","-2","0","0","0","0","0"
"F9","10/27/2024","0690","N376FR","DCA","16:35","16:32","-3","0","0","0","0","0"
"F9","10/27/2024","1093","N370FR","SFO","13:35","13:45","10","7","0","6","0","3"
"F9","10/27/2024","1114","N625FR","TPA","23:59","23:53","-6","0","0","0","0","0"
"F9","10/27/2024","1128","N376FR","OMA","11:33","11:23","-10","0","0","0","0","0"
"F9","10/27/2024","1134","N646FR","ORD","15:34","15:24","-10","0","0","0","0","0"
"F9","10/27/2024","1150","N649FR","MSP","19:00","18:57","-3","0","0","0","0","0"
"F9","10/27/2024","1155","N631FR","SLC","17:05","17:03","-2","0","0","0","0","0"
"F9","10/27/2024","1162","N328FR","HOU","08:28","08:15","-13","0","0","0","0","0"
"F9","10/27/2024","1175","N710FR","SEA","05:55","05:52","-3","0","0","0","0","0"
"F9","10/27/2024","1228","N388FR","MDW","18:25","18:25","0","0","0","0","0","0"
"F9","10/27/2024","1248","N396FR","GRR","09:54","09:54","0","0","0","0","0","0"
"F9","10/27/2024","1261","N638FR","ONT","06:00","05:59","-1","0","0","0","0","0"
"F9","10/27/2024","1280","N615FR","MIA","06:00","05:58","-2","0","0","0","0","0"
"F9","10/27/2024","1324","N709FR","DFW","05:15","05:10","-5","0","0","0","0","0"
"F9","10/27/2024","1362","N648FR","CLT","15:07","15:11","4","0","0","0","0","0"
"F9","10/27/2024","1375","N395FR","PHX","06:55","06:48","-7","0","0","0","0","0"
"F9","10/27/2024","1402","N625FR","BNA","06:00","05:54","-6","0","0","0","0","0"
"F9","10/27/2024","1450","N717FR","ATL","13:49","14:03","14","0","0","0","0","0"
"F9","10/27/2024","1484","N605FR","ORD","05:01","04:53","-8","0","0","0","0","0"
"F9","10/27/2024","1499","N717FR","ONT","22:32","23:03","31","31","0","6","0","0"
"F9","10/27/2024","1560","N633FR","MSN","12:20","12:18","-2","0","0","0","0","0"
"F9","10/27/2024","1608","N346FR","MKE","08:20","08:14","-6","0","0","0","0","0"
"F9","10/27/2024","1678","N373FR","DSM","14:59","14:52","-7","0","0","0","0","0"
"F9","10/27/2024","1734","N330FR","MCO","00:20","00:16","-4","0","0","0","0","0"
"F9","10/27/2024","1752","N378FR","CVG","19:39","19:38","-1","0","0","0","0","0"
"F9","10/27/2024","1784","N710FR","BNA","14:05","14:02","-3","0","0","0","0","0"
"F9","10/27/2024","1789","N373FR","PDX","07:48","07:57","9","0","0","0","0","0"
"F9","10/27/2024","1816","N633FR","AUS","05:37","05:27","-10","0","0","0","0","0"
"F9","10/27/2024","1819","N637FR","PHX","10:16","10:09","-7","0","0","0","0","0"
"F9","10/27/2024","1864","N640FR","OKC","10:11","09:59","-12","0","0","0","0","0"
"F9","10/27/2024","1918","N640FR","CLE","15:41","15:43","2","0","0","0","0","0"
"F9","10/27/2024","1993","N363FR","LAS","10:35","10:24","-11","0","0","0","0","0"
"F9","10/27/2024","2015","N370FR","LAS","06:45","07:35","50","50","0","8","0","0"
"F9","10/27/2024","2108","N363FR","FSD","16:53","16:43","-10","0","0","0","0","0"
"F9","10/27/2024","2141","N341FR","PHX","14:22","14:23","1","0","0","0","0","0"
"F9","10/27/2024","2148","N709FR","DFW","18:47","18:39","-8","0","0","0","0","0"
"F9","10/27/2024","2212","N374FR","DTW","15:56","15:58","2","0","0","0","0","0"
"F9","10/27/2024","2226","N631FR","RDU","07:30","07:19","-11","0","0","0","0","0"
"F9","10/27/2024","2261","N630FR","ELP","10:50","10:52","2","0","0","0","0","0"
"F9","10/27/2024","2341","N653FR","LAX","06:00","06:00","0","0","0","0","0","0"
"F9","10/27/2024","2348","N644FR","IND","06:25","07:08","43","24","0","0","0","0"
"F9","10/27/2024","2356","N328FR","SAT","15:47","16:23","36","25","0","0","0","0"
"F9","10/27/2024","2360","N717FR","MSY","06:00","06:28","28","17","0","0","0","0"
"F9","10/27/2024","2421","N377FR","SAN","17:37","17:29","-8","0","0","0","0","0"
"F9","10/27/2024","2429","N612FR","LAS","15:09","15:20","11","0","0","0","0","0"
"F9","10/27/2024","2440","N346FR","RDU","15:13","16:04","51","0","48","0","0","0"
"F9","10/27/2024","2706","N638FR","BWI","15:27","15:23","-4","0","0","0","0","0"
"F9","10/27/2024","2746","N625FR","TPA","13:47","13:55","8","0","0","0","0","0"
"F9","10/27/2024","2817","N648FR","SAN","05:38","05:53","15","0","0","0","0","0"
"F9","10/27/2024","2890","N396FR","AUS","17:14","17:13","-1","0","0","0","0","0"
"F9","10/27/2024","3155","N644FR","LAX","13:59","13:52","-7","0","0","22","0","0"
"F9","10/27/2024","3162","N723FR","LGA","15:16","15:26","10","8","0","15","0","2"
"F9","10/27/2024","3230","N377FR","IAH","05:05","05:01","-4","0","0","0","0","0"
"F9","10/27/2024","3286","N635FR","CVG","08:45","08:40","-5","0","0","0","0","0"
"F9","10/27/2024","3294","N646FR","ATL","23:49","23:53","4","0","0","0","0","0"
"F9","10/27/2024","3312","N390FR","MCO","09:07","09:08","1","0","0","0","0","0"
"F9","10/27/2024","3340","N374FR","PHL","23:59","24:00","1","0","0","0","0","0"
"F9","10/27/2024","3376","N633FR","MCI","19:18","19:17","-1","0","0","0","0","0"
"F9","10/27/2024","3405","N605FR","SEA","18:40","18:34","-6","0","0","0","0","0"
"F9","10/27/2024","3439","N630FR","SFO","22:59","23:10","11","11","0","7","0","0"
"F9","10/27/2024","3467","N360FR","PHX","20:05","20:01","-4","0","0","0","0","0"
"F9","10/27/2024","3665","N653FR","SMF","13:08","13:09","1","0","0","0","0","0"
"F9","10/27/2024","3930","N615FR","PNS","16:37","16:36","-1","0","0","0","0","0"
"F9","10/27/2024","3949","N644FR","LAS","22:42","22:48","6","0","0","0","0","0"
"F9","10/27/2024","3981","N651FR","SLC","09:00","08:50","-10","0","0","0","0","0"
"F9","10/27/2024","4070","N651FR","DFW","14:29","14:34","5","0","0","0","0","0"
"F9","10/27/2024","4344","N605FR","XNA","12:43","12:35","-8","0","0","0","0","0"
"F9","10/27/2024","4349","N710FR","PDX","22:14","22:18","4","0","0","0","0","0"
"F9","10/27/2024","4371","N395FR","SNA","12:41","12:39","-2","0","0","0","0","0"
"F9","10/27/2024","4374","N723FR","PIT","06:31","06:44","13","0","0","0","0","0"
"F9","10/27/2024","4386","N630FR","CID","16:46","16:42","-4","0","0","0","0","0"
"F9","10/27/2024","4464","N230FR","DFW","08:08","07:58","-10","0","0","0","0","0"
"F9","10/27/2024","4478","N373FR","STL","20:25","20:19","-6","0","0","0","0","0"
"F9","10/27/2024","4616","N651FR","MSP","21:15","21:20","5","0","0","0","0","0"
"F9","10/27/2024","4721","N363FR","SLC","22:26","22:52","26","26","0","7","0","0"
"F9","10/27/2024","4753","N396FR","PHX","23:19","23:12","-7","0","0","0","0","0"
"F9","10/27/2024","4776","N709FR","LIT","12:01","11:54","-7","0","0","0","0","0"
"F9","10/27/2024","4794","N377FR","FAR","11:55","11:43","-12","0","0","0","0","0"
"F9","10/27/2024","4856","N370FR","IAH","21:07","21:30","23","0","0","0","0","0"
"F9","10/27/2024","4917","N649FR","SJC","09:25","09:40","15","15","0","2","0","0"
"F9","10/27/2024","4920","N646FR","MCO","05:30","05:26","-4","0","0","0","0","0"
"F9","10/27/2024","4967","N395FR","LAS","19:17","19:07","-10","0","0","0","0","0"
"F9","10/27/2024","4989","N371FR","SAN","19:56","20:11","15","15","0","18","0","0"
"F9","10/28/2024","0686","N338FR","DCA","06:41","06:34","-7","0","0","0","0","0"
"F9","10/28/2024","0688","N346FR","DCA","11:34","11:30","-4","0","0","0","0","0"
"F9","10/28/2024","0690","N377FR","DCA","16:35","16:53","18","18","0","10","0","0"
"F9","10/28/2024","1093","N705FR","SFO","17:45","17:49","4","0","0","0","0","0"
"F9","10/28/2024","1114","N723FR","TPA","23:59","00:07","8","0","0","0","0","0"
"F9","10/28/2024","1162","N369FR","HOU","08:28","08:50","22","0","0","0","0","0"
"F9","10/28/2024","1164","N709FR","MSP","07:05","06:59","-6","0","0","0","0","0"
"F9","10/28/2024","1175","N633FR","SEA","06:00","05:52","-8","0","0","0","0","0"
"F9","10/28/2024","1208","N336FR","MCI","17:51","18:10","19","8","0","0","0","9"
"F9","10/28/2024","1228","N352FR","MDW","18:49","19:39","50","0","0","0","0","33"
"F9","10/28/2024","1248","N709FR","GRR","13:20","13:09","-11","0","0","0","0","0"
"F9","10/28/2024","1261","N631FR","ONT","06:05","06:10","5","0","0","0","0","0"
"F9","10/28/2024","1280","N644FR","MIA","18:13","18:15","2","0","0","0","0","0"
"F9","10/28/2024","1292","N640FR","MSP","20:57","20:46","-11","0","0","0","0","0"
"F9","10/28/2024","1324","N644FR","DFW","05:01","05:04","3","0","0","0","0","0"
"F9","10/28/2024","1362","N649FR","CLT","13:47","13:45","-2","0","0","0","0","0"
"F9","10/28/2024","1402","N640FR","BNA","06:50","06:42","-8","0","0","0","0","0"
"F9","10/28/2024","1450","N605FR","ATL","13:47","13:46","-1","0","0","0","0","0"
"F9","10/28/2024","1484","N605FR","ORD","06:10","06:07","-3","0","0","0","0","0"
"F9","10/28/2024","1499","N236FR","ONT","22:38","22:28","-10","0","0","0","0","0"
"F9","10/28/2024","1560","N620FR","MSN","10:07","10:00","-7","0","0","0","0","0"
"F9","10/28/2024","1608","N710FR","MKE","10:45","10:46","1","0","0","0","0","0"
"F9","10/28/2024","1678","N369FR","DSM","15:24","15:30","6","0","0","0","0","0"
"F9","10/28/2024","1734","N380FR","MCO","00:55","00:45","-10","0","0","0","0","0"
"F9","10/28/2024","1784","N338FR","BNA","16:41","16:39","-2","0","0","0","0","0"
"F9","10/28/2024","1789","N236FR","PDX","06:05","05:59","-6","0","0","0","0","0"
"F9","10/28/2024","1819","N337FR","PHX","08:51","09:34","43","3","0","1","0","40"
"F9","10/28/2024","1864","N328FR","OKC","16:31","16:28","-3","0","0","0","0","0"
"F9","10/28/2024","1874","N630FR","OMA","17:09","17:03","-6","0","0","0","0","0"
"F9","10/28/2024","1918","N649FR","CLE","05:15","05:03","-12","0","0","0","0","0"
"F9","10/28/2024","1993","N372FR","LAS","10:09","10:05","-4","0","0","16","0","0"
"F9","10/28/2024","2015","N304FR","LAS","06:05","05:58","-7","0","0","0","0","0"
"F9","10/28/2024","2105","N310FR","PHX","15:21","15:26","5","0","0","0","0","0"
"F9","10/28/2024","2108","N376FR","FSD","09:54","09:41","-13","0","0","0","0","0"
"F9","10/28/2024","2141","N364FR","PHX","11:18","11:10","-8","0","0","0","0","0"
"F9","10/28/2024","2210","N363FR","MDW","08:40","08:40","0","0","0","0","0","0"
"F9","10/28/2024","2212","N717FR","DTW","16:10","16:00","-10","0","0","0","0","0"
"F9","10/28/2024","2261","N631FR","ELP","15:32","15:23","-9","0","0","0","0","0"
"F9","10/28/2024","2341","N615FR","LAX","06:00","05:55","-5","0","0","0","0","0"
"F9","10/28/2024","2348","N620FR","IND","16:53","16:49","-4","0","0","0","0","0"
"F9","10/28/2024","2356","N653FR","SAT","07:00","07:00","0","0","0","0","0","0"
"F9","10/28/2024","2374","N343FR","TYS","13:49","13:48","-1","0","0","0","0","0"
"F9","10/28/2024","2421","N710FR","SAN","18:01","18:23","22","0","0","0","0","20"
"F9","10/28/2024","2440","N376FR","RDU","15:00","14:44","-16","0","0","0","0","0"
"F9","10/28/2024","2632","N648FR","DFW","18:06","18:04","-2","0","0","0","0","0"
"F9","10/28/2024","2687","N328FR","PDX","22:12","22:07","-5","0","0","0","0","0"
"F9","10/28/2024","2706","N648FR","BWI","08:02","08:09","7","7","0","12","0","0"
"F9","10/28/2024","2746","N653FR","TPA","13:38","13:37","-1","0","0","0","0","0"
"F9","10/28/2024","2752","N236FR","BUF","13:21","13:17","-4","0","0","0","0","0"
"F9","10/28/2024","2817","N723FR","SAN","05:35","05:35","0","0","0","0","0","0"
"F9","10/28/2024","2890","N388FR","AUS","16:10","16:11","1","0","0","0","0","0"
"F9","10/28/2024","2986","N343FR","CLT","05:01","04:51","-10","0","0","0","0","0"
"F9","10/28/2024","3101","N640FR","MSO","14:34","14:25","-9","0","0","0","0","0"
"F9","10/28/2024","3155","N633FR","LAX","14:05","14:03","-2","0","0","0","0","0"
"F9","10/28/2024","3162","N651FR","LGA","15:15","15:23","8","0","0","0","0","0"
"F9","10/28/2024","3172","N633FR","ORD","21:19","21:31","12","0","0","0","0","0"
"F9","10/28/2024","3206","N384FR","IAH","09:25","09:18","-7","0","0","0","0","0"
"F9","10/28/2024","3286","N370FR","CVG","08:35","08:29","-6","0","0","0","0","0"
"F9","10/28/2024","3294","N653FR","ATL","23:49","23:40","-9","0","0","0","0","0"
"F9","10/28/2024","3312","N309FR","MCO","11:16","11:06","-10","0","0","0","0","0"
"F9","10/28/2024","3340","N317FR","PHL","23:59","23:47","-12","0","0","0","0","0"
"F9","10/28/2024","3405","N361FR","SEA","18:41","18:31","-10","0","0","0","0","0"
"F9","10/28/2024","3439","N615FR","SFO","22:26","22:48","22","22","0","4","0","0"
"F9","10/28/2024","3467","N346FR","PHX","22:34","22:34","0","0","0","0","0","0"
"F9","10/28/2024","3539","N605FR","LAS","22:45","22:33","-12","0","0","0","0","0"
"F9","10/28/2024","3566","N638FR","DTW","06:10","06:01","-9","0","0","0","0","0"
"F9","10/28/2024","3665","N615FR","SMF","12:59","12:49","-10","0","0","0","0","0"
"F9","10/28/2024","3843","N384FR","LAS","16:57","16:48","-9","0","0","0","0","0"
"F9","10/28/2024","3861","N377FR","SLC","06:25","06:27","2","0","0","0","0","0"
"F9","10/28/2024","3930","N723FR","PNS","15:04","14:56","-8","0","0","0","0","0"
"F9","10/28/2024","3981","N377FR","SLC","11:33","11:32","-1","0","0","0","0","0"
"F9","10/28/2024","4070","N644FR","DFW","11:36","11:29","-7","0","0","0","0","0"
"F9","10/28/2024","4251","N337FR","SLC","14:34","14:57","23","0","0","0","0","20"
"F9","10/28/2024","4344","N717FR","XNA","10:11","10:07","-4","0","0","0","0","0"
"F9","10/28/2024","4371","N328FR","SNA","09:18","09:20","2","0","0","0","0","0"
"F9","10/28/2024","4386","N630FR","CID","10:50","10:37","-13","0","0","0","0","0"
"F9","10/28/2024","4464","N366FR","DFW","07:22","07:12","-10","0","0","0","0","0"
"F9","10/28/2024","4478","N343FR","STL","21:31","21:21","-10","0","0","0","0","0"
"F9","10/28/2024","4576","N638FR","CMH","14:27","14:23","-4","0","0","0","0","0"
"F9","10/28/2024","4611","N303FR","LAS","18:57","19:42","45","26","0","21","0","19"
"F9","10/28/2024","4626","N651FR","MEM","08:14","08:26","12","0","0","0","0","0"
"F9","10/28/2024","4721","N396FR","SLC","22:26","22:33","7","0","0","10","0","7"
"F9","10/28/2024","4765","N655FR","PHX","19:17","19:08","-9","0","0","0","0","0"
"F9","10/28/2024","4794","N336FR","FAR","12:11","12:14","3","0","0","0","0","0"
"F9","10/28/2024","4856","N369FR","IAH","20:50","20:46","-4","0","0","0","0","0"
"F9","10/28/2024","4917","N655FR","SJC","09:12","09:05","-7","0","0","0","0","0"
"F9","10/28/2024","4920","N388FR","MCO","06:00","05:54","-6","0","0","0","0","0"
"F9","10/28/2024","4989","N358FR","SAN","20:01","20:12","11","0","0","12","0","11"
"F9","10/29/2024","0686","N324FR","DCA","06:41","06:59","18","0","0","0","0","0"
"F9","10/29/2024","0688","N328FR","DCA","11:34","11:28","-6","0","0","0","0","0"
"F9","10/29/2024","0690","N372FR","DCA","16:35","17:11","36","0","0","0","0","0"
"F9","10/29/2024","1093","N651FR","SFO","11:00","10:57","-3","0","0","0","0","0"
"F9","10/29/2024","1114","N649FR","TPA","23:59","23:53","-6","0","0","0","0","0"
"F9","10/29/2024","1128","N615FR","OMA","10:50","10:47","-3","0","0","0","0","0"
"F9","10/29/2024","1150","N653FR","MSP","08:55","08:44","-11","0","0","0","0","0"
"F9","10/29/2024","1175","N717FR","SEA","06:00","05:55","-5","0","0","0","0","0"
"F9","10/29/2024","1261","N649FR","ONT","08:45","08:43","-2","0","0","0","0","0"
"F9","10/29/2024","1269","N375FR","SEA","17:17","17:17","0","0","0","0","0","0"
"F9","10/29/2024","1275","N236FR","SAN","17:12","17:53","41","34","0","0","0","1"
"F9","10/29/2024","1362","N620FR","CLT","13:11","13:13","2","0","0","0","0","0"
"F9","10/29/2024","1375","N605FR","PHX","07:00","06:50","-10","0","0","0","0","0"
"F9","10/29/2024","1402","N709FR","BNA","12:26","12:28","2","0","0","0","0","0"
"F9","10/29/2024","1450","N323FR","ATL","12:35","14:34","119","0","0","0","0","97"
"F9","10/29/2024","1499","N640FR","ONT","22:38","22:33","-5","0","0","0","0","0"
"F9","10/29/2024","1560","N610FR","MSN","12:24","12:39","15","0","0","0","0","0"
"F9","10/29/2024","1734","N338FR","MCO","00:20","00:13","-7","0","0","0","0","0"
"F9","10/29/2024","1789","N361FR","PDX","08:28","08:19","-9","0","0","0","0","0"
"F9","10/29/2024","1819","N377FR","PHX","09:51","09:47","-4","0","0","25","0","0"
"F9","10/29/2024","1864","N630FR","OKC","14:23","14:18","-5","0","0","0","0","0"
"F9","10/29/2024","2015","N638FR","LAS","06:00","06:51","51","38","0","0","0","0"
"F9","10/29/2024","2108","N396FR","FSD","10:04","09:53","-11","0","0","0","0","0"
"F9","10/29/2024","2141","N394FR","PHX","13:54","14:03","9","0","0","8","0","9"
"F9","10/29/2024","2148","N238FR","DFW","08:09","08:01","-8","0","0","0","0","0"
"F9","10/29/2024","2210","N363FR","MDW","12:23","12:23","0","0","0","0","0","0"
"F9","10/29/2024","2212","N649FR","DTW","15:40","16:03","23","0","0","0","0","0"
"F9","10/29/2024","2261","N640FR","ELP","15:51","15:44","-7","0","0","0","0","0"
"F9","10/29/2024","2341","N620FR","LAX","06:00","05:55","-5","0","0","0","0","0"
"F9","10/29/2024","2348","N723FR","IND","11:00","10:54","-6","0","0","0","0","0"
"F9","10/29/2024","2356","N630FR","SAT","07:45","07:39","-6","0","0","0","0","0"
"F9","10/29/2024","2429","N361FR","LAS","15:19","15:41","22","0","0","0","0","16"
"F9","10/29/2024","2440","N303FR","RDU","15:13","15:15","2","0","0","0","0","0"
"F9","10/29/2024","2632","N322FR","DFW","18:22","18:11","-11","0","0","0","0","0"
"F9","10/29/2024","2687","N324FR","PDX","22:12","22:07","-5","0","0","0","0","0"
"F9","10/29/2024","2890","N324FR","AUS","15:58","15:49","-9","0","0","0","0","0"
"F9","10/29/2024","3155","N629FR","LAX","14:00","14:21","21","20","0","0","0","0"
"F9","10/29/2024","3162","N653FR","LGA","15:12","15:59","47","0","0","0","0","29"
"F9","10/29/2024","3174","N312FR","ORD","19:42","19:34","-8","0","0","0","0","0"
"F9","10/29/2024","3206","N640FR","IAH","08:36","08:33","-3","0","0","0","0","0"
"F9","10/29/2024","3286","N369FR","CVG","08:35","08:25","-10","0","0","0","0","0"
"F9","10/29/2024","3294","N620FR","ATL","23:49","23:41","-8","0","0","0","0","0"
"F9","10/29/2024","3302","N605FR","STL","20:14","20:04","-10","0","0","0","0","0"
"F9","10/29/2024","3312","N376FR","MCO","13:50","14:00","10","0","0","0","0","0"
"F9","10/29/2024","3340","N317FR","PHL","23:12","23:03","-9","0","0","0","0","0"
"F9","10/29/2024","3376","N717FR","MCI","14:29","14:33","4","0","0","0","0","0"
"F9","10/29/2024","3439","N615FR","SFO","22:26","22:21","-5","0","0","21","0","0"
"F9","10/29/2024","3467","N346FR","PHX","20:03","20:08","5","0","0","0","0","0"
"F9","10/29/2024","3981","N329FR","SLC","11:35","11:38","3","0","0","0","0","0"
"F9","10/29/2024","4070","N388FR","DFW","13:56","16:10","134","134","0","1","0","0"
"F9","10/29/2024","4235","N371FR","SLC","13:59","14:04","5","0","0","0","0","0"
"F9","10/29/2024","4371","N312FR","SNA","09:47","09:41","-6","0","0","0","0","0"
"F9","10/29/2024","4386","N615FR","CID","16:12","16:17","5","0","0","0","0","0"
"F9","10/29/2024","4611","N709FR","LAS","22:42","22:35","-7","0","0","0","0","0"
"F9","10/29/2024","4616","N629FR","MSP","21:15","21:08","-7","0","0","0","0","0"
"F9","10/29/2024","4721","N328FR","SLC","22:26","22:39","13","0","0","0","0","0"
"F9","10/29/2024","4753","N371FR","PHX","22:59","22:50","-9","0","0","0","0","0"
"F9","10/29/2024","4794","N236FR","FAR","11:29","11:15","-14","0","0","0","0","0"
"F9","10/29/2024","4856","N381FR","IAH","20:40","20:31","-9","0","0","0","0","0"
"F9","10/29/2024","4927","N372FR","SAN","09:45","09:45","0","0","0","0","0","0"
"F9","10/29/2024","4967","N651FR","LAS","18:35","18:30","-5","0","0","0","0","0"
"F9","10/30/2024","0686","N236FR","DCA","06:41","06:32","-9","0","0","0","0","0"
"F9","10/30/2024","0688","N324FR","DCA","11:34","11:32","-2","0","0","24","0","0"
"F9","10/30/2024","0690","N303FR","DCA","16:35","16:49","14","8","0","13","0","6"
"F9","10/30/2024","1093","N649FR","SFO","11:00","10:53","-7","0","0","0","0","0"
"F9","10/30/2024","1114","N381FR","TPA","23:59","02:14","135","24","0","0","0","111"
"F9","10/30/2024","1128","N620FR","OMA","10:50","10:50","0","0","0","0","0","0"
"F9","10/30/2024","1150","N653FR","MSP","08:00","07:49","-11","0","0","0","0","0"
"F9","10/30/2024","1175","N717FR","SEA","05:04","04:54","-10","0","0","0","0","0"
"F9","10/30/2024","1228","N372FR","MDW","16:47","16:42","-5","0","0","0","0","0"
"F9","10/30/2024","1261","N633FR","ONT","08:20","08:16","-4","0","0","0","0","0"
"F9","10/30/2024","1292","N717FR","MSP","21:02","21:12","10","0","0","0","0","0"
"F9","10/30/2024","1295","N370FR","SLC","17:01","17:00","-1","0","0","0","0","0"
"F9","10/30/2024","1296","N312FR","ORD","16:36","16:59","23","0","0","0","0","0"
"F9","10/30/2024","1362","N655FR","CLT","13:49","14:01","12","8","0","17","0","4"
"F9","10/30/2024","1375","N396FR","PHX","07:00","06:56","-4","0","0","0","0","0"
"F9","10/30/2024","1450","N706FR","ATL","12:35","13:13","38","31","0","0","0","6"
"F9","10/30/2024","1499","N620FR","ONT","22:38","23:32","54","44","0","0","0","5"
"F9","10/30/2024","1560","N651FR","MSN","13:04","12:57","-7","0","0","0","0","0"
"F9","10/30/2024","1678","N328FR","DSM","15:18","16:15","57","29","0","0","0","20"
"F9","10/30/2024","1734","N713FR","MCO","00:20","00:31","11","0","0","0","0","0"
"F9","10/30/2024","1784","N615FR","BNA","12:26","12:26","0","0","0","0","0","0"
"F9","10/30/2024","1789","N328FR","PDX","08:28","08:16","-12","0","0","0","0","0"
"F9","10/30/2024","1816","N236FR","AUS","15:56","15:49","-7","0","0","0","0","0"
"F9","10/30/2024","1819","N358FR","PHX","09:51","09:51","0","0","0","0","0","0"
"F9","10/30/2024","1864","N303FR","OKC","11:33","11:30","-3","0","0","0","0","0"
"F9","10/30/2024","2015","N709FR","LAS","06:00","05:59","-1","0","0","0","0","0"
"F9","10/30/2024","2108","N329FR","FSD","10:02","09:55","-7","0","0","0","0","0"
"F9","10/30/2024","2141","N337FR","PHX","13:54","14:13","19","0","0","7","0","19"
"F9","10/30/2024","2210","N363FR","MDW","12:28","12:22","-6","0","0","0","0","0"
"F9","10/30/2024","2212","N381FR","DTW","15:40","15:37","-3","0","0","0","0","0"
"F9","10/30/2024","2261","N629FR","ELP","08:35","08:29","-6","0","0","0","0","0"
"F9","10/30/2024","2341","N651FR","LAX","06:00","05:53","-7","0","0","0","0","0"
"F9","10/30/2024","2348","N705FR","IND","08:00","07:51","-9","0","0","0","0","0"
"F9","10/30/2024","2356","N655FR","SAT","07:10","07:02","-8","0","0","0","0","0"
"F9","10/30/2024","2374","N610FR","TYS","13:46","14:13","27","27","0","19","0","0"
"F9","10/30/2024","2429","N329FR","LAS","15:19","15:25","6","0","0","0","0","0"
"F9","10/30/2024","2440","N375FR","RDU","15:11","15:04","-7","0","0","0","0","0"
"F9","10/30/2024","2632","N396FR","DFW","18:17","19:47","90","90","0","8","0","0"
"F9","10/30/2024","2687","N236FR","PDX","22:12","22:25","13","0","0","0","0","0"
"F9","10/30/2024","3155","N717FR","LAX","14:00","13:56","-4","0","0","0","0","0"
"F9","10/30/2024","3162","N633FR","LGA","15:11","15:29","18","0","0","0","0","18"
"F9","10/30/2024","3230","N611FR","IAH","08:25","08:18","-7","0","0","0","0","0"
"F9","10/30/2024","3286","N336FR","CVG","08:35","08:25","-10","0","0","0","0","0"
"F9","10/30/2024","3294","N723FR","ATL","23:49","00:33","44","44","0","23","0","0"
"F9","10/30/2024","3312","N310FR","MCO","12:45","12:37","-8","0","0","36","0","0"
"F9","10/30/2024","3340","N344FR","PHL","23:57","00:05","8","0","0","0","0","0"
"F9","10/30/2024","3376","N640FR","MCI","12:29","12:20","-9","0","0","0","0","0"
"F9","10/30/2024","3405","N630FR","SEA","17:23","17:42","19","0","0","0","0","0"
"F9","10/30/2024","3439","N610FR","SFO","22:26","23:10","44","0","0","3","0","44"
"F9","10/30/2024","3467","N337FR","PHX","20:03","21:13","70","66","0","0","0","0"
"F9","10/30/2024","3539","N324FR","LAS","22:45","22:46","1","0","0","0","0","0"
"F9","10/30/2024","3930","N653FR","PNS","14:19","14:47","28","0","0","0","0","0"
"F9","10/30/2024","3981","N372FR","SLC","11:25","11:11","-14","0","0","0","0","0"
"F9","10/30/2024","4070","N313FR","DFW","13:56","13:52","-4","0","0","25","0","0"
"F9","10/30/2024","4235","N394FR","SLC","14:00","14:17","17","0","0","0","0","0"
"F9","10/30/2024","4344","N705FR","XNA","15:29","15:47","18","0","0","32","0","18"
"F9","10/30/2024","4371","N370FR","SNA","09:47","09:45","-2","0","0","0","0","0"
"F9","10/30/2024","4386","N620FR","CID","16:12","16:03","-9","0","0","0","0","0"
"F9","10/30/2024","4464","N344FR","DFW","08:09","07:59","-10","0","0","0","0","0"
"F9","10/30/2024","4478","N328FR","STL","20:44","22:36","112","0","0","49","0","112"
"F9","10/30/2024","4626","N381FR","MEM","08:37","08:30","-7","0","0","0","0","0"
"F9","10/30/2024","4753","N394FR","PHX","22:59","23:22","23","20","0","0","0","0"
"F9","10/30/2024","4794","N629FR","FAR","14:29","14:19","-10","0","0","0","0","0"
"F9","10/30/2024","4856","N343FR","IAH","20:40","21:31","51","0","0","0","0","34"
"F9","10/30/2024","4927","N630FR","SAN","10:16","10:14","-2","0","0","0","0","0"
"F9","10/30/2024","4967","N649FR","LAS","18:35","18:30","-5","0","0","0","0","0"
"F9","10/30/2024","4989","N611FR","SAN","16:40","16:51","11","0","0","0","0","0"
"F9","10/31/2024","0686","N343FR","DCA","06:41","07:21","40","0","0","0","0","15"
"F9","10/31/2024","0688","N236FR","DCA","11:34","11:25","-9","0","0","0","0","0"
"F9","10/31/2024","0690","N375FR","DCA","16:35","21:07","272","261","0","0","0","0"
"F9","10/31/2024","1093","N372FR","SFO","11:43","11:42","-1","0","0","0","0","0"
"F9","10/31/2024","1114","N629FR","TPA","23:59","00:05","6","0","0","0","0","0"
"F9","10/31/2024","1128","N375FR","OMA","11:33","11:23","-10","0","0","0","0","0"
"F9","10/31/2024","1150","N633FR","MSP","05:15","05:04","-11","0","0","0","0","0"
"F9","10/31/2024","1162","N233FR","HOU","08:28","09:45","77","70","0","0","0","0"
"F9","10/31/2024","1175","N712FR","SEA","06:05","06:05","0","0","0","19","0","0"
"F9","10/31/2024","1228","N233FR","MDW","15:29","16:18","49","0","0","0","0","36"
"F9","10/31/2024","1248","N343FR","GRR","15:56","16:01","5","0","0","0","0","0"
"F9","10/31/2024","1261","N630FR","ONT","06:00","05:54","-6","0","0","0","0","0"
"F9","10/31/2024","1280","N644FR","MIA","18:01","18:04","3","0","0","0","0","0"
"F9","10/31/2024","1324","N640FR","DFW","05:01","05:02","1","0","0","0","0","0"
"F9","10/31/2024","1362","N331FR","CLT","13:49","14:49","60","17","0","0","0","21"
"F9","10/31/2024","1375","N372FR","PHX","06:00","06:15","15","0","15","11","0","0"
"F9","10/31/2024","1402","N611FR","BNA","06:10","06:05","-5","0","0","34","0","0"
"F9","10/31/2024","1450","N649FR","ATL","14:29","14:49","20","20","0","11","0","0"
"F9","10/31/2024","1484","N649FR","ORD","06:55","06:47","-8","0","0","0","0","0"
"F9","10/31/2024","1499","N651FR","ONT","21:41","21:59","18","0","0","0","0","0"
"F9","10/31/2024","1560","N705FR","MSN","13:29","13:35","6","0","0","0","0","0"
"F9","10/31/2024","1608","N336FR","MKE","07:55","08:13","18","0","0","0","0","0"
"F9","10/31/2024","1678","N336FR","DSM","14:50","14:43","-7","0","0","0","0","0"
"F9","10/31/2024","1734","N378FR","MCO","00:20","06:00","340","340","0","58","0","0"
"F9","10/31/2024","1752","N372FR","CVG","18:29","18:51","22","8","0","0","0","13"
"F9","10/31/2024","1784","N630FR","BNA","15:27","15:27","0","0","0","0","0","0"
"F9","10/31/2024","1789","N385FR","PDX","16:18","16:19","1","0","0","0","0","0"
"F9","10/31/2024","1816","N311FR","AUS","06:20","06:16","-4","0","0","0","0","0"
"F9","10/31/2024","1819","N346FR","PHX","09:11","09:03","-8","0","0","0","0","0"
"F9","10/31/2024","1864","N390FR","OKC","12:43","14:01","78","0","0","0","0","66"
"F9","10/31/2024","1918","N653FR","CLE","13:35","13:43","8","0","0","0","0","0"
"F9","10/31/2024","1993","N385FR","LAS","10:15","10:25","10","0","0","0","0","0"
"F9","10/31/2024","2015","N651FR","LAS","06:45","06:52","7","7","0","30","0","0"
"F9","10/31/2024","2108","N303FR","FSD","10:04","10:13","9","0","0","0","0","0"
"F9","10/31/2024","2141","N334FR","PHX","14:22","14:35","13","0","0","0","0","0"
"F9","10/31/2024","2226","N615FR","RDU","07:30","07:25","-5","0","0","0","0","0"
"F9","10/31/2024","2261","N713FR","ELP","08:35","08:57","22","0","0","0","0","16"
"F9","10/31/2024","2341","N653FR","LAX","06:00","05:58","-2","0","0","27","0","0"
"F9","10/31/2024","2348","N620FR","IND","10:57","10:48","-9","0","0","0","0","0"
"F9","10/31/2024","2356","N629FR","SAT","16:09","16:55","46","0","0","0","0","40"
"F9","10/31/2024","2360","N331FR","MSY","06:00","06:02","2","2","0","27","0","0"
"F9","10/31/2024","2440","N303FR","RDU","15:13","15:36","23","0","0","0","0","0"
"F9","10/31/2024","2632","N640FR","DFW","18:12","18:16","4","0","0","0","0","0"
"F9","10/31/2024","2687","N653FR","PDX","22:14","22:18","4","0","0","0","0","0"
"F9","10/31/2024","2706","N710FR","BWI","15:04","15:11","7","0","0","0","0","0"
"F9","10/31/2024","2746","N712FR","TPA","14:10","14:06","-4","0","0","0","0","0"
"F9","10/31/2024","2817","N710FR","SAN","05:35","05:25","-10","0","0","22","0","0"
"F9","10/31/2024","2890","N633FR","AUS","17:33","17:35","2","0","0","0","0","0"
"F9","10/31/2024","3155","N611FR","LAX","13:59","14:36","37","15","0","6","0","22"
"F9","10/31/2024","3162","N655FR","LGA","15:16","15:39","23","0","0","0","0","0"
"F9","10/31/2024","3172","N307FR","ORD","20:39","20:40","1","0","0","0","0","0"
"F9","10/31/2024","3230","N334FR","IAH","05:05","04:56","-9","0","0","0","0","0"
"F9","10/31/2024","3286","N374FR","CVG","08:45","08:40","-5","0","0","0","0","0"
"F9","10/31/2024","3294","N630FR","ATL","23:30","00:17","47","26","0","0","0","0"
"F9","10/31/2024","3302","N336FR","STL","20:16","20:17","1","0","0","0","0","0"
"F9","10/31/2024","3312","N604FR","MCO","09:17","09:11","-6","0","0","0","0","0"
"F9","10/31/2024","3340","N309FR","PHL","23:59","00:09","10","0","0","0","0","0"
"F9","10/31/2024","3376","N620FR","MCI","18:29","18:19","-10","0","0","0","0","0"
"F9","10/31/2024","3405","N717FR","SEA","18:42","18:47","5","0","0","0","0","0"
"F9","10/31/2024","3439","N705FR","SFO","22:26","22:28","2","0","0","0","0","0"
"F9","10/31/2024","3467","N362FR","PHX","18:02","17:52","-10","0","0","0","0","0"
"F9","10/31/2024","3566","N705FR","DTW","05:15","05:21","6","6","0","25","0","0"
"F9","10/31/2024","3665","N631FR","SMF","13:08","13:10","2","0","0","0","0","0"
"F9","10/31/2024","3930","N651FR","PNS","13:11","13:20","9","0","0","0","0","0"
"F9","10/31/2024","3949","N631FR","LAS","22:45","22:48","3","0","0","0","0","0"
"F9","10/31/2024","3981","N610FR","SLC","10:50","10:45","-5","0","0","0","0","0"
"F9","10/31/2024","4070","N640FR","DFW","11:42","11:38","-4","0","0","0","0","0"
"F9","10/31/2024","4251","N615FR","SLC","17:05","17:08","3","0","0","0","0","0"
"F9","10/31/2024","4344","N633FR","XNA","11:31","11:24","-7","0","0","0","0","0"
"F9","10/31/2024","4371","N311FR","SNA","11:55","13:06","71","14","0","0","0","48"
"F9","10/31/2024","4374","N655FR","PIT","06:31","06:21","-10","0","0","34","0","0"
"F9","10/31/2024","4386","N610FR","CID","16:12","16:02","-10","0","0","0","0","0"
"F9","10/31/2024","4464","N370FR","DFW","08:08","08:04","-4","0","0","0","0","0"
"F9","10/31/2024","4611","N609FR","LAS","20:45","21:43","58","0","0","0","0","55"
"F9","10/31/2024","4616","N713FR","MSP","21:15","21:15","0","0","0","0","0","0"
"F9","10/31/2024","4721","N236FR","SLC","22:26","22:26","0","0","0","0","0","0"
"F9","10/31/2024","4753","N346FR","PHX","22:38","22:29","-9","0","0","0","0","0"
"F9","10/31/2024","4776","N713FR","LIT","14:29","14:55","26","0","0","0","0","0"
"F9","10/31/2024","4794","N631FR","FAR","07:10","07:04","-6","0","0","0","0","0"
"F9","10/31/2024","4856","N312FR","IAH","20:40","20:33","-7","0","0","0","0","0"
"F9","10/31/2024","4917","N717FR","SJC","09:12","09:10","-2","0","0","0","0","0"
"F9","10/31/2024","4920","N629FR","MCO","06:05","06:02","-3","0","0","52","0","0"
"F9","10/31/2024","4927","N358FR","SAN","19:56","20:05","9","0","0","0","0","0"
"F9","10/31/2024","4967","N311FR","LAS","18:45","19:17","32","0","0","0","0","30"
"F9","10/31/2024","4989","N390FR","SAN","17:55","18:40","45","2","0","0","0","34"
"F9","11/01/2024","0686","N341FR","DCA","06:41","06:38","-3","0","0","0","0","0"
"F9","11/01/2024","0688","N303FR","DCA","11:34","11:26","-8","0","0","0","0","0"
"F9","11/01/2024","0690","N343FR","DCA","16:35","16:34","-1","0","0","0","0","0"
"F9","11/01/2024","1093","N372FR","SFO","17:47","17:55","8","8","0","12","0","0"
"F9","11/01/2024","1114","N720FR","TPA","23:59","00:08","9","0","0","0","0","0"
"F9","11/01/2024","1150","N610FR","MSP","06:03","06:02","-1","0","0","0","0","0"
"F9","11/01/2024","1162","N341FR","HOU","15:56","15:56","0","0","0","0","0","0"
"F9","11/01/2024","1175","N233FR","SEA","06:05","06:06","1","0","0","0","0","0"
"F9","11/01/2024","1228","N334FR","MDW","19:46","20:22","36","0","0","0","0","21"
"F9","11/01/2024","1248","N649FR","GRR","15:29","15:41","12","0","0","0","0","0"
"F9","11/01/2024","1261","N649FR","ONT","06:00","06:43","43","30","0","0","0","0"
"F9","11/01/2024","1280","N610FR","MIA","18:01","18:08","7","0","0","0","0","0"
"F9","11/01/2024","1292","N633FR","MSP","21:15","21:02","-13","0","0","0","0","0"
"F9","11/01/2024","1324","N706FR","DFW","05:05","05:00","-5","0","0","0","0","0"
"F9","11/01/2024","1362","N715FR","CLT","14:24","14:22","-2","0","0","0","0","0"
"F9","11/01/2024","1378","N375FR","MCI","09:54","10:28","34","0","0","0","0","24"
"F9","11/01/2024","1402","N311FR","BNA","06:20","06:33","13","0","0","0","0","0"
"F9","11/01/2024","1450","N722FR","ATL","10:14","10:30","16","0","0","0","0","0"
"F9","11/01/2024","1484","N715FR","ORD","06:50","06:51","1","0","0","0","0","0"
"F9","11/01/2024","1499","N230FR","ONT","22:38","22:30","-8","0","0","0","0","0"
"F9","11/01/2024","1560","N311FR","MSN","13:47","13:46","-1","0","0","0","0","0"
"F9","11/01/2024","1608","N653FR","MKE","10:45","10:35","-10","0","0","0","0","0"
"F9","11/01/2024","1678","N375FR","DSM","15:16","15:36","20","0","0","0","0","0"
"F9","11/01/2024","1734","N385FR","MCO","00:59","01:18","19","0","0","0","0","0"
"F9","11/01/2024","1784","N651FR","BNA","16:21","16:25","4","0","0","0","0","0"
"F9","11/01/2024","1789","N361FR","PDX","06:00","07:24","84","71","0","0","0","0"
"F9","11/01/2024","1819","N366FR","PHX","08:51","08:58","7","0","0","0","0","0"
"F9","11/01/2024","1864","N610FR","OKC","12:19","12:13","-6","0","0","0","0","0"
"F9","11/01/2024","1874","N304FR","OMA","17:35","17:30","-5","0","0","0","0","0"
"F9","11/01/2024","1918","N620FR","CLE","05:15","05:08","-7","0","0","0","0","0"
"F9","11/01/2024","1993","N631FR","LAS","10:12","10:09","-3","0","0","0","0","0"
"F9","11/01/2024","2015","N390FR","LAS","06:00","05:59","-1","0","0","0","0","0"
"F9","11/01/2024","2105","N391FR","PHX","16:50","16:51","1","0","0","0","0","0"
"F9","11/01/2024","2108","N711FR","FSD","17:11","18:27","76","66","0","0","0","0"
"F9","11/01/2024","2210","N238FR","MDW","08:40","10:07","87","0","0","0","0","75"
"F9","11/01/2024","2212","N710FR","DTW","16:16","16:17","1","0","0","0","0","0"
"F9","11/01/2024","2261","N640FR","ELP","16:41","16:37","-4","0","0","0","0","0"
"F9","11/01/2024","2341","N655FR","LAX","06:00","05:59","-1","0","0","28","0","0"
"F9","11/01/2024","2348","N640FR","IND","09:10","09:02","-8","0","0","0","0","0"
"F9","11/01/2024","2356","N611FR","SAT","07:00","06:56","-4","0","0","0","0","0"
"F9","11/01/2024","2374","N620FR","TYS","13:47","13:54","7","0","0","0","0","0"
"F9","11/01/2024","2421","N706FR","SAN","18:01","19:39","98","76","0","0","0","0"
"F9","11/01/2024","2440","N312FR","RDU","15:13","15:10","-3","0","0","0","0","0"
"F9","11/01/2024","2632","N630FR","DFW","18:55","18:46","-9","0","0","0","0","0"
"F9","11/01/2024","2706","N372FR","BWI","08:12","08:11","-1","0","0","0","0","0"
"F9","11/01/2024","2746","N717FR","TPA","15:04","14:58","-6","0","0","0","0","0"
"F9","11/01/2024","2752","N361FR","BUF","13:32","14:19","47","14","0","0","0","11"
"F9","11/01/2024","2817","N717FR","SAN","05:35","05:33","-2","0","0","0","0","0"
"F9","11/01/2024","2890","N712FR","AUS","16:09","16:07","-2","0","0","0","0","0"
"F9","11/01/2024","2986","N230FR","CLT","05:01","05:03","2","2","0","19","0","0"
"F9","11/01/2024","3101","N633FR","MSO","14:53","14:51","-2","0","0","0","0","0"
"F9","11/01/2024","3155","N233FR","LAX","14:00","13:59","-1","0","0","0","0","0"
"F9","11/01/2024","3162","N713FR","LGA","15:16","15:26","10","0","0","0","0","0"
"F9","11/01/2024","3172","N634FR","ORD","21:24","23:11","107","56","0","0","0","28"
"F9","11/01/2024","3230","N710FR","IAH","09:00","08:58","-2","0","0","0","0","0"
"F9","11/01/2024","3286","N236FR","CVG","08:30","09:01","31","0","0","0","0","0"
"F9","11/01/2024","3294","N655FR","ATL","23:49","23:47","-2","0","0","0","0","0"
"F9","11/01/2024","3312","N385FR","MCO","10:43","10:52","9","0","0","0","0","0"
"F9","11/01/2024","3340","N649FR","PHL","23:59","00:02","3","0","0","0","0","0"
"F9","11/01/2024","3405","N318FR","SEA","18:15","18:05","-10","0","0","0","0","0"
"F9","11/01/2024","3439","N711FR","SFO","22:34","23:47","73","0","0","0","0","70"
"F9","11/01/2024","3467","N303FR","PHX","20:51","20:44","-7","0","0","0","0","0"
"F9","11/01/2024","3539","N640FR","LAS","22:45","22:43","-2","0","0","0","0","0"
"F9","11/01/2024","3566","N633FR","DTW","06:30","06:37","7","0","0","0","0","0"
"F9","11/01/2024","3665","N655FR","SMF","13:05","13:16","11","0","0","0","0","0"
"F9","11/01/2024","3843","N644FR","LAS","18:38","18:42","4","0","0","0","0","0"
"F9","11/01/2024","3861","N343FR","SLC","06:20","06:10","-10","0","0","0","0","0"
"F9","11/01/2024","3930","N230FR","PNS","13:49","14:25","36","3","0","0","0","26"
"F9","11/01/2024","3981","N343FR","SLC","11:33","11:33","0","0","0","0","0","0"
"F9","11/01/2024","4070","N706FR","DFW","11:36","11:26","-10","0","0","0","0","0"
"F9","11/01/2024","4235","N366FR","SLC","14:34","14:33","-1","0","0","0","0","0"
"F9","11/01/2024","4344","N651FR","XNA","10:16","10:08","-8","0","0","0","0","0"
"F9","11/01/2024","4349","N304FR","PDX","22:32","22:30","-2","0","0","0","0","0"
"F9","11/01/2024","4371","N312FR","SNA","08:28","08:25","-3","0","0","0","0","0"
"F9","11/01/2024","4386","N705FR","CID","10:50","13:03","133","0","0","0","0","110"
"F9","11/01/2024","4464","N637FR","DFW","07:14","07:30","16","0","0","2","0","16"
"F9","11/01/2024","4478","N375FR","STL","20:42","20:57","15","0","0","0","0","0"
"F9","11/01/2024","4562","N653FR","MSY","18:02","18:04","2","0","0","0","0","0"
"F9","11/01/2024","4576","N611FR","CMH","13:38","13:29","-9","0","0","0","0","0"
"F9","11/01/2024","4611","N233FR","LAS","20:45","20:36","-9","0","0","0","0","0"
"F9","11/01/2024","4626","N713FR","MEM","08:15","08:34","19","0","0","0","0","0"
"F9","11/01/2024","4721","N361FR","SLC","22:26","22:21","-5","0","0","0","0","0"
"F9","11/01/2024","4753","N341FR","PHX","22:59","22:51","-8","0","0","0","0","0"
"F9","11/01/2024","4765","N722FR","PHX","18:51","19:12","21","0","0","0","0","0"
"F9","11/01/2024","4794","N304FR","FAR","12:07","11:56","-11","0","0","0","0","0"
"F9","11/01/2024","4856","N386FR","IAH","20:40","20:31","-9","0","0","0","0","0"
"F9","11/01/2024","4917","N630FR","SJC","09:25","09:33","8","8","0","7","0","0"
"F9","11/01/2024","4920","N712FR","MCO","06:05","06:23","18","18","0","5","0","0"
"F9","11/01/2024","4989","N377FR","SAN","20:01","20:35","34","34","0","1","0","0"
"F9","11/02/2024","0686","N318FR","DCA","06:41","06:33","-8","0","0","0","0","0"
"F9","11/02/2024","0688","N391FR","DCA","11:34","11:35","1","0","0","0","0","0"
"F9","11/02/2024","0690","N318FR","DCA","16:35","17:34","59","59","0","8","0","0"
"F9","11/02/2024","1093","N633FR","SFO","11:00","10:53","-7","0","0","0","0","0"
"F9","11/02/2024","1114","N611FR","TPA","23:59","23:59","0","0","0","36","0","0"
"F9","11/02/2024","1128","N711FR","OMA","10:54","10:49","-5","0","0","0","0","0"
"F9","11/02/2024","1150","N722FR","MSP","08:00","07:53","-7","0","0","0","0","0"
"F9","11/02/2024","1175","N611FR","SEA","06:00","05:50","-10","0","0","0","0","0"
"F9","11/02/2024","1248","N650FR","GRR","14:28","14:19","-9","0","0","0","0","0"
"F9","11/02/2024","1261","N233FR","ONT","06:00","05:58","-2","0","0","0","0","0"
"F9","11/02/2024","1292","N722FR","MSP","21:16","21:10","-6","0","0","0","0","0"
"F9","11/02/2024","1362","N611FR","CLT","14:05","13:58","-7","0","0","0","0","0"
"F9","11/02/2024","1375","N366FR","PHX","12:15","12:05","-10","0","0","0","0","0"
"F9","11/02/2024","1410","N339FR","MIA","10:18","10:28","10","0","0","0","0","0"
"F9","11/02/2024","1436","N335FR","DFW","17:45","17:59","14","0","0","7","0","14"
"F9","11/02/2024","1450","N372FR","ATL","11:58","12:11","13","0","0","0","0","0"
"F9","11/02/2024","1467","N620FR","SAN","16:56","17:58","62","34","0","0","0","21"
"F9","11/02/2024","1499","N396FR","ONT","22:38","22:37","-1","0","0","0","0","0"
"F9","11/02/2024","1560","N382FR","MSN","10:35","10:40","5","0","0","0","0","0"
"F9","11/02/2024","1678","N233FR","DSM","14:57","15:04","7","0","0","0","0","0"
"F9","11/02/2024","1734","N604FR","MCO","00:59","00:54","-5","0","0","0","0","0"
"F9","11/02/2024","1784","N710FR","BNA","12:26","12:57","31","0","0","0","0","29"
"F9","11/02/2024","1789","N386FR","PDX","08:25","08:32","7","0","0","0","0","0"
"F9","11/02/2024","1819","N341FR","PHX","09:51","09:52","1","0","0","0","0","0"
"F9","11/02/2024","1864","N655FR","OKC","09:22","09:46","24","0","0","13","0","24"
"F9","11/02/2024","1993","N304FR","LAS","10:09","10:20","11","0","0","0","0","0"
"F9","11/02/2024","2015","N651FR","LAS","06:00","05:54","-6","0","0","0","0","0"
"F9","11/02/2024","2105","N336FR","PHX","19:00","19:34","34","0","0","0","0","33"
"F9","11/02/2024","2108","N343FR","FSD","10:04","10:04","0","0","0","0","0","0"
"F9","11/02/2024","2141","N346FR","PHX","14:45","14:38","-7","0","0","0","0","0"
"F9","11/02/2024","2148","N311FR","DFW","08:43","08:49","6","6","0","39","0","0"
"F9","11/02/2024","2210","N312FR","MDW","12:00","12:01","1","0","0","0","0","0"
"F9","11/02/2024","2212","N631FR","DTW","15:36","15:31","-5","0","0","0","0","0"
"F9","11/02/2024","2261","N650FR","ELP","08:35","08:31","-4","0","0","0","0","0"
"F9","11/02/2024","2341","N710FR","LAX","06:00","06:00","0","0","0","0","0","0"
"F9","11/02/2024","2348","N645FR","IND","11:30","11:33","3","0","0","0","0","0"
"F9","11/02/2024","2356","N706FR","SAT","07:00","06:59","-1","0","0","0","0","0"
"F9","11/02/2024","2429","N711FR","LAS","16:33","16:30","-3","0","0","0","0","0"
"F9","11/02/2024","2440","N343FR","RDU","15:13","15:11","-2","0","0","0","0","0"
"F9","11/02/2024","2550","N230FR","DFW","21:16","21:09","-7","0","0","0","0","0"
"F9","11/02/2024","2687","N386FR","PDX","22:12","22:17","5","0","0","0","0","0"
"F9","11/02/2024","2817","N653FR","SAN","09:50","09:47","-3","0","0","0","0","0"
"F9","11/02/2024","2890","N386FR","AUS","15:56","15:47","-9","0","0","0","0","0"
"F9","11/02/2024","3155","N706FR","LAX","14:00","13:50","-10","0","0","0","0","0"
"F9","11/02/2024","3162","N655FR","LGA","15:09","15:39","30","0","0","0","0","0"
"F9","11/02/2024","3174","N648FR","ORD","19:42","20:02","20","0","0","0","0","0"
"F9","11/02/2024","3206","N631FR","IAH","08:25","08:25","0","0","0","21","0","0"
"F9","11/02/2024","3286","N376FR","CVG","08:50","09:02","12","0","0","0","0","0"
"F9","11/02/2024","3294","N715FR","ATL","23:34","23:22","-12","0","0","0","0","0"
"F9","11/02/2024","3312","N385FR","MCO","13:54","13:55","1","0","0","0","0","0"
"F9","11/02/2024","3340","N361FR","PHL","23:57","23:58","1","0","0","0","0","0"
"F9","11/02/2024","3376","N361FR","MCI","16:57","17:01","4","0","0","0","0","0"
"F9","11/02/2024","3405","N651FR","SEA","18:42","18:42","0","0","0","0","0","0"
"F9","11/02/2024","3439","N650FR","SFO","22:45","22:37","-8","0","0","0","0","0"
"F9","11/02/2024","3539","N706FR","LAS","22:45","22:34","-11","0","0","0","0","0"
"F9","11/02/2024","3665","N715FR","SMF","13:30","13:23","-7","0","0","0","0","0"
"F9","11/02/2024","3843","N633FR","LAS","18:35","18:25","-10","0","0","0","0","0"
"F9","11/02/2024","3930","N361FR","PNS","08:54","08:49","-5","0","0","20","0","0"
"F9","11/02/2024","3981","N651FR","SLC","11:33","12:43","70","0","0","0","0","61"
"F9","11/02/2024","4070","N311FR","DFW","14:55","15:59","64","25","0","15","0","39"
"F9","11/02/2024","4251","N366FR","SLC","18:31","18:21","-10","0","0","0","0","0"
"F9","11/02/2024","4371","N396FR","SNA","12:27","12:14","-13","0","0","0","0","0"
"F9","11/02/2024","4386","N624FR","CID","16:22","16:12","-10","0","0","0","0","0"
"F9","11/02/2024","4478","N382FR","STL","20:23","20:13","-10","0","0","0","0","0"
"F9","11/02/2024","4721","N391FR","SLC","22:26","22:17","-9","0","0","0","0","0"
"F9","11/02/2024","4753","N311FR","PHX","21:30","22:48","78","0","0","0","0","70"
"F9","11/02/2024","4794","N722FR","FAR","14:14","14:28","14","0","0","0","0","0"
"F9","11/02/2024","4856","N233FR","IAH","20:40","20:36","-4","0","0","0","0","0"
"F9","11/02/2024","4927","N230FR","SAN","12:10","12:00","-10","0","0","0","0","0"
"F9","11/03/2024","0686","N305FR","DCA","06:41","06:35","-6","0","0","0","0","0"
"F9","11/03/2024","0688","N393FR","DCA","11:34","15:29","235","229","0","0","0","0"
"F9","11/03/2024","0690","N343FR","DCA","16:35","17:25","50","35","0","0","0","0"
"F9","11/03/2024","1093","N344FR","SFO","13:35","13:31","-4","0","0","0","0","0"
"F9","11/03/2024","1114","N621FR","TPA","23:59","00:01","2","0","0","0","0","0"
"F9","11/03/2024","1128","N343FR","OMA","11:33","11:24","-9","0","0","0","0","0"
"F9","11/03/2024","1150","N723FR","MSP","19:00","21:40","160","142","0","0","0","0"
"F9","11/03/2024","1162","N318FR","HOU","08:28","09:43","75","0","0","5","0","75"
"F9","11/03/2024","1175","N624FR","SEA","05:55","05:48","-7","0","0","0","0","0"
"F9","11/03/2024","1228","N375FR","MDW","18:25","18:22","-3","0","0","0","0","0"
"F9","11/03/2024","1248","N317FR","GRR","09:54","09:56","2","0","0","0","0","0"
"F9","11/03/2024","1261","N713FR","ONT","06:00","07:02","62","39","0","0","0","0"
"F9","11/03/2024","1280","N645FR","MIA","06:00","07:53","113","113","0","43","0","0"
"F9","11/03/2024","1324","N714FR","DFW","05:15","05:05","-10","0","0","0","0","0"
"F9","11/03/2024","1362","N655FR","CLT","15:07","15:14","7","0","0","0","0","0"
"F9","11/03/2024","1375","N368FR","PHX","06:55","06:44","-11","0","0","0","0","0"
"F9","11/03/2024","1402","N631FR","BNA","06:00","05:43","-17","0","0","0","0","0"
"F9","11/03/2024","1450","N630FR","ATL","13:49","14:02","13","0","0","0","0","0"
"F9","11/03/2024","1484","N633FR","ORD","05:01","04:58","-3","0","0","0","0","0"
"F9","11/03/2024","1490","N717FR","ORD","15:34","18:24","170","0","0","0","0","146"
"F9","11/03/2024","1499","N630FR","ONT","22:32","22:36","4","0","0","0","0","0"
"F9","11/03/2024","1560","N620FR","MSN","12:20","12:06","-14","0","0","0","0","0"
"F9","11/03/2024","1608","N391FR","MKE","08:20","08:15","-5","0","0","0","0","0"
"F9","11/03/2024","1678","N385FR","DSM","14:59","14:51","-8","0","0","0","0","0"
"F9","11/03/2024","1732","N717FR","MCO","05:30","07:45","135","135","0","23","0","0"
"F9","11/03/2024","1734","N336FR","MCO","00:20","01:01","41","0","0","4","0","41"
"F9","11/03/2024","1752","N344FR","CVG","19:39","20:57","78","22","0","0","0","49"
"F9","11/03/2024","1784","N624FR","BNA","14:05","14:03","-2","0","0","0","0","0"
"F9","11/03/2024","1789","N385FR","PDX","07:48","07:38","-10","0","0","0","0","0"
"F9","11/03/2024","1816","N620FR","AUS","05:37","05:24","-13","0","0","0","0","0"
"F9","11/03/2024","1819","N709FR","PHX","10:15","10:21","6","0","0","0","0","0"
"F9","11/03/2024","1864","N611FR","OKC","10:11","10:05","-6","0","0","0","0","0"
"F9","11/03/2024","1918","N611FR","CLE","15:41","15:44","3","0","0","0","0","0"
"F9","11/03/2024","1993","N386FR","LAS","10:35","10:25","-10","0","0","0","0","0"
"F9","11/03/2024","2015","N344FR","LAS","06:45","06:38","-7","0","0","0","0","0"
"F9","11/03/2024","2108","N376FR","FSD","16:53","19:45","172","0","0","0","0","167"
"F9","11/03/2024","2141","N394FR","PHX","14:22","14:39","17","0","0","0","0","0"
"F9","11/03/2024","2212","N318FR","DTW","15:56","17:58","122","0","0","0","0","112"
"F9","11/03/2024","2226","N653FR","RDU","07:30","07:25","-5","0","0","0","0","0"
"F9","11/03/2024","2261","N650FR","ELP","10:50","10:51","1","0","0","0","0","0"
"F9","11/03/2024","2341","N712FR","LAX","06:00","05:58","-2","0","0","0","0","0"
"F9","11/03/2024","2348","N710FR","IND","06:25","06:24","-1","0","0","0","0","0"
"F9","11/03/2024","2356","N305FR","SAT","15:47","15:37","-10","0","0","0","0","0"
"F9","11/03/2024","2360","N630FR","MSY","06:00","05:57","-3","0","0","0","0","0"
"F9","11/03/2024","2421","N312FR","SAN","17:37","18:17","40","24","0","0","0","0"
"F9","11/03/2024","2429","N612FR","LAS","14:59","15:11","12","0","0","0","0","0"
"F9","11/03/2024","2440","N391FR","RDU","15:13","15:11","-2","0","0","0","0","0"
"F9","11/03/2024","2632","N714FR","DFW","18:47","19:57","70","0","0","12","0","70"
"F9","11/03/2024","2706","N713FR","BWI","15:27","15:38","11","0","0","0","0","0"
"F9","11/03/2024","2746","N631FR","TPA","13:47","13:39","-8","0","0","15","0","0"
"F9","11/03/2024","2817","N655FR","SAN","05:38","05:32","-6","0","0","0","0","0"
"F9","11/03/2024","2890","N317FR","AUS","17:14","17:16","2","0","0","0","0","0"
"F9","11/03/2024","3155","N710FR","LAX","13:59","13:53","-6","0","0","0","0","0"
"F9","11/03/2024","3162","N651FR","LGA","15:16","15:13","-3","0","0","0","0","0"
"F9","11/03/2024","3230","N312FR","IAH","05:05","04:58","-7","0","0","0","0","0"
"F9","11/03/2024","3286","N642FR","CVG","08:45","08:57","12","0","0","0","0","0"
"F9","11/03/2024","3294","N650FR","ATL","23:49","23:53","4","4","0","14","0","0"
"F9","11/03/2024","3312","N396FR","MCO","09:07","10:29","82","0","0","0","0","68"
"F9","11/03/2024","3340","N393FR","PHL","23:59","00:20","21","3","0","23","0","18"
"F9","11/03/2024","3376","N620FR","MCI","19:18","20:21","63","43","0","0","0","17"
"F9","11/03/2024","3405","N633FR","SEA","18:40","21:32","172","6","0","0","0","153"
"F9","11/03/2024","3439","N710FR","SFO","22:59","22:51","-8","0","0","0","0","0"
"F9","11/03/2024","3467","N362FR","PHX","20:05","19:58","-7","0","0","0","0","0"
"F9","11/03/2024","3665","N712FR","SMF","13:08","13:04","-4","0","0","0","0","0"
"F9","11/03/2024","3930","N645FR","PNS","16:37","18:50","133","20","0","5","0","113"
"F9","11/03/2024","3949","N712FR","LAS","22:42","22:38","-4","0","0","0","0","0"
"F9","11/03/2024","3981","N722FR","SLC","09:00","08:56","-4","0","0","0","0","0"
"F9","11/03/2024","4070","N722FR","DFW","14:29","14:26","-3","0","0","34","0","0"
"F9","11/03/2024","4235","N653FR","SLC","17:05","17:06","1","0","0","0","0","0"
"F9","11/03/2024","4251","N310FR","SLC","22:26","00:47","141","37","0","0","0","94"
"F9","11/03/2024","4344","N633FR","XNA","12:43","13:41","58","58","0","8","0","0"
"F9","11/03/2024","4349","N624FR","PDX","22:14","21:57","-17","0","0","0","0","0"
"F9","11/03/2024","4371","N368FR","SNA","12:41","12:33","-8","0","0","0","0","0"
"F9","11/03/2024","4374","N651FR","PIT","06:31","06:21","-10","0","0","0","0","0"
"F9","11/03/2024","4386","N650FR","CID","16:46","16:36","-10","0","0","0","0","0"
"F9","11/03/2024","4464","N379FR","DFW","08:08","08:01","-7","0","0","18","0","0"
"F9","11/03/2024","4478","N385FR","STL","20:25","20:41","16","0","0","0","0","15"
"F9","11/03/2024","4616","N722FR","MSP","21:15","21:38","23","0","0","0","0","0"
"F9","11/03/2024","4753","N311FR","PHX","23:19","23:12","-7","0","0","0","0","0"
"F9","11/03/2024","4776","N714FR","LIT","12:01","11:55","-6","0","0","0","0","0"
"F9","11/03/2024","4794","N312FR","FAR","11:55","11:38","-17","0","0","0","0","0"
"F9","11/03/2024","4856","N305FR","IAH","20:47","21:54","67","6","0","3","0","61"
"F9","11/03/2024","4917","N723FR","SJC","09:25","09:11","-14","0","0","0","0","0"
"F9","11/03/2024","4967","N368FR","LAS","19:17","19:21","4","0","0","0","0","0"
"F9","11/03/2024","4989","N303FR","SAN","19:56","20:48","52","0","0","0","0","38"
"F9","11/04/2024","0686","N376FR","DCA","06:41","06:38","-3","0","0","0","0","0"
"F9","11/04/2024","0688","N386FR","DCA","11:34","11:43","9","0","0","0","0","0"
"F9","11/04/2024","0690","N387FR","DCA","16:35","16:26","-9","0","0","0","0","0"
"F9","11/04/2024","1093","N305FR","SFO","17:35","17:34","-1","0","0","0","0","0"
"F9","11/04/2024","1114","N653FR","TPA","23:59","01:46","107","83","0","15","0","24"
"F9","11/04/2024","1162","N310FR","HOU","08:28","08:26","-2","0","0","17","0","0"
"F9","11/04/2024","1175","N633FR","SEA","06:00","05:53","-7","0","0","19","0","0"
"F9","11/04/2024","1228","N382FR","MDW","18:49","18:47","-2","0","0","0","0","0"
"F9","11/04/2024","1248","N620FR","GRR","13:20","13:16","-4","0","0","0","0","0"
"F9","11/04/2024","1261","N712FR","ONT","06:05","06:00","-5","0","0","0","0","0"
"F9","11/04/2024","1292","N611FR","MSP","20:57","20:56","-1","0","0","0","0","0"
"F9","11/04/2024","1324","N714FR","DFW","05:01","04:57","-4","0","0","40","0","0"
"F9","11/04/2024","1362","N651FR","CLT","13:47","13:47","0","0","0","0","0","0"
"F9","11/04/2024","1402","N611FR","BNA","06:50","06:41","-9","0","0","0","0","0"
"F9","11/04/2024","1450","N655FR","ATL","13:47","13:52","5","0","0","0","0","0"
"F9","11/04/2024","1484","N655FR","ORD","06:10","06:04","-6","0","0","0","0","0"
"F9","11/04/2024","1499","N317FR","ONT","22:38","23:33","55","0","0","0","0","52"
"F9","11/04/2024","1510","N620FR","MSP","07:05","06:59","-6","0","0","0","0","0"
"F9","11/04/2024","1534","N303FR","AUS","16:10","16:12","2","2","0","21","0","0"
"F9","11/04/2024","1560","N645FR","MSN","10:07","10:04","-3","0","0","0","0","0"
"F9","11/04/2024","1581","N232FR","SLC","14:34","14:44","10","0","0","0","0","0"
"F9","11/04/2024","1603","N343FR","LAS","16:57","17:39","42","16","0","0","0","23"
"F9","11/04/2024","1608","N624FR","MKE","10:45","10:37","-8","0","0","0","0","0"
"F9","11/04/2024","1678","N310FR","DSM","15:24","15:15","-9","0","0","0","0","0"
"F9","11/04/2024","1734","N387FR","MCO","00:55","06:03","308","308","0","27","0","0"
"F9","11/04/2024","1784","N645FR","BNA","16:41","16:51","10","7","0","75","0","3"
"F9","11/04/2024","1789","N375FR","PDX","06:05","06:00","-5","0","0","0","0","0"
"F9","11/04/2024","1819","N232FR","PHX","08:50","08:58","8","0","0","0","0","0"
"F9","11/04/2024","1864","N376FR","OKC","16:31","16:22","-9","0","0","0","0","0"
"F9","11/04/2024","1874","N629FR","OMA","17:09","18:07","58","0","0","11","0","58"
"F9","11/04/2024","1918","N651FR","CLE","05:15","05:04","-11","0","0","0","0","0"
"F9","11/04/2024","1993","N391FR","LAS","10:09","11:27","78","0","0","0","0","58"
"F9","11/04/2024","2015","N317FR","LAS","06:05","05:53","-12","0","0","0","0","0"
"F9","11/04/2024","2105","N363FR","PHX","15:21","15:18","-3","0","0","0","0","0"
"F9","11/04/2024","2108","N390FR","FSD","09:54","09:58","4","0","0","0","0","0"
"F9","11/04/2024","2141","N347FR","PHX","11:18","11:28","10","0","0","0","0","0"
"F9","11/04/2024","2210","N322FR","MDW","08:40","08:28","-12","0","0","0","0","0"
"F9","11/04/2024","2212","N722FR","DTW","16:10","17:21","71","0","0","0","0","51"
"F9","11/04/2024","2261","N630FR","ELP","15:32","16:03","31","0","0","0","0","16"
"F9","11/04/2024","2341","N723FR","LAX","06:00","06:27","27","27","0","0","0","0"
"F9","11/04/2024","2348","N710FR","IND","16:53","17:18","25","23","0","1","0","2"
"F9","11/04/2024","2356","N717FR","SAT","07:00","06:55","-5","0","0","20","0","0"
"F9","11/04/2024","2374","N312FR","TYS","13:49","14:01","12","12","0","8","0","0"
"F9","11/04/2024","2421","N624FR","SAN","18:01","17:58","-3","0","0","0","0","0"
"F9","11/04/2024","2440","N390FR","RDU","15:00","15:13","13","0","0","0","0","0"
"F9","11/04/2024","2632","","DFW","18:06","00:00","0","0","0","0","0","0"
"F9","11/04/2024","2687","N376FR","PDX","22:12","22:11","-1","0","0","0","0","0"
"F9","11/04/2024","2706","N305FR","BWI","08:12","08:25","13","0","0","0","0","0"
"F9","11/04/2024","2746","N717FR","TPA","13:38","13:34","-4","0","0","27","0","0"
"F9","11/04/2024","2752","N375FR","BUF","13:21","13:24","3","0","0","0","0","0"
"F9","11/04/2024","2817","N653FR","SAN","05:35","05:28","-7","0","0","0","0","0"
"F9","11/04/2024","2986","N312FR","CLT","05:01","04:53","-8","0","0","22","0","0"
"F9","11/04/2024","3101","N611FR","MSO","14:34","14:27","-7","0","0","0","0","0"
"F9","11/04/2024","3155","N633FR","LAX","14:05","14:01","-4","0","0","0","0","0"
"F9","11/04/2024","3162","N712FR","LGA","15:15","15:11","-4","0","0","0","0","0"
"F9","11/04/2024","3172","N604FR","ORD","21:19","21:18","-1","0","0","0","0","0"
"F9","11/04/2024","3206","N629FR","IAH","09:25","09:57","32","9","0","58","0","23"
"F9","11/04/2024","3286","N374FR","CVG","08:35","08:29","-6","0","0","0","0","0"
"F9","11/04/2024","3294","N651FR","ATL","23:49","00:10","21","21","0","8","0","0"
"F9","11/04/2024","3312","N341FR","MCO","11:16","11:18","2","0","0","0","0","0"
"F9","11/04/2024","3340","N380FR","PHL","23:59","00:33","34","9","0","0","0","15"
"F9","11/04/2024","3376","N317FR","MCI","17:51","17:46","-5","0","0","0","0","0"
"F9","11/04/2024","3405","N384FR","SEA","18:41","18:37","-4","0","0","0","0","0"
"F9","11/04/2024","3439","N713FR","SFO","22:26","00:30","124","124","0","0","0","0"
"F9","11/04/2024","3539","N629FR","LAS","22:45","23:09","24","0","0","0","0","0"
"F9","11/04/2024","3566","N713FR","DTW","06:10","06:02","-8","0","0","0","0","0"
"F9","11/04/2024","3665","N723FR","SMF","12:59","13:43","44","3","0","0","0","30"
"F9","11/04/2024","3861","N386FR","SLC","06:25","06:12","-13","0","0","0","0","0"
"F9","11/04/2024","3930","N653FR","PNS","15:04","15:02","-2","0","0","0","0","0"
"F9","11/04/2024","3981","N343FR","SLC","11:33","12:42","69","0","0","0","0","62"
"F9","11/04/2024","4070","N714FR","DFW","11:36","13:35","119","0","0","100","0","45"
"F9","11/04/2024","4344","N630FR","XNA","10:11","10:11","0","0","0","0","0","0"
"F9","11/04/2024","4371","N303FR","SNA","09:18","09:14","-4","0","0","0","0","0"
"F9","11/04/2024","4386","N710FR","CID","10:50","10:53","3","0","0","0","0","0"
"F9","11/04/2024","4464","N356FR","DFW","07:22","07:26","4","0","0","40","0","4"
"F9","11/04/2024","4478","N312FR","STL","21:31","22:19","48","14","0","9","0","34"
"F9","11/04/2024","4576","N713FR","CMH","14:27","14:48","21","0","0","0","0","0"
"F9","11/04/2024","4611","N383FR","LAS","18:57","18:53","-4","0","0","0","0","0"
"F9","11/04/2024","4626","N722FR","MEM","08:14","10:02","108","0","0","25","0","108"
"F9","11/04/2024","4721","N303FR","SLC","22:26","23:07","41","10","0","0","0","30"
"F9","11/04/2024","4753","N343FR","PHX","22:34","23:59","85","17","0","0","0","56"
"F9","11/04/2024","4765","N650FR","PHX","19:17","19:14","-3","0","0","0","0","0"
"F9","11/04/2024","4794","N317FR","FAR","12:11","12:09","-2","0","0","0","0","0"
"F9","11/04/2024","4856","N386FR","IAH","20:50","20:41","-9","0","0","71","0","0"
"F9","11/04/2024","4917","N650FR","SJC","09:12","09:07","-5","0","0","0","0","0"
"F9","11/04/2024","4920","N318FR","MCO","06:00","05:58","-2","0","0","18","0","0"
"F9","11/04/2024","4989","N342FR","SAN","20:01","19:52","-9","0","0","0","0","0"
"F9","11/05/2024","0686","N384FR","DCA","06:45","06:45","0","0","0","0","0","0"
"F9","11/05/2024","0688","N386FR","DCA","11:40","11:33","-7","0","0","0","0","0"
"F9","11/05/2024","0690","N305FR","DCA","16:38","16:24","-14","0","0","0","0","0"
"F9","11/05/2024","1114","N650FR","TPA","23:59","00:07","8","0","8","43","0","0"
"F9","11/05/2024","1128","N710FR","OMA","10:47","10:45","-2","0","0","0","0","0"
"F9","11/05/2024","1175","N712FR","SEA","06:00","06:01","1","0","0","0","0","0"
"F9","11/05/2024","1261","N630FR","ONT","08:45","08:40","-5","0","0","0","0","0"
"F9","11/05/2024","1292","N645FR","MSP","21:18","21:29","11","11","0","15","0","0"
"F9","11/05/2024","1375","N645FR","PHX","07:00","06:50","-10","0","0","0","0","0"
"F9","11/05/2024","1499","N655FR","ONT","22:38","22:33","-5","0","0","18","0","0"
"F9","11/05/2024","1609","N624FR","SFO","11:00","11:04","4","0","0","0","0","0"
"F9","11/05/2024","1614","N376FR","MDW","12:28","12:24","-4","0","0","0","0","0"
"F9","11/05/2024","1630","N650FR","MCI","14:29","14:19","-10","0","0","0","0","0"
"F9","11/05/2024","1734","N236FR","MCO","00:20","09:07","527","0","0","0","0","527"
"F9","11/05/2024","1819","N346FR","PHX","09:51","09:45","-6","0","0","0","0","0"
"F9","11/05/2024","1864","N655FR","OKC","14:34","14:29","-5","0","0","0","0","0"
"F9","11/05/2024","2015","N650FR","LAS","06:00","05:54","-6","0","0","0","0","0"
"F9","11/05/2024","2108","N375FR","FSD","10:31","10:29","-2","0","0","0","0","0"
"F9","11/05/2024","2141","N342FR","PHX","13:57","14:05","8","0","0","0","0","0"
"F9","11/05/2024","2148","N722FR","DFW","08:10","08:06","-4","0","0","17","0","0"
"F9","11/05/2024","2261","N613FR","ELP","15:54","15:54","0","0","0","0","0","0"
"F9","11/05/2024","2356","N655FR","SAT","07:45","07:40","-5","0","0","20","0","0"
"F9","11/05/2024","2429","N343FR","LAS","15:19","15:35","16","0","0","0","0","0"
"F9","11/05/2024","2440","N375FR","RDU","15:14","15:28","14","0","0","0","0","0"
"F9","11/05/2024","2632","N622FR","DFW","18:01","18:44","43","0","0","28","0","43"
"F9","11/05/2024","2687","N382FR","PDX","22:17","22:10","-7","0","0","0","0","0"
"F9","11/05/2024","2711","N710FR","SAN","22:30","22:28","-2","0","0","15","0","0"
"F9","11/05/2024","2890","N382FR","AUS","16:03","16:04","1","0","0","0","0","0"
"F9","11/05/2024","3155","N611FR","LAX","13:58","14:17","19","17","0","0","0","0"
"F9","11/05/2024","3162","N305FR","LGA","06:00","05:55","-5","0","0","0","0","0"
"F9","11/05/2024","3174","N310FR","ORD","19:42","19:32","-10","0","0","25","0","0"
"F9","11/05/2024","3206","N613FR","IAH","08:36","08:30","-6","0","0","0","0","0"
"F9","11/05/2024","3230","N312FR","IAH","20:40","20:49","9","0","9","39","0","0"
"F9","11/05/2024","3294","N651FR","ATL","23:49","00:05","16","0","16","15","0","0"
"F9","11/05/2024","3302","N604FR","STL","20:11","20:23","12","12","0","30","0","0"
"F9","11/05/2024","3312","N332FR","MCO","13:50","13:44","-6","0","0","0","0","0"
"F9","11/05/2024","3340","N317FR","PHL","23:12","23:48","36","36","0","22","0","0"
"F9","11/05/2024","3405","N712FR","SEA","17:17","17:14","-3","0","0","0","0","0"
"F9","11/05/2024","3439","N611FR","SFO","22:26","22:22","-4","0","0","0","0","0"
"F9","11/05/2024","3467","N387FR","PHX","20:03","20:01","-2","0","0","41","0","0"
"F9","11/05/2024","3981","N310FR","SLC","11:45","12:05","20","16","0","0","0","0"
"F9","11/05/2024","4235","N317FR","SLC","14:01","14:40","39","29","0","0","0","0"
"F9","11/05/2024","4611","N613FR","LAS","22:42","22:37","-5","0","0","0","0","0"
"F9","11/05/2024","4616","N710FR","MSP","16:06","16:05","-1","0","0","0","0","0"
"F9","11/05/2024","4721","N630FR","SLC","22:26","22:23","-3","0","0","19","0","0"
"F9","11/05/2024","4753","N372FR","PHX","22:59","23:17","18","0","0","22","0","18"
"F9","11/05/2024","4927","N387FR","SAN","09:45","09:36","-9","0","0","0","0","0"
"F9","11/05/2024","4967","N624FR","LAS","18:33","18:44","11","0","11","20","0","0"
"F9","11/06/2024","0686","N384FR","DCA","06:45","06:43","-2","0","0","26","0","0"
"F9","11/06/2024","0688","N382FR","DCA","11:40","11:36","-4","0","0","0","0","0"
"F9","11/06/2024","0690","N305FR","DCA","16:38","16:31","-7","0","0","0","0","0"
"F9","11/06/2024","1093","N616FR","SFO","11:00","11:02","2","0","0","0","0","0"
"F9","11/06/2024","1114","N336FR","TPA","23:59","00:21","22","22","0","10","0","0"
"F9","11/06/2024","1150","N711FR","MSP","16:06","16:15","9","0","9","18","0","0"
"F9","11/06/2024","1175","N712FR","SEA","05:04","05:56","52","52","0","11","0","0"
"F9","11/06/2024","1228","N390FR","MDW","12:28","12:38","10","0","10","35","0","0"
"F9","11/06/2024","1261","N624FR","ONT","08:20","08:46","26","0","26","21","0","0"
"F9","11/06/2024","1292","N651FR","MSP","21:02","21:48","46","0","0","1","0","46"
"F9","11/06/2024","1375","N379FR","PHX","07:00","06:54","-6","0","0","48","0","0"
"F9","11/06/2024","1450","N612FR","ATL","12:03","12:51","48","0","0","21","0","48"
"F9","11/06/2024","1499","N722FR","ONT","22:38","02:00","202","193","0","0","0","0"
"F9","11/06/2024","1656","N303FR","DFW","15:26","16:15","49","0","12","25","0","37"
"F9","11/06/2024","1658","N342FR","ORD","13:54","14:15","21","0","21","28","0","0"
"F9","11/06/2024","1678","N343FR","DSM","15:18","15:09","-9","0","0","0","0","0"
"F9","11/06/2024","1734","N620FR","MCO","00:20","00:29","9","0","9","42","0","0"
"F9","11/06/2024","1784","N619FR","BNA","12:26","12:40","14","14","0","13","0","0"
"F9","11/06/2024","1816","N384FR","AUS","16:03","16:46","43","29","0","26","0","14"
"F9","11/06/2024","1819","N312FR","PHX","09:51","09:49","-2","0","0","20","0","0"
"F9","11/06/2024","2015","N612FR","LAS","06:00","06:06","6","0","6","16","0","0"
"F9","11/06/2024","2141","N387FR","PHX","13:57","14:14","17","0","17","16","0","0"
"F9","11/06/2024","2261","N645FR","ELP","08:38","13:16","278","277","0","25","0","1"
"F9","11/06/2024","2356","N711FR","SAT","07:10","07:50","40","40","0","92","0","0"
"F9","11/06/2024","2374","N611FR","TYS","13:45","13:57","12","0","12","20","0","0"
"F9","11/06/2024","2429","N375FR","LAS","14:21","14:38","17","17","0","27","0","0"
"F9","11/06/2024","2440","N346FR","RDU","15:11","15:17","6","0","6","28","0","0"
"F9","11/06/2024","2687","N712FR","PDX","22:17","22:56","39","0","0","0","0","22"
"F9","11/06/2024","2711","N711FR","SAN","22:30","22:33","3","0","0","0","0","0"
"F9","11/06/2024","3155","N651FR","LAX","13:58","14:02","4","0","4","21","0","0"
"F9","11/06/2024","3162","N303FR","LGA","06:00","05:59","-1","0","0","0","0","0"
"F9","11/06/2024","3206","N386FR","IAH","08:06","08:19","13","13","0","62","0","0"
"F9","11/06/2024","3294","N723FR","ATL","23:49","00:27","38","38","0","10","0","0"
"F9","11/06/2024","3302","N382FR","STL","20:52","21:27","35","9","0","16","0","26"
"F9","11/06/2024","3312","N304FR","MCO","12:47","13:02","15","15","0","26","0","0"
"F9","11/06/2024","3340","N631FR","PHL","23:59","23:57","-2","0","0","17","0","0"
"F9","11/06/2024","3376","N710FR","MCI","12:29","12:28","-1","0","0","15","0","0"
"F9","11/06/2024","3405","N630FR","SEA","17:18","17:46","28","0","0","0","0","16"
"F9","11/06/2024","3439","N619FR","SFO","22:26","22:42","16","0","0","0","0","0"
"F9","11/06/2024","3467","N310FR","PHX","20:03","20:20","17","0","2","14","0","15"
"F9","11/06/2024","3539","N384FR","LAS","22:45","23:09","24","0","0","0","0","0"
"F9","11/06/2024","3930","N655FR","PNS","14:34","15:09","35","0","35","20","0","0"
"F9","11/06/2024","3981","N305FR","SLC","11:25","11:27","2","0","0","0","0","0"
"F9","11/06/2024","4235","N377FR","SLC","14:01","14:03","2","0","2","13","0","0"
"F9","11/06/2024","4251","N379FR","SLC","16:59","17:57","58","4","0","67","0","54"
"F9","11/06/2024","4344","N712FR","XNA","15:29","16:02","33","0","0","71","0","0"
"F9","11/06/2024","4371","N372FR","SNA","09:47","10:01","14","12","0","8","0","2"
"F9","11/06/2024","4464","N386FR","DFW","19:20","20:37","77","0","25","41","0","52"
"F9","11/06/2024","4753","N377FR","PHX","22:59","22:56","-3","0","0","0","0","0"
"F9","11/06/2024","4794","N722FR","FAR","14:41","15:06","25","25","0","20","0","0"
"F9","11/06/2024","4856","N324FR","IAH","20:40","20:41","1","0","0","0","0","0"
"F9","11/06/2024","4927","N630FR","SAN","10:15","10:23","8","7","0","11","0","1"
"F9","11/06/2024","4967","N616FR","LAS","18:33","18:30","-3","0","0","0","0","0"
"F9","11/07/2024","0686","N232FR","DCA","06:45","06:49","4","0","0","0","0","0"
"F9","11/07/2024","0688","N308FR","DCA","11:40","12:41","61","0","23","7","0","38"
"F9","11/07/2024","0690","N372FR","DCA","16:38","16:59","21","6","0","0","0","10"
"F9","11/07/2024","1093","N356FR","SFO","13:35","13:51","16","0","0","0","0","0"
"F9","11/07/2024","1114","N714FR","TPA","23:59","01:03","64","24","0","6","0","40"
"F9","11/07/2024","1128","N710FR","OMA","13:10","14:15","65","23","0","17","0","42"
"F9","11/07/2024","1150","N308FR","MSP","05:15","05:06","-9","0","0","0","0","0"
"F9","11/07/2024","1175","N615FR","SEA","06:00","06:31","31","0","31","11","0","0"
"F9","11/07/2024","1248","N232FR","GRR","16:08","18:08","120","104","0","0","0","0"
"F9","11/07/2024","1261","N713FR","ONT","06:00","06:04","4","0","0","0","0","0"
"F9","11/07/2024","1280","N336FR","MIA","10:13","10:18","5","5","0","16","0","0"
"F9","11/07/2024","1324","N611FR","DFW","05:01","05:00","-1","0","0","30","0","0"
"F9","11/07/2024","1362","N655FR","CLT","13:08","13:11","3","0","0","0","0","0"
"F9","11/07/2024","1375","N633FR","PHX","07:00","07:25","25","0","25","60","0","0"
"F9","11/07/2024","1402","N714FR","BNA","06:25","06:58","33","0","33","12","0","0"
"F9","11/07/2024","1450","N714FR","ATL","14:14","15:56","102","68","0","12","0","34"
"F9","11/07/2024","1484","N645FR","ORD","06:10","06:08","-2","0","0","0","0","0"
"F9","11/07/2024","1608","N324FR","MKE","07:57","08:10","13","4","0","31","0","9"
"F9","11/07/2024","1678","N379FR","DSM","16:14","16:19","5","0","0","0","0","0"
"F9","11/07/2024","1688","N373FR","DFW","08:06","07:52","-14","0","0","28","0","0"
"F9","11/07/2024","1734","N370FR","MCO","00:20","00:18","-2","0","0","19","0","0"
"F9","11/07/2024","1752","N624FR","CVG","16:56","17:12","16","0","0","0","0","0"
"F9","11/07/2024","1784","N324FR","BNA","15:23","15:43","20","6","0","0","0","10"
"F9","11/07/2024","1789","N712FR","PDX","16:01","16:35","34","0","0","0","0","0"
"F9","11/07/2024","1816","N356FR","AUS","06:20","06:17","-3","0","0","25","0","0"
"F9","11/07/2024","1819","N346FR","PHX","11:45","11:57","12","0","7","14","0","5"
"F9","11/07/2024","1864","N712FR","OKC","10:41","11:00","19","0","0","34","0","19"
"F9","11/07/2024","1918","N633FR","CLE","13:35","14:47","72","18","0","0","0","47"
"F9","11/07/2024","1993","N378FR","LAS","10:33","10:51","18","18","0","19","0","0"
"F9","11/07/2024","2015","N630FR","LAS","06:45","06:58","13","0","0","0","0","0"
"F9","11/07/2024","2108","N305FR","FSD","10:10","10:03","-7","0","0","27","0","0"
"F9","11/07/2024","2141","N391FR","PHX","14:02","14:35","33","0","0","0","0","0"
"F9","11/07/2024","2148","N611FR","DFW","11:31","11:26","-5","0","0","39","0","0"
"F9","11/07/2024","2210","N379FR","MDW","08:50","08:49","-1","0","0","28","0","0"
"F9","11/07/2024","2226","N706FR","RDU","07:20","08:18","58","0","58","50","0","0"
"F9","11/07/2024","2261","N651FR","ELP","08:38","08:34","-4","0","0","39","0","0"
"F9","11/07/2024","2341","N655FR","LAX","06:00","05:56","-4","0","0","0","0","0"
"F9","11/07/2024","2348","N722FR","IND","11:00","12:02","62","12","0","18","0","50"
"F9","11/07/2024","2356","N706FR","SAT","16:25","18:36","131","0","11","17","0","120"
"F9","11/07/2024","2360","N619FR","MSY","16:00","17:54","114","0","31","5","0","83"
"F9","11/07/2024","2440","N305FR","RDU","15:20","15:47","27","20","0","47","0","7"
"F9","11/07/2024","2632","N611FR","DFW","18:05","18:20","15","0","0","34","0","15"
"F9","11/07/2024","2687","N710FR","PDX","22:14","23:16","62","58","0","0","0","0"
"F9","11/07/2024","2706","N313FR","BWI","15:00","14:58","-2","0","0","0","0","0"
"F9","11/07/2024","2711","N713FR","SAN","22:30","22:51","21","13","0","0","0","4"
"F9","11/07/2024","2746","N615FR","TPA","14:10","15:08","58","2","0","0","0","45"
"F9","11/07/2024","2817","N313FR","SAN","05:35","05:27","-8","0","0","0","0","0"
"F9","11/07/2024","2890","N711FR","AUS","17:13","17:34","21","0","0","13","0","21"
"F9","11/07/2024","2907","N630FR","ONT","21:41","21:39","-2","0","0","0","0","0"
"F9","11/07/2024","3155","N645FR","LAX","13:58","14:25","27","0","0","0","0","0"
"F9","11/07/2024","3162","N372FR","LGA","06:00","06:09","9","0","0","0","0","0"
"F9","11/07/2024","3172","N385FR","ORD","20:59","20:52","-7","0","0","0","0","0"
"F9","11/07/2024","3206","N336FR","IAH","20:40","21:17","37","0","22","43","0","15"
"F9","11/07/2024","3230","N343FR","IAH","05:05","05:35","30","30","0","5","0","0"
"F9","11/07/2024","3286","N360FR","CVG","08:45","08:39","-6","0","0","29","0","0"
"F9","11/07/2024","3294","N655FR","ATL","23:32","00:17","45","45","0","17","0","0"
"F9","11/07/2024","3302","N384FR","STL","20:36","22:46","130","0","9","20","0","121"
"F9","11/07/2024","3312","N606FR","MCO","09:20","09:11","-9","0","0","19","0","0"
"F9","11/07/2024","3340","N332FR","PHL","23:59","00:05","6","0","0","0","0","0"
"F9","11/07/2024","3376","N722FR","MCI","18:34","19:36","62","0","0","32","0","62"
"F9","11/07/2024","3405","N723FR","SEA","18:58","19:01","3","0","0","0","0","0"
"F9","11/07/2024","3439","N616FR","SFO","22:26","23:06","40","8","0","0","0","26"
"F9","11/07/2024","3467","N311FR","PHX","18:01","18:18","17","0","0","0","0","0"
"F9","11/07/2024","3566","N710FR","DTW","05:15","05:50","35","32","0","0","0","0"
"F9","11/07/2024","3665","N717FR","SMF","13:07","13:58","51","0","0","0","0","30"
"F9","11/07/2024","3930","N630FR","PNS","13:14","13:31","17","16","0","0","0","0"
"F9","11/07/2024","3949","N651FR","LAS","22:43","22:50","7","0","0","0","0","0"
"F9","11/07/2024","3981","N619FR","SLC","10:47","11:14","27","21","0","25","0","6"
"F9","11/07/2024","4062","N713FR","MSN","15:35","15:57","22","0","0","0","0","15"
"F9","11/07/2024","4235","N642FR","SLC","17:01","17:12","11","0","0","0","0","0"
"F9","11/07/2024","4251","N356FR","SLC","20:46","21:09","23","0","3","9","0","20"
"F9","11/07/2024","4344","N711FR","XNA","11:08","11:06","-2","0","0","45","0","0"
"F9","11/07/2024","4371","N343FR","SNA","12:00","14:04","124","76","0","0","0","25"
"F9","11/07/2024","4374","N616FR","PIT","06:31","06:35","4","0","0","0","0","0"
"F9","11/07/2024","4386","N616FR","CID","16:11","17:04","53","46","0","0","0","0"
"F9","11/07/2024","4611","N308FR","LAS","20:43","22:32","109","45","0","7","0","64"
"F9","11/07/2024","4616","N645FR","MSP","21:18","22:30","72","72","0","27","0","0"
"F9","11/07/2024","4753","N349FR","PHX","22:08","22:38","30","0","28","13","0","2"
"F9","11/07/2024","4776","N651FR","LIT","14:41","15:55","74","0","25","2","0","49"
"F9","11/07/2024","4794","N717FR","FAR","07:00","07:29","29","0","29","43","0","0"
"F9","11/07/2024","4917","N723FR","SJC","09:12","09:33","21","0","0","0","0","21"
"F9","11/07/2024","4920","N624FR","MCO","06:05","06:13","8","8","0","19","0","0"
"F9","11/07/2024","4967","N346FR","LAS","18:42","19:45","63","63","0","11","0","0"
"F9","11/07/2024","4989","N363FR","SAN","19:56","19:48","-8","0","0","0","0","0"
"F9","11/08/2024","0686","N232FR","DCA","06:45","06:37","-8","0","0","0","0","0"
"F9","11/08/2024","0688","N389FR","DCA","11:40","12:09","29","0","29","26","0","0"
"F9","11/08/2024","0690","","DCA","16:38","00:00","0","0","0","0","0","0"
"F9","11/08/2024","1093","","SFO","18:34","00:00","0","0","0","0","0","0"
"F9","11/08/2024","1114","","TPA","23:59","00:00","0","0","0","0","0","0"
"F9","11/08/2024","1150","N630FR","MSP","10:16","10:28","12","0","3","6","0","9"
"F9","11/08/2024","1162","","HOU","18:28","00:00","0","0","0","0","0","0"
"F9","11/08/2024","1175","N393FR","SEA","06:05","06:04","-1","0","0","0","0","0"
"F9","11/08/2024","1228","N379FR","MDW","14:54","17:40","166","4","0","26","0","162"
"F9","11/08/2024","1248","","GRR","16:09","00:00","0","0","0","0","0","0"
"F9","11/08/2024","1261","N633FR","ONT","06:00","06:16","16","15","0","0","0","0"
"F9","11/08/2024","1280","N619FR","MIA","06:00","06:07","7","7","0","19","0","0"
"F9","11/08/2024","1292","","MSP","20:59","00:00","0","0","0","0","0","0"
"F9","11/08/2024","1324","N346FR","DFW","05:05","04:58","-7","0","0","37","0","0"
"F9","11/08/2024","1362","N717FR","CLT","13:14","13:55","41","0","26","20","0","15"
"F9","11/08/2024","1375","N712FR","PHX","06:00","06:21","21","21","0","4","0","0"
"F9","11/08/2024","1402","","BNA","07:15","00:00","0","0","0","0","0","0"
"F9","11/08/2024","1450","N653FR","ATL","09:55","09:54","-1","0","0","45","0","0"
"F9","11/08/2024","1484","N642FR","ORD","06:50","06:54","4","0","0","0","0","0"
"F9","11/08/2024","1499","","ONT","22:03","00:00","0","0","0","0","0","0"
"F9","11/08/2024","1560","N633FR","MSN","15:31","17:28","117","0","0","13","0","117"
"F9","11/08/2024","1608","","MKE","10:39","00:00","0","0","0","0","0","0"
"F9","11/08/2024","1678","N713FR","DSM","11:08","11:30","22","0","17","20","0","5"
"F9","11/08/2024","1702","","DFW","16:46","00:00","0","0","0","0","0","0"
"F9","11/08/2024","1708","N722FR","AUS","16:15","18:25","130","0","0","32","0","130"
"F9","11/08/2024","1734","N322FR","MCO","00:59","01:55","56","56","0","6","0","0"
"F9","11/08/2024","1784","N645FR","BNA","15:23","17:02","99","28","0","25","0","71"
"F9","11/08/2024","1789","N723FR","PDX","06:00","06:12","12","12","0","3","0","0"
"F9","11/08/2024","1819","N377FR","PHX","08:50","08:41","-9","0","0","0","0","0"
"F9","11/08/2024","1864","N711FR","OKC","13:03","13:24","21","1","0","34","0","20"
"F9","11/08/2024","1874","","OMA","19:24","00:00","0","0","0","0","0","0"
"F9","11/08/2024","1918","N313FR","CLE","05:05","04:58","-7","0","0","0","0","0"
"F9","11/08/2024","1993","N605FR","LAS","10:13","11:02","49","0","49","16","0","0"
"F9","11/08/2024","2015","N611FR","LAS","06:00","06:04","4","0","0","0","0","0"
"F9","11/08/2024","2105","","PHX","18:51","00:00","0","0","0","0","0","0"
"F9","11/08/2024","2108","","FSD","18:45","00:00","0","0","0","0","0","0"
"F9","11/08/2024","2141","N313FR","PHX","14:02","16:02","120","120","0","25","0","0"
"F9","11/08/2024","2210","N390FR","MDW","08:41","08:49","8","0","8","36","0","0"
"F9","11/08/2024","2212","","DTW","16:37","00:00","0","0","0","0","0","0"
"F9","11/08/2024","2261","N625FR","ELP","13:33","13:29","-4","0","0","16","0","0"
"F9","11/08/2024","2341","N711FR","LAX","06:00","05:58","-2","0","0","0","0","0"
"F9","11/08/2024","2348","N625FR","IND","06:00","05:59","-1","0","0","0","0","0"
"F9","11/08/2024","2356","N353FR","SAT","13:54","15:59","125","0","6","30","0","119"
"F9","11/08/2024","2374","N356FR","TYS","14:40","15:28","48","0","10","31","0","38"
"F9","11/08/2024","2440","N343FR","RDU","15:20","18:06","166","142","0","19","0","24"
"F9","11/08/2024","2687","","PDX","22:30","00:00","0","0","0","0","0","0"
"F9","11/08/2024","2706","N636FR","BWI","08:56","08:48","-8","0","0","32","0","0"
"F9","11/08/2024","2746","N642FR","TPA","15:11","16:17","66","0","0","32","0","66"
"F9","11/08/2024","2817","N343FR","SAN","05:35","05:34","-1","0","0","0","0","0"
"F9","11/08/2024","2986","N719FR","CLT","06:45","06:44","-1","0","0","0","0","0"
"F9","11/08/2024","3155","N393FR","LAX","13:59","16:40","161","0","22","3","0","139"
"F9","11/08/2024","3162","N379FR","LGA","06:00","06:23","23","23","0","26","0","0"
"F9","11/08/2024","3174","","ORD","17:07","00:00","0","0","0","0","0","0"
"F9","11/08/2024","3230","","IAH","20:34","00:00","0","0","0","0","0","0"
"F9","11/08/2024","3286","N317FR","CVG","08:20","08:25","5","0","0","23","0","5"
"F9","11/08/2024","3294","","ATL","23:22","00:00","0","0","0","0","0","0"
"F9","11/08/2024","3302","","STL","20:42","00:00","0","0","0","0","0","0"
"F9","11/08/2024","3312","N232FR","MCO","10:48","18:39","471","48","0","64","0","423"
"F9","11/08/2024","3340","","PHL","23:59","00:00","0","0","0","0","0","0"
"F9","11/08/2024","3376","","MCI","18:44","00:00","0","0","0","0","0","0"
"F9","11/08/2024","3405","","SEA","17:59","00:00","0","0","0","0","0","0"
"F9","11/08/2024","3439","","SFO","22:49","00:00","0","0","0","0","0","0"
"F9","11/08/2024","3467","","PHX","20:58","00:00","0","0","0","0","0","0"
"F9","11/08/2024","3539","","LAS","22:43","00:00","0","0","0","0","0","0"
"F9","11/08/2024","3566","N717FR","DTW","05:01","05:00","-1","0","0","0","0","0"
"F9","11/08/2024","3665","N723FR","SMF","13:39","15:16","97","0","76","11","0","21"
"F9","11/08/2024","3930","N346FR","PNS","14:43","14:43","0","0","0","27","0","0"
"F9","11/08/2024","3981","N372FR","SLC","10:10","10:40","30","0","30","20","0","0"
"F9","11/08/2024","4070","N706FR","DFW","14:30","15:06","36","0","3","36","0","33"
"F9","11/08/2024","4251","","SLC","18:12","00:00","0","0","0","0","0","0"
"F9","11/08/2024","4344","N356FR","XNA","08:50","08:39","-11","0","0","22","0","0"
"F9","11/08/2024","4371","","SNA","11:44","00:00","0","0","0","0","0","0"
"F9","11/08/2024","4386","","CID","10:47","00:00","0","0","0","0","0","0"
"F9","11/08/2024","4464","N706FR","DFW","07:55","07:56","1","1","0","50","0","0"
"F9","11/08/2024","4562","","MSY","17:08","00:00","0","0","0","0","0","0"
"F9","11/08/2024","4576","","CMH","16:03","00:00","0","0","0","0","0","0"
"F9","11/08/2024","4611","","LAS","20:40","00:00","0","0","0","0","0","0"
"F9","11/08/2024","4626","N645FR","MEM","08:18","09:06","48","0","37","33","0","11"
"F9","11/08/2024","4721","","SLC","21:53","00:00","0","0","0","0","0","0"
"F9","11/08/2024","4794","","FAR","12:06","00:00","0","0","0","0","0","0"
"F9","11/08/2024","4856","","IAH","18:34","00:00","0","0","0","0","0","0"
"F9","11/08/2024","4917","N336FR","SJC","09:31","09:28","-3","0","0","101","0","0"
"F9","11/08/2024","4920","N722FR","MCO","06:05","06:22","17","17","0","21","0","0"
"F9","11/08/2024","4927","N611FR","SAN","12:44","18:33","349","204","0","18","0","145"
"F9","11/08/2024","4967","","LAS","18:40","00:00","0","0","0","0","0","0"
"F9","11/08/2024","4989","","SAN","21:39","00:00","0","0","0","0","0","0"
"F9","11/09/2024","0686","N356FR","DCA","06:45","06:57","12","0","12","42","0","0"
"F9","11/09/2024","0688","N389FR","DCA","11:40","11:39","-1","0","0","0","0","0"
"F9","11/09/2024","0690","N372FR","DCA","16:38","17:38","60","9","0","0","0","43"
"F9","11/09/2024","1114","N625FR","TPA","23:59","23:58","-1","0","0","0","0","0"
"F9","11/09/2024","1150","N637FR","MSP","08:23","08:23","0","0","0","18","0","0"
"F9","11/09/2024","1175","N633FR","SEA","06:00","06:06","6","6","0","11","0","0"
"F9","11/09/2024","1261","N393FR","ONT","13:50","13:47","-3","0","0","0","0","0"
"F9","11/09/2024","1280","N611FR","MIA","11:08","12:19","71","25","0","0","0","43"
"F9","11/09/2024","1292","N630FR","MSP","21:16","21:11","-5","0","0","0","0","0"
"F9","11/09/2024","1362","N633FR","CLT","14:09","14:38","29","0","0","0","0","19"
"F9","11/09/2024","1499","N353FR","ONT","22:38","22:57","19","0","0","0","0","0"
"F9","11/09/2024","1734","","MCO","00:59","00:00","0","0","0","0","0","0"
"F9","11/09/2024","1784","N616FR","BNA","12:26","13:24","58","0","2","0","0","53"
"F9","11/09/2024","1787","N722FR","SFO","11:00","11:02","2","0","0","0","0","0"
"F9","11/09/2024","1789","N353FR","PDX","08:29","08:46","17","0","17","8","0","0"
"F9","11/09/2024","1819","N394FR","PHX","09:51","10:02","11","0","2","4","0","9"
"F9","11/09/2024","1835","N637FR","SEA","16:00","16:11","11","0","0","0","0","0"
"F9","11/09/2024","1993","N359FR","LAS","10:09","10:06","-3","0","0","0","0","0"
"F9","11/09/2024","2015","N616FR","LAS","06:00","05:57","-3","0","0","43","0","0"
"F9","11/09/2024","2105","N346FR","PHX","18:57","19:09","12","0","0","0","0","0"
"F9","11/09/2024","2141","N387FR","PHX","14:45","14:50","5","0","0","0","0","0"
"F9","11/09/2024","2148","N326FR","DFW","08:41","08:34","-7","0","0","22","0","0"
"F9","11/09/2024","2261","N625FR","ELP","08:38","08:35","-3","0","0","19","0","0"
"F9","11/09/2024","2341","N713FR","LAX","06:00","06:21","21","21","0","41","0","0"
"F9","11/09/2024","2348","N642FR","IND","11:30","11:26","-4","0","0","0","0","0"
"F9","11/09/2024","2356","N630FR","SAT","07:00","06:54","-6","0","0","54","0","0"
"F9","11/09/2024","2421","N625FR","SAN","14:42","14:44","2","0","0","0","0","0"
"F9","11/09/2024","2429","N705FR","LAS","16:33","16:50","17","16","0","0","0","0"
"F9","11/09/2024","2440","N326FR","RDU","15:13","15:38","25","21","0","0","0","0"
"F9","11/09/2024","2550","N389FR","DFW","21:02","20:52","-10","0","0","0","0","0"
"F9","11/09/2024","2632","N303FR","DFW","17:45","17:39","-6","0","0","0","0","0"
"F9","11/09/2024","2687","N230FR","PDX","22:12","22:22","10","0","0","0","0","0"
"F9","11/09/2024","2711","N719FR","SAN","22:30","22:53","23","20","0","0","0","0"
"F9","11/09/2024","2890","N353FR","AUS","15:56","16:51","55","35","0","11","0","20"
"F9","11/09/2024","3155","N630FR","LAX","13:58","14:19","21","0","0","0","0","0"
"F9","11/09/2024","3162","N346FR","LGA","06:00","06:45","45","45","0","34","0","0"
"F9","11/09/2024","3172","N642FR","ORD","19:38","19:48","10","0","0","0","0","0"
"F9","11/09/2024","3206","N712FR","IAH","08:25","10:33","128","128","0","25","0","0"
"F9","11/09/2024","3294","N633FR","ATL","23:34","23:46","12","0","0","0","0","0"
"F9","11/09/2024","3302","N336FR","STL","20:23","20:18","-5","0","0","0","0","0"
"F9","11/09/2024","3312","N339FR","MCO","13:48","13:41","-7","0","0","0","0","0"
"F9","11/09/2024","3340","N380FR","PHL","23:57","23:59","2","0","0","0","0","0"
"F9","11/09/2024","3376","N356FR","MCI","17:01","16:49","-12","0","0","0","0","0"
"F9","11/09/2024","3439","N619FR","SFO","22:45","22:38","-7","0","0","0","0","0"
"F9","11/09/2024","3539","N384FR","LAS","22:43","22:44","1","0","0","0","0","0"
"F9","11/09/2024","3930","N324FR","PNS","08:54","08:58","4","4","0","59","0","0"
"F9","11/09/2024","3981","N372FR","SLC","11:34","11:49","15","0","15","20","0","0"
"F9","11/09/2024","4070","N343FR","DFW","14:53","15:11","18","0","0","0","0","0"
"F9","11/09/2024","4251","N324FR","SLC","22:11","22:16","5","0","0","0","0","0"
"F9","11/09/2024","4371","N379FR","SNA","08:49","08:52","3","0","0","0","0","0"
"F9","11/09/2024","4721","N342FR","SLC","18:28","18:34","6","0","0","0","0","0"
"F9","11/09/2024","4753","N393FR","PHX","21:30","21:35","5","0","0","0","0","0"
"F9","11/09/2024","4765","N342FR","PHX","12:08","12:02","-6","0","0","0","0","0"
"F9","11/09/2024","4856","N712FR","IAH","19:29","19:31","2","0","0","0","0","0"
"F9","11/09/2024","4927","N312FR","SAN","12:04","11:59","-5","0","0","0","0","0"
"F9","11/09/2024","4967","N722FR","LAS","18:33","18:43","10","0","0","0","0","0"
"F9","11/10/2024","0686","N328FR","DCA","06:45","06:41","-4","0","0","0","0","0"
"F9","11/10/2024","0688","N310FR","DCA","11:40","11:25","-15","0","0","0","0","0"
"F9","11/10/2024","0690","N353FR","DCA","16:38","16:38","0","0","0","0","0","0"
"F9","11/10/2024","1093","N379FR","SFO","13:35","13:38","3","0","0","0","0","0"
"F9","11/10/2024","1114","N713FR","TPA","23:59","00:19","20","0","0","0","0","0"
"F9","11/10/2024","1128","N382FR","OMA","18:43","18:30","-13","0","0","0","0","0"
"F9","11/10/2024","1150","N633FR","MSP","18:49","18:47","-2","0","0","0","0","0"
"F9","11/10/2024","1162","N236FR","HOU","08:50","08:44","-6","0","0","0","0","0"
"F9","11/10/2024","1175","N722FR","SEA","05:55","05:52","-3","0","0","0","0","0"
"F9","11/10/2024","1229","N619FR","SFO","22:58","22:52","-6","0","0","0","0","0"
"F9","11/10/2024","1248","N372FR","GRR","10:10","10:04","-6","0","0","0","0","0"
"F9","11/10/2024","1261","N717FR","ONT","06:00","05:51","-9","0","0","0","0","0"
"F9","11/10/2024","1280","N645FR","MIA","06:00","06:17","17","0","0","0","0","0"
"F9","11/10/2024","1324","N611FR","DFW","05:15","06:39","84","71","0","0","0","0"
"F9","11/10/2024","1362","N637FR","CLT","13:20","13:12","-8","0","0","0","0","0"
"F9","11/10/2024","1375","N310FR","PHX","05:45","05:34","-11","0","0","0","0","0"
"F9","11/10/2024","1402","N713FR","BNA","06:00","06:13","13","0","0","0","0","0"
"F9","11/10/2024","1450","N715FR","ATL","13:52","15:20","88","0","0","0","0","60"
"F9","11/10/2024","1484","N616FR","ORD","05:01","05:52","51","49","0","0","0","0"
"F9","11/10/2024","1560","N653FR","MSN","12:20","13:00","40","27","0","0","0","0"
"F9","11/10/2024","1608","N712FR","MKE","08:07","09:05","58","51","0","0","0","0"
"F9","11/10/2024","1678","N353FR","DSM","10:50","10:39","-11","0","0","0","0","0"
"F9","11/10/2024","1734","N626FR","MCO","00:16","00:15","-1","0","0","0","0","0"
"F9","11/10/2024","1752","N386FR","CVG","20:12","20:30","18","0","0","0","0","0"
"F9","11/10/2024","1784","N710FR","BNA","15:25","15:30","5","0","0","0","0","0"
"F9","11/10/2024","1789","N346FR","PDX","07:35","07:50","15","0","0","0","0","0"
"F9","11/10/2024","1816","N719FR","AUS","11:09","11:05","-4","0","0","0","0","0"
"F9","11/10/2024","1819","N709FR","PHX","09:45","10:02","17","0","0","0","0","0"
"F9","11/10/2024","1864","N625FR","OKC","10:17","10:13","-4","0","0","0","0","0"
"F9","11/10/2024","1918","N625FR","CLE","15:45","15:44","-1","0","0","0","0","0"
"F9","11/10/2024","1993","N230FR","LAS","10:35","10:27","-8","0","0","0","0","0"
"F9","11/10/2024","2015","N637FR","LAS","06:45","06:48","3","0","0","0","0","0"
"F9","11/10/2024","2105","N372FR","PHX","17:46","17:41","-5","0","0","0","0","0"
"F9","11/10/2024","2108","N230FR","FSD","16:53","16:59","6","0","0","0","0","0"
"F9","11/10/2024","2141","N349FR","PHX","14:15","16:42","147","0","0","25","0","147"
"F9","11/10/2024","2148","N611FR","DFW","11:45","12:37","52","0","0","0","0","32"
"F9","11/10/2024","2212","N328FR","DTW","16:03","16:00","-3","0","0","0","0","0"
"F9","11/10/2024","2226","N604FR","RDU","07:20","07:19","-1","0","0","0","0","0"
"F9","11/10/2024","2261","N619FR","ELP","10:47","10:38","-9","0","0","0","0","0"
"F9","11/10/2024","2341","N711FR","LAX","06:00","06:56","56","56","0","17","0","0"
"F9","11/10/2024","2348","N379FR","IND","06:00","06:34","34","0","0","0","0","0"
"F9","11/10/2024","2356","N338FR","SAT","14:48","14:46","-2","0","0","0","0","0"
"F9","11/10/2024","2360","N715FR","MSY","06:00","07:10","70","52","0","0","0","0"
"F9","11/10/2024","2429","N712FR","LAS","15:24","16:00","36","0","0","0","0","28"
"F9","11/10/2024","2440","N236FR","RDU","16:09","16:04","-5","0","0","0","0","0"
"F9","11/10/2024","2553","N651FR","PDX","21:01","21:47","46","0","0","0","0","29"
"F9","11/10/2024","2632","N611FR","DFW","18:19","18:32","13","3","0","2","0","10"
"F9","11/10/2024","2706","N717FR","BWI","15:32","15:38","6","0","0","0","0","0"
"F9","11/10/2024","2711","N637FR","SAN","22:30","22:31","1","1","0","28","0","0"
"F9","11/10/2024","2746","N713FR","TPA","13:50","13:42","-8","0","0","0","0","0"
"F9","11/10/2024","2817","N338FR","SAN","05:31","05:29","-2","0","0","0","0","0"
"F9","11/10/2024","2890","N356FR","AUS","15:55","15:47","-8","0","0","27","0","0"
"F9","11/10/2024","2907","N715FR","ONT","22:37","23:47","70","0","0","0","0","55"
"F9","11/10/2024","2946","N310FR","MDW","22:11","23:26","75","62","0","0","0","0"
"F9","11/10/2024","3155","N722FR","LAX","13:58","13:56","-2","0","0","0","0","0"
"F9","11/10/2024","3162","N356FR","LGA","06:00","05:51","-9","0","0","0","0","0"
"F9","11/10/2024","3174","N645FR","ORD","16:46","17:09","23","0","0","0","0","0"
"F9","11/10/2024","3230","N653FR","IAH","05:05","04:59","-6","0","0","0","0","0"
"F9","11/10/2024","3286","N624FR","CVG","08:50","08:49","-1","0","0","0","0","0"
"F9","11/10/2024","3294","N346FR","ATL","23:00","23:57","57","30","0","0","0","0"
"F9","11/10/2024","3312","N324FR","MCO","09:10","08:59","-11","0","0","0","0","0"
"F9","11/10/2024","3340","N309FR","PHL","23:59","01:37","98","87","0","0","0","0"
"F9","11/10/2024","3376","N653FR","MCI","19:17","19:06","-11","0","0","0","0","0"
"F9","11/10/2024","3405","N616FR","SEA","18:40","18:40","0","0","0","0","0","0"
"F9","11/10/2024","3467","N360FR","PHX","20:39","20:37","-2","0","0","0","0","0"
"F9","11/10/2024","3665","N711FR","SMF","13:06","13:51","45","0","0","0","0","27"
"F9","11/10/2024","3930","N346FR","PNS","14:46","14:42","-4","0","0","0","0","0"
"F9","11/10/2024","3949","N711FR","LAS","22:43","22:32","-11","0","0","0","0","0"
"F9","11/10/2024","3981","N630FR","SLC","08:57","08:49","-8","0","0","0","0","0"
"F9","11/10/2024","4070","N630FR","DFW","14:27","15:02","35","19","0","0","0","0"
"F9","11/10/2024","4235","N604FR","SLC","17:06","16:57","-9","0","0","0","0","0"
"F9","11/10/2024","4251","N356FR","SLC","22:16","22:41","25","0","0","0","0","0"
"F9","11/10/2024","4344","N616FR","XNA","12:39","12:55","16","0","0","0","0","0"
"F9","11/10/2024","4371","N326FR","SNA","12:13","12:21","8","0","0","0","0","0"
"F9","11/10/2024","4374","N636FR","PIT","07:00","08:50","110","96","0","0","0","0"
"F9","11/10/2024","4386","N619FR","CID","16:43","16:35","-8","0","0","0","0","0"
"F9","11/10/2024","4478","N338FR","STL","21:10","21:00","-10","0","0","0","0","0"
"F9","11/10/2024","4616","N630FR","MSP","21:18","21:09","-9","0","0","0","0","0"
"F9","11/10/2024","4776","N719FR","LIT","17:48","17:48","0","0","0","0","0","0"
"F9","11/10/2024","4794","N636FR","FAR","16:06","17:08","62","0","0","0","0","58"
"F9","11/10/2024","4856","N379FR","IAH","20:47","20:41","-6","0","0","0","0","0"
"F9","11/10/2024","4917","N633FR","SJC","09:03","08:50","-13","0","0","0","0","0"
"F9","11/10/2024","4920","N710FR","MCO","05:30","05:29","-1","0","0","0","0","0"
"F9","11/10/2024","4967","N326FR","LAS","18:54","19:25","31","31","0","6","0","0"
"F9","11/10/2024","4989","N371FR","SAN","19:56","19:49","-7","0","0","0","0","0"
"F9","11/11/2024","0686","N230FR","DCA","06:45","07:13","28","0","0","0","0","0"
"F9","11/11/2024","0688","N382FR","DCA","11:40","11:41","1","0","0","0","0","0"
"F9","11/11/2024","0690","N356FR","DCA","16:38","17:54","76","0","0","0","0","70"
"F9","11/11/2024","1093","N637FR","SFO","18:23","18:30","7","0","0","0","0","0"
"F9","11/11/2024","1114","N621FR","TPA","23:59","23:51","-8","0","0","0","0","0"
"F9","11/11/2024","1162","N379FR","HOU","08:15","08:24","9","0","0","0","0","0"
"F9","11/11/2024","1175","N616FR","SEA","06:00","05:55","-5","0","0","0","0","0"
"F9","11/11/2024","1228","N326FR","MDW","13:54","14:10","16","0","0","0","0","0"
"F9","11/11/2024","1248","N722FR","GRR","16:08","16:08","0","0","0","0","0","0"
"F9","11/11/2024","1261","N710FR","ONT","06:05","06:01","-4","0","0","0","0","0"
"F9","11/11/2024","1280","N653FR","MIA","14:46","14:52","6","0","0","0","0","0"
"F9","11/11/2024","1292","N630FR","MSP","21:41","21:35","-6","0","0","0","0","0"
"F9","11/11/2024","1324","N604FR","DFW","05:01","04:53","-8","0","0","0","0","0"
"F9","11/11/2024","1362","N719FR","CLT","13:51","13:49","-2","0","0","0","0","0"
"F9","11/11/2024","1402","N653FR","BNA","06:50","06:40","-10","0","0","0","0","0"
"F9","11/11/2024","1450","N606FR","ATL","14:15","14:12","-3","0","0","0","0","0"
"F9","11/11/2024","1484","N719FR","ORD","06:10","06:00","-10","0","0","0","0","0"
"F9","11/11/2024","1499","N236FR","ONT","22:17","22:15","-2","0","0","0","0","0"
"F9","11/11/2024","1560","N713FR","MSN","10:17","10:07","-10","0","0","0","0","0"
"F9","11/11/2024","1608","N637FR","MKE","11:04","10:53","-11","0","0","0","0","0"
"F9","11/11/2024","1678","N313FR","DSM","15:19","15:18","-1","0","0","0","0","0"
"F9","11/11/2024","1734","N372FR","MCO","00:55","01:10","15","0","0","0","0","0"
"F9","11/11/2024","1784","N715FR","BNA","16:47","16:42","-5","0","0","0","0","0"
"F9","11/11/2024","1789","N235FR","PDX","06:05","06:03","-2","0","0","0","0","0"
"F9","11/11/2024","1819","N636FR","PHX","17:50","19:15","85","13","0","0","0","65"
"F9","11/11/2024","1864","N382FR","OKC","06:20","06:17","-3","0","0","0","0","0"
"F9","11/11/2024","1874","N621FR","OMA","18:26","18:25","-1","0","0","0","0","0"
"F9","11/11/2024","1918","N606FR","CLE","05:15","05:06","-9","0","0","0","0","0"
"F9","11/11/2024","1922","N630FR","MSP","09:07","08:57","-10","0","0","0","0","0"
"F9","11/11/2024","1937","N339FR","PHX","15:10","15:17","7","0","0","0","0","0"
"F9","11/11/2024","1960","N230FR","MCI","16:49","16:45","-4","0","0","0","0","0"
"F9","11/11/2024","1993","N353FR","LAS","10:09","11:03","54","45","0","0","0","0"
"F9","11/11/2024","2015","N717FR","LAS","06:00","05:46","-14","0","0","0","0","0"
"F9","11/11/2024","2108","N313FR","FSD","10:10","10:58","48","0","0","0","0","38"
"F9","11/11/2024","2141","N621FR","PHX","12:24","12:20","-4","0","0","0","0","0"
"F9","11/11/2024","2210","N312FR","MDW","08:46","08:32","-14","0","0","0","0","0"
"F9","11/11/2024","2212","N645FR","DTW","14:15","14:07","-8","0","0","0","0","0"
"F9","11/11/2024","2261","N619FR","ELP","10:57","11:02","5","0","0","0","0","0"
"F9","11/11/2024","2341","N611FR","LAX","06:00","06:00","0","0","0","0","0","0"
"F9","11/11/2024","2348","N651FR","IND","17:18","17:46","28","0","0","0","0","0"
"F9","11/11/2024","2356","N633FR","SAT","07:00","06:55","-5","0","0","0","0","0"
"F9","11/11/2024","2374","N619FR","TYS","16:52","16:53","1","0","0","0","0","0"
"F9","11/11/2024","2429","N713FR","LAS","15:37","18:01","144","53","0","0","0","88"
"F9","11/11/2024","2440","N379FR","RDU","15:20","15:19","-1","0","0","0","0","0"
"F9","11/11/2024","2632","N604FR","DFW","18:05","18:00","-5","0","0","0","0","0"
"F9","11/11/2024","2687","N326FR","PDX","22:12","22:05","-7","0","0","0","0","0"
"F9","11/11/2024","2706","N356FR","BWI","08:29","08:15","-14","0","0","0","0","0"
"F9","11/11/2024","2711","N645FR","SAN","22:30","22:29","-1","0","0","0","0","0"
"F9","11/11/2024","2746","N633FR","TPA","13:48","13:53","5","0","0","0","0","0"
"F9","11/11/2024","2817","N625FR","SAN","05:30","05:26","-4","0","0","0","0","0"
"F9","11/11/2024","2890","N310FR","AUS","16:03","16:18","15","0","0","11","0","15"
"F9","11/11/2024","2986","N326FR","CLT","05:01","04:54","-7","0","0","0","0","0"
"F9","11/11/2024","3155","N616FR","LAX","14:09","14:08","-1","0","0","0","0","0"
"F9","11/11/2024","3162","N390FR","LGA","06:00","05:59","-1","0","0","0","0","0"
"F9","11/11/2024","3174","N235FR","ORD","13:29","13:30","1","0","0","0","0","0"
"F9","11/11/2024","3206","N310FR","IAH","09:25","09:18","-7","0","0","0","0","0"
"F9","11/11/2024","3286","N386FR","CVG","08:05","08:10","5","0","0","0","0","0"
"F9","11/11/2024","3294","N713FR","ATL","23:49","00:20","31","0","0","0","0","0"
"F9","11/11/2024","3302","N235FR","STL","20:57","20:38","-19","0","0","0","0","0"
"F9","11/11/2024","3312","N372FR","MCO","11:19","11:28","9","0","0","0","0","0"
"F9","11/11/2024","3340","N376FR","PHL","23:59","00:14","15","0","0","0","0","0"
"F9","11/11/2024","3405","N358FR","SEA","17:56","18:11","15","0","0","0","0","0"
"F9","11/11/2024","3439","N616FR","SFO","21:37","21:36","-1","0","0","0","0","0"
"F9","11/11/2024","3467","N391FR","PHX","20:14","20:22","8","0","0","0","0","0"
"F9","11/11/2024","3539","N719FR","LAS","22:43","22:40","-3","0","0","0","0","0"
"F9","11/11/2024","3566","N645FR","DTW","06:00","05:57","-3","0","0","0","0","0"
"F9","11/11/2024","3665","N611FR","SMF","13:06","13:04","-2","0","0","0","0","0"
"F9","11/11/2024","3861","N346FR","SLC","08:50","08:37","-13","0","0","0","0","0"
"F9","11/11/2024","3930","N625FR","PNS","15:15","16:59","104","5","0","0","0","85"
"F9","11/11/2024","3981","N328FR","SLC","11:45","12:51","66","65","0","0","0","0"
"F9","11/11/2024","4070","N604FR","DFW","11:31","11:28","-3","0","0","0","0","0"
"F9","11/11/2024","4344","N630FR","XNA","15:42","15:39","-3","0","0","0","0","0"
"F9","11/11/2024","4371","N371FR","SNA","09:24","10:43","79","0","6","0","0","67"
"F9","11/11/2024","4386","N715FR","CID","10:26","10:20","-6","0","0","0","0","0"
"F9","11/11/2024","4464","N318FR","DFW","08:11","08:13","2","0","0","0","0","0"
"F9","11/11/2024","4576","N390FR","CMH","15:55","15:53","-2","0","0","0","0","0"
"F9","11/11/2024","4626","N651FR","MEM","10:41","10:37","-4","0","0","0","0","0"
"F9","11/11/2024","4721","N371FR","SLC","22:11","22:28","17","0","0","0","0","0"
"F9","11/11/2024","4753","N310FR","PHX","22:14","22:27","13","0","0","6","0","13"
"F9","11/11/2024","4794","N371FR","FAR","16:15","16:58","43","0","0","4","0","43"
"F9","11/11/2024","4856","N382FR","IAH","20:55","20:51","-4","0","0","0","0","0"
"F9","11/11/2024","4917","N636FR","SJC","09:30","09:22","-8","0","0","0","0","0"
"F9","11/11/2024","4920","N722FR","MCO","06:00","05:53","-7","0","0","0","0","0"
"F9","11/11/2024","4927","N236FR","SAN","10:52","11:19","27","0","0","0","0","0"
"F9","11/11/2024","4967","N328FR","LAS","18:34","19:36","62","6","0","0","0","47"
"F9","11/12/2024","0686","N313FR","DCA","06:45","06:35","-10","0","0","0","0","0"
"F9","11/12/2024","0688","N356FR","DCA","11:40","11:30","-10","0","0","0","0","0"
"F9","11/12/2024","0690","N236FR","DCA","16:38","16:31","-7","0","0","0","0","0"
"F9","11/12/2024","1114","N625FR","TPA","23:59","23:50","-9","0","0","0","0","0"
"F9","11/12/2024","1128","N616FR","OMA","10:47","10:41","-6","0","0","0","0","0"
"F9","11/12/2024","1175","N651FR","SEA","06:00","05:52","-8","0","0","0","0","0"
"F9","11/12/2024","1228","N312FR","MDW","12:28","12:17","-11","0","0","0","0","0"
"F9","11/12/2024","1261","N625FR","ONT","08:45","08:57","12","0","0","0","0","0"
"F9","11/12/2024","1292","N636FR","MSP","21:18","21:09","-9","0","0","0","0","0"
"F9","11/12/2024","1375","N653FR","PHX","07:00","06:50","-10","0","0","0","0","0"
"F9","11/12/2024","1499","N630FR","ONT","22:38","22:29","-9","0","0","0","0","0"
"F9","11/12/2024","1734","N390FR","MCO","00:20","00:17","-3","0","0","0","0","0"
"F9","11/12/2024","1864","N637FR","OKC","14:34","14:31","-3","0","0","0","0","0"
"F9","11/12/2024","1997","N611FR","SFO","11:00","10:56","-4","0","0","0","0","0"
"F9","11/12/2024","2009","N382FR","PHX","09:51","09:47","-4","0","0","0","0","0"
"F9","11/12/2024","2015","N619FR","LAS","06:00","05:53","-7","0","0","0","0","0"
"F9","11/12/2024","2108","N326FR","FSD","10:31","10:23","-8","0","0","0","0","0"
"F9","11/12/2024","2141","N342FR","PHX","13:57","14:06","9","9","0","8","0","0"
"F9","11/12/2024","2148","N233FR","DFW","08:10","08:12","2","0","0","0","0","0"
"F9","11/12/2024","2261","N630FR","ELP","15:54","16:43","49","15","0","0","0","30"
"F9","11/12/2024","2356","N636FR","SAT","07:45","07:33","-12","0","0","0","0","0"
"F9","11/12/2024","2429","N329FR","LAS","15:19","15:36","17","0","0","0","0","0"
"F9","11/12/2024","2440","N326FR","RDU","15:14","15:48","34","0","0","0","0","15"
"F9","11/12/2024","2632","N303FR","DFW","18:01","17:54","-7","0","0","0","0","0"
"F9","11/12/2024","2687","N356FR","PDX","22:17","22:41","24","18","0","0","0","0"
"F9","11/12/2024","2711","N644FR","SAN","22:30","22:30","0","0","0","0","0","0"
"F9","11/12/2024","2890","N313FR","AUS","16:03","15:55","-8","0","0","0","0","0"
"F9","11/12/2024","3155","N636FR","LAX","13:58","14:07","9","0","0","0","0","0"
"F9","11/12/2024","3162","N303FR","LGA","06:00","05:57","-3","0","0","0","0","0"
"F9","11/12/2024","3174","N235FR","ORD","19:42","19:45","3","0","0","0","0","0"
"F9","11/12/2024","3206","N630FR","IAH","08:36","08:31","-5","0","0","24","0","0"
"F9","11/12/2024","3230","N358FR","IAH","20:40","20:39","-1","0","0","0","0","0"
"F9","11/12/2024","3294","N633FR","ATL","23:49","00:03","14","0","0","0","0","0"
"F9","11/12/2024","3302","N619FR","STL","20:11","19:58","-13","0","0","0","0","0"
"F9","11/12/2024","3312","N379FR","MCO","13:50","13:48","-2","0","0","0","0","0"
"F9","11/12/2024","3340","N394FR","PHL","23:12","23:25","13","0","0","0","0","0"
"F9","11/12/2024","3376","N651FR","MCI","14:29","14:22","-7","0","0","0","0","0"
"F9","11/12/2024","3405","N349FR","SEA","17:17","17:41","24","0","0","0","0","0"
"F9","11/12/2024","3439","N715FR","SFO","22:26","22:27","1","0","0","0","0","0"
"F9","11/12/2024","3467","N371FR","PHX","20:03","19:58","-5","0","0","0","0","0"
"F9","11/12/2024","3981","N371FR","SLC","11:45","11:41","-4","0","0","0","0","0"
"F9","11/12/2024","4235","N337FR","SLC","14:01","14:47","46","43","0","0","0","0"
"F9","11/12/2024","4611","N637FR","LAS","22:42","22:50","8","0","0","0","0","0"
"F9","11/12/2024","4616","N616FR","MSP","16:06","16:00","-6","0","0","0","0","0"
"F9","11/12/2024","4721","N616FR","SLC","22:26","22:15","-11","0","0","0","0","0"
"F9","11/12/2024","4753","N365FR","PHX","22:59","23:18","19","0","0","0","0","0"
"F9","11/12/2024","4927","N349FR","SAN","09:45","09:56","11","0","0","0","0","0"
"F9","11/12/2024","4967","N611FR","LAS","18:33","19:34","61","0","0","0","0","59"
"F9","11/13/2024","0686","N342FR","DCA","06:45","06:38","-7","0","0","0","0","0"
"F9","11/13/2024","0688","N326FR","DCA","11:40","11:50","10","0","0","0","0","0"
"F9","11/13/2024","0690","N236FR","DCA","16:38","16:46","8","8","0","8","0","0"
"F9","11/13/2024","1093","N654FR","SFO","11:00","11:05","5","0","0","0","0","0"
"F9","11/13/2024","1114","N376FR","TPA","23:59","23:50","-9","0","0","0","0","0"
"F9","11/13/2024","1150","N610FR","MSP","16:06","15:58","-8","0","0","0","0","0"
"F9","11/13/2024","1175","N606FR","SEA","05:04","04:56","-8","0","0","0","0","0"
"F9","11/13/2024","1228","N312FR","MDW","12:28","12:32","4","0","0","0","0","0"
"F9","11/13/2024","1261","N610FR","ONT","08:20","08:12","-8","0","0","0","0","0"
"F9","11/13/2024","1292","N606FR","MSP","21:02","20:58","-4","0","0","0","0","0"
"F9","11/13/2024","1375","N349FR","PHX","07:00","06:58","-2","0","0","0","0","0"
"F9","11/13/2024","1450","N630FR","ATL","12:03","11:55","-8","0","0","0","0","0"
"F9","11/13/2024","1499","N604FR","ONT","22:38","22:54","16","0","0","0","0","0"
"F9","11/13/2024","1678","N389FR","DSM","15:18","15:29","11","0","0","0","0","0"
"F9","11/13/2024","1734","N650FR","MCO","00:20","00:18","-2","0","0","0","0","0"
"F9","11/13/2024","1784","N637FR","BNA","12:26","12:21","-5","0","0","0","0","0"
"F9","11/13/2024","1816","N376FR","AUS","16:03","17:05","62","12","0","0","0","34"
"F9","11/13/2024","1819","N358FR","PHX","09:51","10:02","11","0","0","0","0","0"
"F9","11/13/2024","2015","N637FR","LAS","06:00","05:47","-13","0","0","0","0","0"
"F9","11/13/2024","2046","N359FR","DFW","15:26","15:19","-7","0","0","0","0","0"
"F9","11/13/2024","2048","N344FR","ORD","13:54","14:00","6","0","0","0","0","0"
"F9","11/13/2024","2141","N362FR","PHX","13:57","13:48","-9","0","0","0","0","0"
"F9","11/13/2024","2261","N636FR","ELP","08:38","08:29","-9","0","0","0","0","0"
"F9","11/13/2024","2356","N651FR","SAT","07:10","07:01","-9","0","0","0","0","0"
"F9","11/13/2024","2374","N713FR","TYS","13:45","13:38","-7","0","0","0","0","0"
"F9","11/13/2024","2429","N386FR","LAS","14:21","14:34","13","0","0","0","0","0"
"F9","11/13/2024","2440","N370FR","RDU","15:11","15:06","-5","0","0","0","0","0"
"F9","11/13/2024","2687","N621FR","PDX","22:17","22:07","-10","0","0","0","0","0"
"F9","11/13/2024","2711","N610FR","SAN","22:30","22:21","-9","0","0","0","0","0"
"F9","11/13/2024","3155","N606FR","LAX","13:58","13:50","-8","0","0","0","0","0"
"F9","11/13/2024","3162","N376FR","LGA","06:00","06:18","18","18","0","5","0","0"
"F9","11/13/2024","3206","N303FR","IAH","08:06","08:01","-5","0","0","0","0","0"
"F9","11/13/2024","3294","N723FR","ATL","23:49","23:43","-6","0","0","0","0","0"
"F9","11/13/2024","3302","N349FR","STL","20:52","21:00","8","8","0","24","0","0"
"F9","11/13/2024","3312","N356FR","MCO","12:47","12:46","-1","0","0","0","0","0"
"F9","11/13/2024","3340","N613FR","PHL","23:59","23:58","-1","0","0","0","0","0"
"F9","11/13/2024","3376","N644FR","MCI","12:29","12:22","-7","0","0","0","0","0"
"F9","11/13/2024","3405","N633FR","SEA","17:18","17:23","5","0","0","0","0","0"
"F9","11/13/2024","3439","N713FR","SFO","22:26","22:21","-5","0","0","0","0","0"
"F9","11/13/2024","3467","N362FR","PHX","20:03","20:01","-2","0","0","0","0","0"
"F9","11/13/2024","3539","N389FR","LAS","22:45","22:39","-6","0","0","0","0","0"
"F9","11/13/2024","3930","N651FR","PNS","14:34","15:32","58","56","0","0","0","0"
"F9","11/13/2024","3981","N236FR","SLC","11:25","11:24","-1","0","0","0","0","0"
"F9","11/13/2024","4235","N347FR","SLC","14:01","16:16","135","8","0","0","0","116"
"F9","11/13/2024","4251","N313FR","SLC","16:59","16:56","-3","0","0","21","0","0"
"F9","11/13/2024","4344","N621FR","XNA","15:29","15:59","30","21","0","0","0","0"
"F9","11/13/2024","4371","N313FR","SNA","09:47","09:45","-2","0","0","0","0","0"
"F9","11/13/2024","4464","N303FR","DFW","19:20","19:27","7","0","0","0","0","0"
"F9","11/13/2024","4753","N382FR","PHX","22:59","22:58","-1","0","0","0","0","0"
"F9","11/13/2024","4794","N636FR","FAR","14:41","14:33","-8","0","0","0","0","0"
"F9","11/13/2024","4856","N235FR","IAH","20:40","20:30","-10","0","0","0","0","0"
"F9","11/13/2024","4927","N633FR","SAN","10:15","10:11","-4","0","0","0","0","0"
"F9","11/13/2024","4967","N654FR","LAS","18:33","18:29","-4","0","0","0","0","0"
"F9","11/14/2024","0686","N389FR","DCA","06:45","06:40","-5","0","0","0","0","0"
"F9","11/14/2024","0688","N324FR","DCA","11:40","11:38","-2","0","0","0","0","0"
"F9","11/14/2024","0690","N396FR","DCA","16:38","16:32","-6","0","0","0","0","0"
"F9","11/14/2024","1093","N358FR","SFO","13:35","13:46","11","0","0","9","0","11"
"F9","11/14/2024","1114","N648FR","TPA","23:59","23:57","-2","0","0","0","0","0"
"F9","11/14/2024","1128","N636FR","OMA","13:10","13:00","-10","0","0","0","0","0"
"F9","11/14/2024","1150","N324FR","MSP","05:15","05:00","-15","0","0","0","0","0"
"F9","11/14/2024","1175","N645FR","SEA","06:00","05:53","-7","0","0","0","0","0"
"F9","11/14/2024","1248","N389FR","GRR","16:08","16:07","-1","0","0","0","0","0"
"F9","11/14/2024","1261","N633FR","ONT","06:00","05:58","-2","0","0","0","0","0"
"F9","11/14/2024","1280","N376FR","MIA","10:13","10:09","-4","0","0","0","0","0"
"F9","11/14/2024","1324","N644FR","DFW","05:01","04:55","-6","0","0","0","0","0"
"F9","11/14/2024","1362","N651FR","CLT","13:08","13:05","-3","0","0","0","0","0"
"F9","11/14/2024","1375","N636FR","PHX","07:00","06:53","-7","0","0","0","0","0"
"F9","11/14/2024","1402","N648FR","BNA","06:20","06:10","-10","0","0","0","0","0"
"F9","11/14/2024","1450","N606FR","ATL","14:14","14:17","3","0","0","0","0","0"
"F9","11/14/2024","1484","N710FR","ORD","06:10","06:58","48","30","0","0","0","0"
"F9","11/14/2024","1608","N364FR","MKE","07:57","07:53","-4","0","0","0","0","0"
"F9","11/14/2024","1678","N621FR","DSM","16:14","16:36","22","0","0","0","0","0"
"F9","11/14/2024","1734","N360FR","MCO","00:20","00:34","14","0","0","0","0","0"
"F9","11/14/2024","1752","N637FR","CVG","16:56","17:03","7","0","0","0","0","0"
"F9","11/14/2024","1784","N342FR","BNA","15:23","15:12","-11","0","0","0","0","0"
"F9","11/14/2024","1789","N313FR","PDX","16:01","16:51","50","33","0","0","0","0"
"F9","11/14/2024","1816","N230FR","AUS","06:20","06:14","-6","0","0","0","0","0"
"F9","11/14/2024","1819","N370FR","PHX","11:45","12:50","65","3","0","0","0","60"
"F9","11/14/2024","1864","N621FR","OKC","10:41","10:39","-2","0","0","0","0","0"
"F9","11/14/2024","1918","N722FR","CLE","13:35","13:58","23","0","0","0","0","0"
"F9","11/14/2024","1993","N238FR","LAS","10:33","10:25","-8","0","0","0","0","0"
"F9","11/14/2024","2015","N715FR","LAS","06:45","06:47","2","0","0","0","0","0"
"F9","11/14/2024","2076","N235FR","DFW","08:06","07:57","-9","0","0","0","0","0"
"F9","11/14/2024","2108","N236FR","FSD","10:10","10:03","-7","0","0","0","0","0"
"F9","11/14/2024","2141","N230FR","PHX","14:02","14:02","0","0","0","0","0","0"
"F9","11/14/2024","2148","N644FR","DFW","11:31","11:20","-11","0","0","55","0","0"
"F9","11/14/2024","2210","N313FR","MDW","08:50","08:37","-13","0","0","0","0","0"
"F9","11/14/2024","2226","N637FR","RDU","07:20","07:14","-6","0","0","0","0","0"
"F9","11/14/2024","2261","N606FR","ELP","08:38","08:26","-12","0","0","0","0","0"
"F9","11/14/2024","2341","N651FR","LAX","06:00","05:50","-10","0","0","0","0","0"
"F9","11/14/2024","2348","N604FR","IND","11:00","10:56","-4","0","0","0","0","0"
"F9","11/14/2024","2356","N616FR","SAT","16:25","16:27","2","0","0","0","0","0"
"F9","11/14/2024","2360","N719FR","MSY","16:00","15:51","-9","0","0","0","0","0"
"F9","11/14/2024","2440","N236FR","RDU","15:20","15:18","-2","0","0","0","0","0"
"F9","11/14/2024","2632","N644FR","DFW","18:05","18:31","26","0","0","0","0","23"
"F9","11/14/2024","2687","N722FR","PDX","22:14","22:17","3","0","0","0","0","0"
"F9","11/14/2024","2706","N364FR","BWI","15:00","15:18","18","0","0","0","0","0"
"F9","11/14/2024","2711","N633FR","SAN","22:30","22:26","-4","0","0","0","0","0"
"F9","11/14/2024","2746","N645FR","TPA","14:10","14:00","-10","0","0","0","0","0"
"F9","11/14/2024","2817","N342FR","SAN","05:35","05:25","-10","0","0","0","0","0"
"F9","11/14/2024","2890","N610FR","AUS","17:13","17:11","-2","0","0","0","0","0"
"F9","11/14/2024","2907","N715FR","ONT","21:41","21:42","1","0","0","0","0","0"
"F9","11/14/2024","3155","N648FR","LAX","13:58","14:25","27","17","0","1","0","10"
"F9","11/14/2024","3162","N396FR","LGA","06:00","05:52","-8","0","0","0","0","0"
"F9","11/14/2024","3172","N354FR","ORD","20:59","21:04","5","0","0","0","0","0"
"F9","11/14/2024","3206","N336FR","IAH","20:40","20:40","0","0","0","0","0","0"
"F9","11/14/2024","3230","N326FR","IAH","05:05","04:59","-6","0","0","0","0","0"
"F9","11/14/2024","3286","N377FR","CVG","08:45","08:47","2","0","0","0","0","0"
"F9","11/14/2024","3294","N636FR","ATL","23:32","23:23","-9","0","0","0","0","0"
"F9","11/14/2024","3302","N324FR","STL","20:36","20:37","1","0","0","0","0","0"
"F9","11/14/2024","3312","N704FR","MCO","09:20","09:09","-11","0","0","0","0","0"
"F9","11/14/2024","3340","N719FR","PHL","23:59","01:05","66","49","0","0","0","0"
"F9","11/14/2024","3376","N604FR","MCI","18:34","18:38","4","0","0","0","0","0"
"F9","11/14/2024","3405","N630FR","SEA","18:58","18:51","-7","0","0","0","0","0"
"F9","11/14/2024","3439","N713FR","SFO","22:26","22:17","-9","0","0","0","0","0"
"F9","11/14/2024","3467","N332FR","PHX","18:01","17:54","-7","0","0","0","0","0"
"F9","11/14/2024","3566","N722FR","DTW","05:15","05:11","-4","0","0","0","0","0"
"F9","11/14/2024","3665","N605FR","SMF","13:07","13:18","11","5","0","4","0","6"
"F9","11/14/2024","3930","N715FR","PNS","13:14","13:14","0","0","0","0","0","0"
"F9","11/14/2024","3949","N651FR","LAS","22:43","22:49","6","0","0","0","0","0"
"F9","11/14/2024","3981","N713FR","SLC","10:47","10:47","0","0","0","0","0","0"
"F9","11/14/2024","4062","N633FR","MSN","15:35","15:28","-7","0","0","0","0","0"
"F9","11/14/2024","4235","N702FR","SLC","17:01","16:53","-8","0","0","0","0","0"
"F9","11/14/2024","4251","N358FR","SLC","20:46","20:42","-4","0","0","0","0","0"
"F9","11/14/2024","4344","N610FR","XNA","11:08","10:56","-12","0","0","0","0","0"
"F9","11/14/2024","4371","N326FR","SNA","12:00","11:51","-9","0","0","0","0","0"
"F9","11/14/2024","4374","N719FR","PIT","06:31","06:21","-10","0","0","0","0","0"
"F9","11/14/2024","4386","N713FR","CID","16:11","16:06","-5","0","0","0","0","0"
"F9","11/14/2024","4611","N232FR","LAS","20:43","22:32","109","17","0","2","0","92"
"F9","11/14/2024","4616","N710FR","MSP","21:18","21:08","-10","0","0","0","0","0"
"F9","11/14/2024","4753","N376FR","PHX","22:08","21:52","-16","0","0","0","0","0"
"F9","11/14/2024","4776","N710FR","LIT","14:41","14:55","14","0","0","0","0","0"
"F9","11/14/2024","4794","N605FR","FAR","07:00","06:53","-7","0","0","0","0","0"
"F9","11/14/2024","4917","N630FR","SJC","09:12","09:03","-9","0","0","0","0","0"
"F9","11/14/2024","4920","N616FR","MCO","06:05","05:49","-16","0","0","0","0","0"
"F9","11/14/2024","4967","N326FR","LAS","18:42","18:32","-10","0","0","0","0","0"
"F9","11/14/2024","4989","N370FR","SAN","19:56","20:35","39","39","0","3","0","0"
"F9","11/15/2024","0686","N348FR","DCA","06:45","06:49","4","0","0","0","0","0"
"F9","11/15/2024","0688","N347FR","DCA","11:40","11:52","12","0","0","0","0","0"
"F9","11/15/2024","0690","N326FR","DCA","16:38","16:30","-8","0","0","0","0","0"
"F9","11/15/2024","1093","N621FR","SFO","18:34","19:46","72","56","0","0","0","0"
"F9","11/15/2024","1114","N639FR","TPA","23:59","23:54","-5","0","0","0","0","0"
"F9","11/15/2024","1150","N715FR","MSP","10:16","10:08","-8","0","0","0","0","0"
"F9","11/15/2024","1162","N236FR","HOU","18:28","18:20","-8","0","0","0","0","0"
"F9","11/15/2024","1175","N365FR","SEA","06:05","06:10","5","0","0","0","0","0"
"F9","11/15/2024","1228","N389FR","MDW","14:54","14:50","-4","0","0","0","0","0"
"F9","11/15/2024","1248","N342FR","GRR","16:09","16:42","33","0","0","0","0","16"
"F9","11/15/2024","1261","N630FR","ONT","06:00","06:11","11","0","0","0","0","0"
"F9","11/15/2024","1280","N606FR","MIA","06:00","05:55","-5","0","0","0","0","0"
"F9","11/15/2024","1292","N710FR","MSP","20:59","20:50","-9","0","0","0","0","0"
"F9","11/15/2024","1324","N347FR","DFW","05:05","05:54","49","49","0","15","0","0"
"F9","11/15/2024","1362","N604FR","CLT","13:14","13:08","-6","0","0","0","0","0"
"F9","11/15/2024","1375","N625FR","PHX","06:00","06:07","7","0","0","0","0","0"
"F9","11/15/2024","1402","N313FR","BNA","07:15","07:10","-5","0","0","0","0","0"
"F9","11/15/2024","1450","N645FR","ATL","09:55","09:54","-1","0","0","32","0","0"
"F9","11/15/2024","1484","N702FR","ORD","06:50","07:16","26","0","0","0","0","0"
"F9","11/15/2024","1499","N347FR","ONT","22:03","21:59","-4","0","0","0","0","0"
"F9","11/15/2024","1560","N630FR","MSN","15:31","15:21","-10","0","0","0","0","0"
"F9","11/15/2024","1608","N722FR","MKE","10:39","10:34","-5","0","0","0","0","0"
"F9","11/15/2024","1678","N633FR","DSM","11:08","10:59","-9","0","0","0","0","0"
"F9","11/15/2024","1734","N356FR","MCO","00:59","00:45","-14","0","0","0","0","0"
"F9","11/15/2024","1784","N718FR","BNA","15:23","15:25","2","0","0","14","0","2"
"F9","11/15/2024","1789","N610FR","PDX","06:00","05:52","-8","0","0","0","0","0"
"F9","11/15/2024","1819","N358FR","PHX","08:50","08:51","1","0","0","0","0","0"
"F9","11/15/2024","1864","N605FR","OKC","13:03","13:00","-3","0","0","0","0","0"
"F9","11/15/2024","1874","N651FR","OMA","19:24","19:16","-8","0","0","0","0","0"
"F9","11/15/2024","1918","N364FR","CLE","05:05","04:50","-15","0","0","0","0","0"
"F9","11/15/2024","1993","N640FR","LAS","10:13","10:18","5","0","0","0","0","0"
"F9","11/15/2024","2015","N621FR","LAS","06:00","05:57","-3","0","0","0","0","0"
"F9","11/15/2024","2105","N640FR","PHX","18:51","18:46","-5","0","0","20","0","0"
"F9","11/15/2024","2108","N377FR","FSD","18:45","18:35","-10","0","0","0","0","0"
"F9","11/15/2024","2141","N367FR","PHX","14:02","13:54","-8","0","0","0","0","0"
"F9","11/15/2024","2210","N312FR","MDW","08:41","08:40","-1","0","0","0","0","0"
"F9","11/15/2024","2212","N713FR","DTW","16:37","17:02","25","0","0","0","0","0"
"F9","11/15/2024","2261","N651FR","ELP","13:33","13:32","-1","0","0","0","0","0"
"F9","11/15/2024","2341","N605FR","LAX","06:00","05:53","-7","0","0","0","0","0"
"F9","11/15/2024","2348","N651FR","IND","06:00","05:58","-2","0","0","0","0","0"
"F9","11/15/2024","2356","N364FR","SAT","13:54","13:50","-4","0","0","0","0","0"
"F9","11/15/2024","2374","N310FR","TYS","14:40","14:39","-1","0","0","0","0","0"
"F9","11/15/2024","2440","N396FR","RDU","15:20","15:19","-1","0","0","0","0","0"
"F9","11/15/2024","2687","N310FR","PDX","22:30","22:20","-10","0","0","0","0","0"
"F9","11/15/2024","2706","N636FR","BWI","08:56","08:42","-14","0","0","0","0","0"
"F9","11/15/2024","2746","N715FR","TPA","15:11","16:58","107","3","0","0","0","91"
"F9","11/15/2024","2817","N389FR","SAN","05:35","05:31","-4","0","0","0","0","0"
"F9","11/15/2024","2986","N718FR","CLT","06:45","06:36","-9","0","0","0","0","0"
"F9","11/15/2024","3042","N606FR","DFW","16:46","16:41","-5","0","0","0","0","0"
"F9","11/15/2024","3052","N603FR","AUS","16:15","16:14","-1","0","0","0","0","0"
"F9","11/15/2024","3155","N365FR","LAX","13:59","13:49","-10","0","0","0","0","0"
"F9","11/15/2024","3162","N326FR","LGA","06:00","05:56","-4","0","0","0","0","0"
"F9","11/15/2024","3174","N633FR","ORD","17:07","17:02","-5","0","0","0","0","0"
"F9","11/15/2024","3230","N364FR","IAH","20:34","20:31","-3","0","0","0","0","0"
"F9","11/15/2024","3286","N336FR","CVG","08:20","08:12","-8","0","0","0","0","0"
"F9","11/15/2024","3294","N610FR","ATL","23:22","23:21","-1","0","0","0","0","0"
"F9","11/15/2024","3302","N365FR","STL","20:42","20:31","-11","0","0","0","0","0"
"F9","11/15/2024","3312","N369FR","MCO","10:48","10:48","0","0","0","0","0","0"
"F9","11/15/2024","3340","N381FR","PHL","23:59","23:53","-6","0","0","0","0","0"
"F9","11/15/2024","3376","N636FR","MCI","18:44","19:26","42","0","0","0","0","34"
"F9","11/15/2024","3405","N722FR","SEA","17:59","18:02","3","0","0","0","0","0"
"F9","11/15/2024","3439","N603FR","SFO","22:49","22:49","0","0","0","0","0","0"
"F9","11/15/2024","3467","N382FR","PHX","20:58","20:48","-10","0","0","0","0","0"
"F9","11/15/2024","3539","N604FR","LAS","22:43","22:43","0","0","0","0","0","0"
"F9","11/15/2024","3566","N604FR","DTW","05:01","04:56","-5","0","0","0","0","0"
"F9","11/15/2024","3665","N610FR","SMF","13:39","13:35","-4","0","0","0","0","0"
"F9","11/15/2024","3930","N313FR","PNS","14:43","14:42","-1","0","0","0","0","0"
"F9","11/15/2024","3981","N396FR","SLC","10:10","10:03","-7","0","0","0","0","0"
"F9","11/15/2024","4070","N710FR","DFW","14:30","14:35","5","0","0","0","0","0"
"F9","11/15/2024","4251","N625FR","SLC","18:12","18:42","30","30","0","0","0","0"
"F9","11/15/2024","4344","N310FR","XNA","08:50","08:40","-10","0","0","0","0","0"
"F9","11/15/2024","4371","N236FR","SNA","11:44","11:37","-7","0","0","0","0","0"
"F9","11/15/2024","4386","N713FR","CID","10:47","10:43","-4","0","0","0","0","0"
"F9","11/15/2024","4464","N710FR","DFW","07:55","08:09","14","0","0","0","0","0"
"F9","11/15/2024","4562","N605FR","MSY","17:08","18:06","58","0","0","19","0","58"
"F9","11/15/2024","4576","N348FR","CMH","16:03","16:02","-1","0","0","0","0","0"
"F9","11/15/2024","4611","N386FR","LAS","20:40","20:54","14","0","0","0","0","0"
"F9","11/15/2024","4626","N342FR","MEM","08:18","08:08","-10","0","0","0","0","0"
"F9","11/15/2024","4721","N389FR","SLC","21:53","21:52","-1","0","0","0","0","0"
"F9","11/15/2024","4794","N625FR","FAR","12:06","11:56","-10","0","0","0","0","0"
"F9","11/15/2024","4856","N349FR","IAH","18:34","18:57","23","0","0","0","0","0"
"F9","11/15/2024","4917","N377FR","SJC","09:31","09:25","-6","0","0","0","0","0"
"F9","11/15/2024","4920","N613FR","MCO","06:05","06:10","5","0","0","0","0","0"
"F9","11/15/2024","4927","N702FR","SAN","12:44","14:20","96","0","0","55","0","96"
"F9","11/15/2024","4967","N645FR","LAS","18:40","20:20","100","33","0","0","0","66"
"F9","11/15/2024","4989","N718FR","SAN","21:39","22:40","61","0","0","5","0","61"
"F9","11/16/2024","0686","N349FR","DCA","06:45","06:45","0","0","0","0","0","0"
"F9","11/16/2024","0688","N396FR","DCA","11:40","11:47","7","0","0","0","0","0"
"F9","11/16/2024","0690","N310FR","DCA","16:38","16:31","-7","0","0","0","0","0"
"F9","11/16/2024","1114","N723FR","TPA","23:59","23:58","-1","0","0","0","0","0"
"F9","11/16/2024","1150","N710FR","MSP","08:23","08:15","-8","0","0","0","0","0"
"F9","11/16/2024","1175","N645FR","SEA","06:00","05:49","-11","0","0","0","0","0"
"F9","11/16/2024","1261","N326FR","ONT","13:50","13:44","-6","0","0","0","0","0"
"F9","11/16/2024","1280","N718FR","MIA","11:08","11:12","4","0","0","0","0","0"
"F9","11/16/2024","1292","N710FR","MSP","21:16","21:11","-5","0","0","0","0","0"
"F9","11/16/2024","1362","N605FR","CLT","14:09","14:04","-5","0","0","0","0","0"
"F9","11/16/2024","1499","N348FR","ONT","22:38","23:15","37","0","0","0","0","0"
"F9","11/16/2024","1734","N625FR","MCO","00:59","01:29","30","0","0","0","0","0"
"F9","11/16/2024","1784","N715FR","BNA","12:26","12:26","0","0","0","0","0","0"
"F9","11/16/2024","1789","N364FR","PDX","08:29","08:26","-3","0","0","0","0","0"
"F9","11/16/2024","1819","N382FR","PHX","09:51","09:42","-9","0","0","0","0","0"
"F9","11/16/2024","1993","N380FR","LAS","10:09","10:05","-4","0","0","0","0","0"
"F9","11/16/2024","2015","N715FR","LAS","06:00","05:57","-3","0","0","0","0","0"
"F9","11/16/2024","2105","N389FR","PHX","18:57","18:44","-13","0","0","0","0","0"
"F9","11/16/2024","2141","N358FR","PHX","14:45","14:36","-9","0","0","0","0","0"
"F9","11/16/2024","2148","N389FR","DFW","08:41","08:37","-4","0","0","0","0","0"
"F9","11/16/2024","2261","N723FR","ELP","08:38","09:04","26","10","0","13","0","16"
"F9","11/16/2024","2341","N605FR","LAX","06:00","05:56","-4","0","0","0","0","0"
"F9","11/16/2024","2348","N639FR","IND","11:30","11:23","-7","0","0","0","0","0"
"F9","11/16/2024","2356","N708FR","SAT","07:00","08:14","74","54","0","0","0","0"
"F9","11/16/2024","2421","N723FR","SAN","14:42","14:39","-3","0","0","0","0","0"
"F9","11/16/2024","2429","N642FR","LAS","16:33","16:42","9","0","0","0","0","0"
"F9","11/16/2024","2440","N347FR","RDU","15:13","15:13","0","0","0","0","0","0"
"F9","11/16/2024","2550","N335FR","DFW","21:02","21:01","-1","0","0","0","0","0"
"F9","11/16/2024","2632","N233FR","DFW","17:45","17:42","-3","0","0","0","0","0"
"F9","11/16/2024","2687","N364FR","PDX","22:12","22:24","12","0","0","0","0","0"
"F9","11/16/2024","2711","N633FR","SAN","22:30","22:22","-8","0","0","0","0","0"
"F9","11/16/2024","2890","N364FR","AUS","15:56","16:36","40","40","0","9","0","0"
"F9","11/16/2024","3111","N603FR","SFO","11:00","10:52","-8","0","0","0","0","0"
"F9","11/16/2024","3149","N619FR","SEA","16:00","16:16","16","0","0","0","0","0"
"F9","11/16/2024","3155","N645FR","LAX","13:58","14:02","4","0","0","0","0","0"
"F9","11/16/2024","3162","N348FR","LGA","06:00","05:53","-7","0","0","0","0","0"
"F9","11/16/2024","3172","N722FR","ORD","19:38","19:51","13","0","0","0","0","0"
"F9","11/16/2024","3206","N619FR","IAH","08:25","08:32","7","0","0","0","0","0"
"F9","11/16/2024","3294","N621FR","ATL","23:34","00:22","48","22","0","0","0","0"
"F9","11/16/2024","3302","N326FR","STL","20:23","20:13","-10","0","0","0","0","0"
"F9","11/16/2024","3312","N313FR","MCO","13:48","13:46","-2","0","0","0","0","0"
"F9","11/16/2024","3340","N330FR","PHL","23:57","23:47","-10","0","0","0","0","0"
"F9","11/16/2024","3376","N348FR","MCI","17:01","16:56","-5","0","0","0","0","0"
"F9","11/16/2024","3439","N713FR","SFO","22:45","22:34","-11","0","0","0","0","0"
"F9","11/16/2024","3539","N377FR","LAS","22:43","22:57","14","0","0","0","0","0"
"F9","11/16/2024","3930","N377FR","PNS","08:54","08:44","-10","0","0","0","0","0"
"F9","11/16/2024","3981","N310FR","SLC","11:34","11:20","-14","0","0","0","0","0"
"F9","11/16/2024","4070","N335FR","DFW","14:53","14:57","4","0","0","0","0","0"
"F9","11/16/2024","4251","N346FR","SLC","22:11","22:01","-10","0","0","0","0","0"
"F9","11/16/2024","4371","N352FR","SNA","08:49","08:41","-8","0","0","0","0","0"
"F9","11/16/2024","4721","N360FR","SLC","18:28","18:58","30","17","0","0","0","0"
"F9","11/16/2024","4753","N349FR","PHX","21:30","22:44","74","74","0","17","0","0"
"F9","11/16/2024","4765","N360FR","PHX","12:08","11:59","-9","0","0","0","0","0"
"F9","11/16/2024","4856","N639FR","IAH","19:29","19:23","-6","0","0","0","0","0"
"F9","11/16/2024","4927","N376FR","SAN","12:04","11:58","-6","0","0","0","0","0"
"F9","11/16/2024","4967","N630FR","LAS","18:33","19:29","56","39","0","0","0","7"
"F9","11/17/2024","0686","N396FR","DCA","06:45","06:47","2","0","0","0","0","0"
"F9","11/17/2024","0688","N347FR","DCA","11:40","11:35","-5","0","0","0","0","0"
"F9","11/17/2024","0690","N364FR","DCA","16:38","16:46","8","0","0","0","0","0"
"F9","11/17/2024","1093","N377FR","SFO","13:35","13:27","-8","0","0","18","0","0"
"F9","11/17/2024","1114","N656FR","TPA","23:59","00:11","12","12","0","11","0","0"
"F9","11/17/2024","1128","N365FR","OMA","18:43","18:27","-16","0","0","0","0","0"
"F9","11/17/2024","1150","N610FR","MSP","18:49","19:09","20","0","0","0","0","0"
"F9","11/17/2024","1162","N346FR","HOU","08:50","08:47","-3","0","0","0","0","0"
"F9","11/17/2024","1175","N625FR","SEA","05:55","09:33","218","197","0","0","0","0"
"F9","11/17/2024","1229","N713FR","SFO","22:58","22:59","1","0","0","0","0","0"
"F9","11/17/2024","1248","N310FR","GRR","10:10","10:15","5","0","0","0","0","0"
"F9","11/17/2024","1261","N645FR","ONT","06:00","06:03","3","0","0","0","0","0"
"F9","11/17/2024","1280","N611FR","MIA","06:00","06:19","19","0","0","0","0","0"
"F9","11/17/2024","1324","N651FR","DFW","05:15","05:08","-7","0","0","0","0","0"
"F9","11/17/2024","1362","N616FR","CLT","13:20","13:45","25","0","0","0","0","0"
"F9","11/17/2024","1375","N386FR","PHX","05:45","05:34","-11","0","0","0","0","0"
"F9","11/17/2024","1402","N718FR","BNA","06:00","05:59","-1","0","0","0","0","0"
"F9","11/17/2024","1450","N715FR","ATL","13:52","14:26","34","0","0","0","0","0"
"F9","11/17/2024","1484","N712FR","ORD","05:01","04:58","-3","0","0","0","0","0"
"F9","11/17/2024","1560","N702FR","MSN","12:20","12:09","-11","0","0","0","0","0"
"F9","11/17/2024","1608","N710FR","MKE","08:07","08:05","-2","0","0","0","0","0"
"F9","11/17/2024","1678","N364FR","DSM","10:50","10:45","-5","0","0","0","0","0"
"F9","11/17/2024","1734","N389FR","MCO","00:16","00:26","10","0","0","0","0","0"
"F9","11/17/2024","1752","N379FR","CVG","20:12","21:06","54","0","0","0","0","44"
"F9","11/17/2024","1784","N604FR","BNA","15:25","15:24","-1","0","0","0","0","0"
"F9","11/17/2024","1789","N236FR","PDX","07:35","08:12","37","0","0","0","0","0"
"F9","11/17/2024","1816","N718FR","AUS","11:09","13:38","149","2","0","0","0","145"
"F9","11/17/2024","1819","N653FR","PHX","09:45","09:43","-2","0","0","0","0","0"
"F9","11/17/2024","1864","N723FR","OKC","10:17","10:07","-10","0","0","0","0","0"
"F9","11/17/2024","1918","N723FR","CLE","15:45","15:35","-10","0","0","0","0","0"
"F9","11/17/2024","1993","N348FR","LAS","10:35","10:55","20","0","0","0","0","0"
"F9","11/17/2024","2015","N616FR","LAS","06:45","06:36","-9","0","0","0","0","0"
"F9","11/17/2024","2105","N310FR","PHX","17:46","17:44","-2","0","0","0","0","0"
"F9","11/17/2024","2108","N305FR","FSD","16:53","16:57","4","0","0","0","0","0"
"F9","11/17/2024","2141","N382FR","PHX","14:15","15:11","56","18","0","2","0","38"
"F9","11/17/2024","2148","N651FR","DFW","11:45","11:44","-1","0","0","0","0","0"
"F9","11/17/2024","2212","N396FR","DTW","16:03","18:20","137","68","0","0","0","43"
"F9","11/17/2024","2226","N619FR","RDU","07:20","07:13","-7","0","0","0","0","0"
"F9","11/17/2024","2261","N713FR","ELP","10:47","11:20","33","33","0","6","0","0"
"F9","11/17/2024","2341","N605FR","LAX","06:00","05:58","-2","0","0","0","0","0"
"F9","11/17/2024","2348","N377FR","IND","06:00","05:51","-9","0","0","0","0","0"
"F9","11/17/2024","2356","N236FR","SAT","14:48","14:52","4","0","0","0","0","0"
"F9","11/17/2024","2360","N715FR","MSY","06:00","05:55","-5","0","0","0","0","0"
"F9","11/17/2024","2429","N710FR","LAS","15:24","15:38","14","0","0","0","0","0"
"F9","11/17/2024","2440","N346FR","RDU","16:09","16:37","28","0","0","0","0","0"
"F9","11/17/2024","2553","N625FR","PDX","21:01","00:05","184","0","0","0","0","160"
"F9","11/17/2024","2632","N651FR","DFW","18:19","18:12","-7","0","0","0","0","0"
"F9","11/17/2024","2706","N645FR","BWI","15:32","15:35","3","0","0","0","0","0"
"F9","11/17/2024","2711","N604FR","SAN","22:30","22:57","27","0","0","0","0","16"
"F9","11/17/2024","2746","","TPA","13:50","00:00","0","0","0","0","0","0"
"F9","11/17/2024","2817","N352FR","SAN","05:31","05:22","-9","0","0","29","0","0"
"F9","11/17/2024","2890","N337FR","AUS","15:55","16:08","13","9","0","14","0","4"
"F9","11/17/2024","2907","N715FR","ONT","22:37","23:32","55","45","0","0","0","0"
"F9","11/17/2024","2946","N368FR","MDW","22:11","22:04","-7","0","0","0","0","0"
"F9","11/17/2024","3155","N625FR","LAX","13:58","17:03","185","0","0","0","0","162"
"F9","11/17/2024","3162","N337FR","LGA","06:00","05:57","-3","0","0","0","0","0"
"F9","11/17/2024","3174","N611FR","ORD","16:46","16:55","9","0","0","0","0","0"
"F9","11/17/2024","3230","N702FR","IAH","05:05","05:03","-2","0","0","0","0","0"
"F9","11/17/2024","3286","N637FR","CVG","08:50","09:07","17","0","0","0","0","0"
"F9","11/17/2024","3294","N305FR","ATL","23:00","23:41","41","20","0","0","0","0"
"F9","11/17/2024","3312","N639FR","MCO","09:19","20:51","692","0","0","0","0","677"
"F9","11/17/2024","3340","N390FR","PHL","23:59","01:13","74","7","0","0","0","52"
"F9","11/17/2024","3376","N702FR","MCI","19:17","19:12","-5","0","0","0","0","0"
"F9","11/17/2024","3405","N712FR","SEA","18:40","18:44","4","0","0","0","0","0"
"F9","11/17/2024","3467","N377FR","PHX","20:39","20:57","18","0","0","0","0","15"
"F9","11/17/2024","3665","N605FR","SMF","13:06","13:06","0","0","0","0","0","0"
"F9","11/17/2024","3930","N352FR","PNS","14:46","15:40","54","43","0","0","0","0"
"F9","11/17/2024","3949","N605FR","LAS","22:43","22:50","7","0","0","0","0","0"
"F9","11/17/2024","3981","N639FR","SLC","08:57","08:50","-7","0","0","0","0","0"
"F9","11/17/2024","4070","N639FR","DFW","14:27","14:22","-5","0","0","0","0","0"
"F9","11/17/2024","4235","N619FR","SLC","17:06","17:12","6","0","0","0","0","0"
"F9","11/17/2024","4251","N337FR","SLC","22:16","22:15","-1","0","0","0","0","0"
"F9","11/17/2024","4344","N712FR","XNA","12:39","12:43","4","0","0","0","0","0"
"F9","11/17/2024","4371","N386FR","SNA","12:13","12:03","-10","0","0","0","0","0"
"F9","11/17/2024","4374","N636FR","PIT","07:00","06:50","-10","0","0","0","0","0"
"F9","11/17/2024","4386","N713FR","CID","16:43","17:21","38","0","0","0","0","31"
"F9","11/17/2024","4478","N236FR","STL","21:10","21:04","-6","0","0","0","0","0"
"F9","11/17/2024","4616","N630FR","MSP","21:18","21:48","30","0","0","0","0","17"
"F9","11/17/2024","4776","N718FR","LIT","17:48","20:00","132","2","0","0","0","128"
"F9","11/17/2024","4794","N636FR","FAR","16:06","15:57","-9","0","0","0","0","0"
"F9","11/17/2024","4856","N230FR","IAH","20:47","20:58","11","3","0","18","0","8"
"F9","11/17/2024","4917","N610FR","SJC","09:03","08:53","-10","0","0","0","0","0"
"F9","11/17/2024","4920","N604FR","MCO","05:30","05:36","6","0","0","0","0","0"
"F9","11/17/2024","4967","N386FR","LAS","18:54","18:51","-3","0","0","0","0","0"
"F9","11/17/2024","4989","N358FR","SAN","19:56","19:42","-14","0","0","0","0","0"
"F9","11/18/2024","0686","N347FR","DCA","06:45","06:42","-3","0","0","0","0","0"
"F9","11/18/2024","0688","N323FR","DCA","11:40","11:35","-5","0","0","0","0","0"
"F9","11/18/2024","0690","N329FR","DCA","16:38","16:31","-7","0","0","0","0","0"
"F9","11/18/2024","1093","N610FR","SFO","18:23","18:22","-1","0","0","0","0","0"
"F9","11/18/2024","1114","N611FR","TPA","23:59","23:57","-2","0","0","0","0","0"
"F9","11/18/2024","1162","N305FR","HOU","08:15","08:15","0","0","0","0","0","0"
"F9","11/18/2024","1175","N605FR","SEA","06:00","05:57","-3","0","0","0","0","0"
"F9","11/18/2024","1228","N365FR","MDW","13:54","14:18","24","16","0","0","0","0"
"F9","11/18/2024","1248","N648FR","GRR","16:08","17:16","68","0","0","1","0","68"
"F9","11/18/2024","1261","N616FR","ONT","06:05","06:00","-5","0","0","0","0","0"
"F9","11/18/2024","1280","N630FR","MIA","14:46","15:00","14","0","0","0","0","0"
"F9","11/18/2024","1292","N645FR","MSP","21:41","22:14","33","0","0","0","0","19"
"F9","11/18/2024","1324","N610FR","DFW","05:01","04:53","-8","0","0","0","0","0"
"F9","11/18/2024","1362","N611FR","CLT","13:51","15:01","70","0","0","0","0","51"
"F9","11/18/2024","1402","N630FR","BNA","06:50","08:09","79","0","0","0","0","66"
"F9","11/18/2024","1450","N651FR","ATL","14:15","14:13","-2","0","0","0","0","0"
"F9","11/18/2024","1484","N702FR","ORD","06:10","06:06","-4","0","0","0","0","0"
"F9","11/18/2024","1499","N346FR","ONT","22:17","22:24","7","0","0","0","0","0"
"F9","11/18/2024","1560","N715FR","MSN","10:17","10:08","-9","0","0","0","0","0"
"F9","11/18/2024","1608","N610FR","MKE","11:04","11:21","17","0","0","0","0","0"
"F9","11/18/2024","1678","N386FR","DSM","15:19","15:09","-10","0","0","0","0","0"
"F9","11/18/2024","1734","N352FR","MCO","00:55","00:49","-6","0","0","0","0","0"
"F9","11/18/2024","1784","N715FR","BNA","16:47","17:04","17","0","0","0","0","0"
"F9","11/18/2024","1789","N232FR","PDX","06:05","06:04","-1","0","0","0","0","0"
"F9","11/18/2024","1819","N723FR","PHX","17:50","17:54","4","0","0","0","0","0"
"F9","11/18/2024","1864","N332FR","OKC","06:20","06:19","-1","0","0","0","0","0"
"F9","11/18/2024","1874","N636FR","OMA","18:26","18:45","19","0","0","0","0","0"
"F9","11/18/2024","1918","N651FR","CLE","05:15","05:07","-8","0","0","0","0","0"
"F9","11/18/2024","1993","N364FR","LAS","10:09","10:01","-8","0","0","0","0","0"
"F9","11/18/2024","2015","N723FR","LAS","06:00","06:03","3","0","0","0","0","0"
"F9","11/18/2024","2108","N386FR","FSD","10:10","10:08","-2","0","0","0","0","0"
"F9","11/18/2024","2141","N723FR","PHX","12:24","12:18","-6","0","0","0","0","0"
"F9","11/18/2024","2210","N337FR","MDW","08:46","08:39","-7","0","0","0","0","0"
"F9","11/18/2024","2212","N645FR","DTW","14:15","14:32","17","0","0","0","0","0"
"F9","11/18/2024","2261","N713FR","ELP","10:57","10:50","-7","0","0","0","0","0"
"F9","11/18/2024","2341","N653FR","LAX","06:00","05:52","-8","0","0","0","0","0"
"F9","11/18/2024","2348","N653FR","IND","17:18","19:00","102","0","0","0","0","86"
"F9","11/18/2024","2356","N611FR","SAT","07:00","06:58","-2","0","0","0","0","0"
"F9","11/18/2024","2374","N713FR","TYS","16:52","16:51","-1","0","0","0","0","0"
"F9","11/18/2024","2429","N616FR","LAS","15:37","15:29","-8","0","0","0","0","0"
"F9","11/18/2024","2440","N305FR","RDU","15:20","15:58","38","4","0","13","0","34"
"F9","11/18/2024","2632","N625FR","DFW","18:05","21:39","214","0","0","0","0","200"
"F9","11/18/2024","2687","N347FR","PDX","22:12","22:09","-3","0","0","0","0","0"
"F9","11/18/2024","2706","N230FR","BWI","08:29","08:32","3","0","0","0","0","0"
"F9","11/18/2024","2711","N702FR","SAN","22:30","22:28","-2","0","0","0","0","0"
"F9","11/18/2024","2746","N718FR","TPA","13:48","15:45","117","35","0","0","0","82"
"F9","11/18/2024","2817","N718FR","SAN","05:30","05:21","-9","0","0","0","0","0"
"F9","11/18/2024","2890","N347FR","AUS","16:03","16:12","9","0","0","0","0","0"
"F9","11/18/2024","2986","N365FR","CLT","05:01","04:53","-8","0","0","0","0","0"
"F9","11/18/2024","3155","N605FR","LAX","14:09","14:33","24","12","0","2","0","12"
"F9","11/18/2024","3162","N396FR","LGA","06:00","06:13","13","0","0","0","0","0"
"F9","11/18/2024","3174","N232FR","ORD","13:29","13:28","-1","0","0","0","0","0"
"F9","11/18/2024","3206","N329FR","IAH","09:25","09:17","-8","0","0","0","0","0"
"F9","11/18/2024","3256","N625FR","MSP","09:07","10:25","78","0","0","0","0","68"
"F9","11/18/2024","3286","N391FR","CVG","08:05","07:59","-6","0","0","0","0","0"
"F9","11/18/2024","3294","N720FR","ATL","23:49","23:54","5","0","0","0","0","0"
"F9","11/18/2024","3299","N369FR","PHX","15:10","15:02","-8","0","0","0","0","0"
"F9","11/18/2024","3302","N323FR","STL","20:57","20:45","-12","0","0","0","0","0"
"F9","11/18/2024","3312","N332FR","MCO","11:19","11:18","-1","0","0","0","0","0"
"F9","11/18/2024","3338","N346FR","MCI","16:49","16:49","0","0","0","0","0","0"
"F9","11/18/2024","3340","N381FR","PHL","23:59","23:51","-8","0","0","0","0","0"
"F9","11/18/2024","3405","N230FR","SEA","17:56","17:44","-12","0","0","0","0","0"
"F9","11/18/2024","3439","N616FR","SFO","21:37","21:24","-13","0","0","0","0","0"
"F9","11/18/2024","3467","N382FR","PHX","20:14","20:11","-3","0","0","0","0","0"
"F9","11/18/2024","3539","N651FR","LAS","22:43","23:29","46","0","0","0","0","44"
"F9","11/18/2024","3566","N645FR","DTW","06:00","05:59","-1","0","0","0","0","0"
"F9","11/18/2024","3665","N702FR","SMF","13:06","13:51","45","10","0","0","0","34"
"F9","11/18/2024","3861","N358FR","SLC","08:50","08:41","-9","0","0","0","0","0"
"F9","11/18/2024","3930","N712FR","PNS","15:15","15:45","30","10","0","4","0","20"
"F9","11/18/2024","3981","N346FR","SLC","11:45","11:44","-1","0","0","0","0","0"
"F9","11/18/2024","4070","N653FR","DFW","11:31","13:04","93","0","0","0","0","71"
"F9","11/18/2024","4344","N625FR","XNA","15:42","16:05","23","0","0","0","0","0"
"F9","11/18/2024","4371","N344FR","SNA","09:24","09:13","-11","0","0","0","0","0"
"F9","11/18/2024","4386","N648FR","CID","10:26","10:28","2","0","0","0","0","0"
"F9","11/18/2024","4464","N395FR","DFW","08:11","09:12","61","0","0","52","0","0"
"F9","11/18/2024","4576","N396FR","CMH","15:55","15:54","-1","0","0","0","0","0"
"F9","11/18/2024","4626","N604FR","MEM","10:41","10:59","18","0","0","2","0","18"
"F9","11/18/2024","4721","N386FR","SLC","22:11","22:01","-10","0","0","0","0","0"
"F9","11/18/2024","4753","N354FR","PHX","22:14","22:04","-10","0","0","0","0","0"
"F9","11/18/2024","4794","N344FR","FAR","16:15","16:06","-9","0","0","0","0","0"
"F9","11/18/2024","4856","N365FR","IAH","20:55","20:46","-9","0","0","0","0","0"
"F9","11/18/2024","4917","N636FR","SJC","09:30","09:38","8","0","0","0","0","0"
"F9","11/18/2024","4920","N712FR","MCO","06:00","05:53","-7","0","0","0","0","0"
"F9","11/18/2024","4927","N354FR","SAN","10:52","10:48","-4","0","0","0","0","0"
"F9","11/18/2024","4967","N324FR","LAS","18:34","18:24","-10","0","0","0","0","0"
"F9","11/19/2024","0686","N318FR","DCA","06:45","07:11","26","0","0","0","0","0"
"F9","11/19/2024","0688","N365FR","DCA","11:40","11:59","19","0","0","0","0","0"
"F9","11/19/2024","0690","N347FR","DCA","16:38","16:31","-7","0","0","0","0","0"
"F9","11/19/2024","1114","N712FR","TPA","23:59","23:57","-2","0","0","0","0","0"
"F9","11/19/2024","1128","N631FR","OMA","10:47","10:42","-5","0","0","0","0","0"
"F9","11/19/2024","1175","N653FR","SEA","06:00","05:54","-6","0","0","0","0","0"
"F9","11/19/2024","1228","N368FR","MDW","12:28","12:29","1","0","0","0","0","0"
"F9","11/19/2024","1261","N648FR","ONT","08:45","08:40","-5","0","0","0","0","0"
"F9","11/19/2024","1292","N645FR","MSP","21:18","21:34","16","0","0","0","0","0"
"F9","11/19/2024","1375","N651FR","PHX","07:00","06:50","-10","0","0","0","0","0"
"F9","11/19/2024","1499","N630FR","ONT","22:38","22:28","-10","0","0","0","0","0"
"F9","11/19/2024","1734","N396FR","MCO","00:20","00:02","-18","0","0","0","0","0"
"F9","11/19/2024","1864","N630FR","OKC","14:34","14:37","3","0","0","0","0","0"
"F9","11/19/2024","2015","N610FR","LAS","06:00","05:51","-9","0","0","0","0","0"
"F9","11/19/2024","2108","N347FR","FSD","10:31","10:31","0","0","0","0","0","0"
"F9","11/19/2024","2141","N329FR","PHX","13:57","13:54","-3","0","0","0","0","0"
"F9","11/19/2024","2148","N313FR","DFW","08:10","08:05","-5","0","0","0","0","0"
"F9","11/19/2024","2261","N645FR","ELP","15:54","15:44","-10","0","0","0","0","0"
"F9","11/19/2024","2356","N630FR","SAT","07:45","07:39","-6","0","0","0","0","0"
"F9","11/19/2024","2429","N308FR","LAS","14:21","14:13","-8","0","0","0","0","0"
"F9","11/19/2024","2440","N369FR","RDU","15:14","15:14","0","0","0","0","0","0"
"F9","11/19/2024","2632","N305FR","DFW","18:01","17:49","-12","0","0","0","0","0"
"F9","11/19/2024","2687","N318FR","PDX","22:17","22:14","-3","0","0","0","0","0"
"F9","11/19/2024","2711","N616FR","SAN","22:30","22:34","4","0","0","0","0","0"
"F9","11/19/2024","2890","N318FR","AUS","16:03","16:18","15","0","0","0","0","0"
"F9","11/19/2024","3155","N616FR","LAX","13:58","13:56","-2","0","0","0","0","0"
"F9","11/19/2024","3162","N230FR","LGA","06:00","05:55","-5","0","0","0","0","0"
"F9","11/19/2024","3174","N230FR","ORD","19:42","19:41","-1","0","0","0","0","0"
"F9","11/19/2024","3206","N645FR","IAH","08:36","08:23","-13","0","0","0","0","0"
"F9","11/19/2024","3230","N329FR","IAH","20:40","20:45","5","0","0","0","0","0"
"F9","11/19/2024","3294","N653FR","ATL","23:49","23:38","-11","0","0","0","0","0"
"F9","11/19/2024","3302","N236FR","STL","20:11","20:05","-6","0","0","0","0","0"
"F9","11/19/2024","3312","N324FR","MCO","13:50","13:42","-8","0","0","0","0","0"
"F9","11/19/2024","3340","N335FR","PHL","23:12","23:04","-8","0","0","0","0","0"
"F9","11/19/2024","3342","N383FR","PHL","16:32","16:29","-3","0","0","0","0","0"
"F9","11/19/2024","3367","N702FR","SFO","11:00","11:10","10","0","0","0","0","0"
"F9","11/19/2024","3376","N653FR","MCI","14:29","14:19","-10","0","0","0","0","0"
"F9","11/19/2024","3399","N349FR","PHX","09:51","09:40","-11","0","0","0","0","0"
"F9","11/19/2024","3405","N386FR","SEA","17:17","17:40","23","23","0","44","0","0"
"F9","11/19/2024","3439","N612FR","SFO","22:26","22:26","0","0","0","0","0","0"
"F9","11/19/2024","3467","N317FR","PHX","20:03","19:55","-8","0","0","0","0","0"
"F9","11/19/2024","3981","N305FR","SLC","11:45","11:42","-3","0","0","0","0","0"
"F9","11/19/2024","4235","N310FR","SLC","14:01","13:55","-6","0","0","0","0","0"
"F9","11/19/2024","4611","N648FR","LAS","22:42","22:41","-1","0","0","0","0","0"
"F9","11/19/2024","4616","N648FR","MSP","16:06","16:13","7","0","0","0","0","0"
"F9","11/19/2024","4721","N604FR","SLC","22:26","22:18","-8","0","0","0","0","0"
"F9","11/19/2024","4753","N310FR","PHX","22:59","23:08","9","0","0","0","0","0"
"F9","11/19/2024","4927","N386FR","SAN","09:45","09:42","-3","0","0","0","0","0"
"F9","11/19/2024","4967","N702FR","LAS","18:33","18:22","-11","0","0","0","0","0"
"F9","11/20/2024","0686","N338FR","DCA","06:45","06:39","-6","0","0","0","0","0"
"F9","11/20/2024","0688","N329FR","DCA","11:40","11:27","-13","0","0","0","0","0"
"F9","11/20/2024","0690","N318FR","DCA","16:38","16:37","-1","0","0","23","0","0"
"F9","11/20/2024","1093","N651FR","SFO","11:00","13:33","153","0","0","156","0","0"
"F9","11/20/2024","1114","N329FR","TPA","23:59","23:50","-9","0","0","0","0","0"
"F9","11/20/2024","1150","N648FR","MSP","16:06","15:58","-8","0","0","0","0","0"
"F9","11/20/2024","1175","N713FR","SEA","05:04","04:58","-6","0","0","17","0","0"
"F9","11/20/2024","1228","N369FR","MDW","12:28","12:20","-8","0","0","0","0","0"
"F9","11/20/2024","1261","N648FR","ONT","08:20","08:19","-1","0","0","0","0","0"
"F9","11/20/2024","1280","N323FR","MIA","18:19","18:12","-7","0","0","0","0","0"
"F9","11/20/2024","1294","N616FR","MSP","21:02","20:51","-11","0","0","0","0","0"
"F9","11/20/2024","1375","N323FR","PHX","07:00","06:53","-7","0","0","0","0","0"
"F9","11/20/2024","1450","N655FR","ATL","12:03","12:09","6","0","0","0","0","0"
"F9","11/20/2024","1499","N631FR","ONT","22:38","22:37","-1","0","0","0","0","0"
"F9","11/20/2024","1678","N331FR","DSM","15:18","15:08","-10","0","0","0","0","0"
"F9","11/20/2024","1734","N720FR","MCO","00:20","00:19","-1","0","0","0","0","0"
"F9","11/20/2024","1784","N636FR","BNA","12:26","12:16","-10","0","0","0","0","0"
"F9","11/20/2024","1816","N338FR","AUS","16:03","16:03","0","0","0","0","0","0"
"F9","11/20/2024","1819","N358FR","PHX","09:51","09:41","-10","0","0","0","0","0"
"F9","11/20/2024","2015","N636FR","LAS","06:00","05:52","-8","0","0","0","0","0"
"F9","11/20/2024","2141","N349FR","PHX","13:57","13:47","-10","0","0","0","0","0"
"F9","11/20/2024","2261","N645FR","ELP","08:38","08:30","-8","0","0","0","0","0"
"F9","11/20/2024","2356","N702FR","SAT","07:10","07:04","-6","0","0","0","0","0"
"F9","11/20/2024","2374","N631FR","TYS","13:45","13:48","3","0","0","0","0","0"
"F9","11/20/2024","2429","N368FR","LAS","14:21","14:15","-6","0","0","0","0","0"
"F9","11/20/2024","2440","N303FR","RDU","15:11","15:14","3","0","0","0","0","0"
"F9","11/20/2024","2687","N636FR","PDX","22:17","22:26","9","0","0","0","0","0"
"F9","11/20/2024","2711","N702FR","SAN","22:30","22:33","3","0","0","0","0","0"
"F9","11/20/2024","3155","N702FR","LAX","13:58","13:57","-1","0","0","0","0","0"
"F9","11/20/2024","3162","N365FR","LGA","06:00","05:50","-10","0","0","0","0","0"
"F9","11/20/2024","3206","N233FR","IAH","08:06","08:11","5","0","0","0","0","0"
"F9","11/20/2024","3230","N230FR","IAH","20:40","20:32","-8","0","0","0","0","0"
"F9","11/20/2024","3294","N630FR","ATL","23:49","23:38","-11","0","0","0","0","0"
"F9","11/20/2024","3302","N331FR","STL","20:52","20:43","-9","0","0","0","0","0"
"F9","11/20/2024","3312","N347FR","MCO","12:47","12:41","-6","0","0","0","0","0"
"F9","11/20/2024","3340","N648FR","PHL","23:59","00:01","2","0","0","0","0","0"
"F9","11/20/2024","3342","N380FR","PHL","16:32","16:31","-1","0","0","0","0","0"
"F9","11/20/2024","3376","N616FR","MCI","12:29","12:31","2","0","0","0","0","0"
"F9","11/20/2024","3405","N653FR","SEA","17:18","17:59","41","27","0","0","0","0"
"F9","11/20/2024","3422","N348FR","DFW","15:26","15:23","-3","0","0","0","0","0"
"F9","11/20/2024","3426","N238FR","ORD","13:54","13:46","-8","0","0","0","0","0"
"F9","11/20/2024","3439","N713FR","SFO","22:26","22:25","-1","0","0","0","0","0"
"F9","11/20/2024","3467","N349FR","PHX","20:03","19:56","-7","0","0","0","0","0"
"F9","11/20/2024","3539","N633FR","LAS","22:45","22:55","10","0","0","0","0","0"
"F9","11/20/2024","3930","N630FR","PNS","14:34","14:28","-6","0","0","0","0","0"
"F9","11/20/2024","3981","N318FR","SLC","11:25","11:27","2","0","0","0","0","0"
"F9","11/20/2024","4235","N391FR","SLC","14:01","13:53","-8","0","0","0","0","0"
"F9","11/20/2024","4251","N386FR","SLC","16:59","16:59","0","0","0","0","0","0"
"F9","11/20/2024","4344","N713FR","XNA","15:29","15:19","-10","0","0","0","0","0"
"F9","11/20/2024","4371","N386FR","SNA","09:47","09:45","-2","0","0","0","0","0"
"F9","11/20/2024","4464","N233FR","DFW","19:20","19:28","8","0","0","0","0","0"
"F9","11/20/2024","4753","N391FR","PHX","22:59","22:45","-14","0","0","0","0","0"
"F9","11/20/2024","4794","N645FR","FAR","14:41","14:52","11","0","0","32","0","11"
"F9","11/20/2024","4927","N604FR","SAN","10:15","10:07","-8","0","0","0","0","0"
"F9","11/20/2024","4967","N651FR","LAS","18:33","21:10","157","1","0","0","0","147"
"F9","11/21/2024","0686","N341FR","DCA","06:41","06:32","-9","0","0","0","0","0"
"F9","11/21/2024","0688","N303FR","DCA","11:40","11:36","-4","0","0","0","0","0"
"F9","11/21/2024","0690","N338FR","DCA","16:38","16:28","-10","0","0","0","0","0"
"F9","11/21/2024","0777","N636FR","LAS","16:42","16:42","0","0","0","0","0","0"
"F9","11/21/2024","1093","N336FR","SFO","09:19","10:52","93","0","0","93","0","0"
"F9","11/21/2024","1114","N381FR","TPA","23:59","00:01","2","0","0","0","0","0"
"F9","11/21/2024","1162","N329FR","HOU","09:55","09:59","4","0","0","0","0","0"
"F9","11/21/2024","1248","N715FR","GRR","13:10","13:28","18","18","0","3","0","0"
"F9","11/21/2024","1261","N616FR","ONT","06:55","09:09","134","55","0","0","0","55"
"F9","11/21/2024","1280","N386FR","MIA","18:19","18:12","-7","0","0","0","0","0"
"F9","11/21/2024","1292","N713FR","MSP","18:14","18:06","-8","0","0","0","0","0"
"F9","11/21/2024","1362","N710FR","CLT","05:15","05:10","-5","0","0","0","0","0"
"F9","11/21/2024","1375","N625FR","PHX","06:05","06:51","46","46","0","2","0","0"
"F9","11/21/2024","1450","N712FR","ATL","07:00","07:03","3","0","0","0","0","0"
"F9","11/21/2024","1499","N631FR","ONT","22:38","22:35","-3","0","0","0","0","0"
"F9","11/21/2024","1734","N652FR","MCO","00:21","00:08","-13","0","0","0","0","0"
"F9","11/21/2024","1816","N230FR","AUS","08:03","07:53","-10","0","0","0","0","0"
"F9","11/21/2024","1819","N349FR","PHX","08:50","08:42","-8","0","0","0","0","0"
"F9","11/21/2024","1864","N318FR","OKC","17:02","16:47","-15","0","0","0","0","0"
"F9","11/21/2024","1918","N710FR","CLE","14:38","14:28","-10","0","0","0","0","0"
"F9","11/21/2024","1993","N636FR","LAS","10:18","10:19","1","0","0","0","0","0"
"F9","11/21/2024","2015","N342FR","LAS","06:05","05:56","-9","0","0","0","0","0"
"F9","11/21/2024","2105","N342FR","PHX","12:20","12:27","7","0","0","0","0","0"
"F9","11/21/2024","2141","N375FR","PHX","14:21","14:32","11","0","0","0","0","0"
"F9","11/21/2024","2148","N329FR","DFW","17:18","17:33","15","0","0","0","0","0"
"F9","11/21/2024","2210","N369FR","MDW","09:45","09:39","-6","0","0","27","0","0"
"F9","11/21/2024","2261","N630FR","ELP","15:04","15:00","-4","0","0","0","0","0"
"F9","11/21/2024","2341","N715FR","LAX","06:00","06:06","6","0","0","0","0","0"
"F9","11/21/2024","2348","N230FR","IND","15:03","15:13","10","10","0","10","0","0"
"F9","11/21/2024","2356","N713FR","SAT","11:12","11:45","33","15","0","0","0","0"
"F9","11/21/2024","2440","N352FR","RDU","15:21","15:17","-4","0","0","0","0","0"
"F9","11/21/2024","2632","N305FR","DFW","19:41","19:42","1","0","0","0","0","0"
"F9","11/21/2024","2687","N318FR","PDX","22:32","22:22","-10","0","0","0","0","0"
"F9","11/21/2024","2748","N614FR","TPA","06:00","05:51","-9","0","0","0","0","0"
"F9","11/21/2024","3155","N236FR","LAX","14:10","14:06","-4","0","0","0","0","0"
"F9","11/21/2024","3162","N631FR","LGA","11:11","11:09","-2","0","0","0","0","0"
"F9","11/21/2024","3174","N346FR","ORD","08:40","08:32","-8","0","0","0","0","0"
"F9","11/21/2024","3206","N715FR","IAH","21:17","21:11","-6","0","0","0","0","0"
"F9","11/21/2024","3286","N723FR","CVG","08:45","08:48","3","0","0","0","0","0"
"F9","11/21/2024","3296","N710FR","ATL","23:20","00:10","50","24","0","0","0","0"
"F9","11/21/2024","3312","N232FR","MCO","06:31","06:25","-6","0","0","0","0","0"
"F9","11/21/2024","3340","N655FR","PHL","23:59","00:49","50","50","0","5","0","0"
"F9","11/21/2024","3376","N318FR","MCI","10:15","10:03","-12","0","0","0","0","0"
"F9","11/21/2024","3439","N625FR","SFO","22:45","22:49","4","4","0","20","0","0"
"F9","11/21/2024","3467","N653FR","PHX","19:17","19:12","-5","0","0","0","0","0"
"F9","11/21/2024","3478","N305FR","DFW","07:23","07:26","3","0","0","0","0","0"
"F9","11/21/2024","3600","N653FR","ATL","09:00","09:03","3","0","0","0","0","0"
"F9","11/21/2024","3861","N230FR","SLC","22:26","23:39","73","0","0","0","0","63"
"F9","11/21/2024","3930","N614FR","PNS","16:10","16:06","-4","0","0","0","0","0"
"F9","11/21/2024","3981","N386FR","SLC","08:49","08:40","-9","0","0","0","0","0"
"F9","11/21/2024","4070","N305FR","DFW","13:36","13:32","-4","0","0","0","0","0"
"F9","11/21/2024","4344","N338FR","XNA","09:53","09:50","-3","0","0","0","0","0"
"F9","11/21/2024","4478","N342FR","STL","21:03","20:57","-6","0","0","0","0","0"
"F9","11/21/2024","4611","N303FR","LAS","22:42","22:37","-5","0","0","0","0","0"
"F9","11/21/2024","4616","N630FR","MSP","21:16","21:06","-10","0","0","0","0","0"
"F9","11/21/2024","4794","N609FR","FAR","15:33","15:28","-5","0","0","0","0","0"
"F9","11/21/2024","4856","N384FR","IAH","17:00","16:58","-2","0","0","0","0","0"
"F9","11/21/2024","4917","N702FR","SJC","11:04","11:23","19","9","0","11","0","10"
"F9","11/21/2024","4927","N616FR","SAN","22:30","22:27","-3","0","0","0","0","0"
"F9","11/21/2024","4967","N702FR","LAS","18:44","18:35","-9","0","0","0","0","0"
"F9","11/21/2024","4982","N625FR","RSW","12:15","12:13","-2","0","0","0","0","0"
"F9","11/21/2024","4989","N232FR","SAN","16:51","16:46","-5","0","0","0","0","0"
"F9","11/22/2024","0686","N336FR","DCA","06:41","06:33","-8","0","0","0","0","0"
"F9","11/22/2024","0688","N352FR","DCA","11:40","11:33","-7","0","0","0","0","0"
"F9","11/22/2024","0690","N338FR","DCA","16:38","17:01","23","0","0","0","0","22"
"F9","11/22/2024","0777","N236FR","LAS","16:07","16:14","7","0","0","0","0","0"
"F9","11/22/2024","1093","N326FR","SFO","09:19","11:28","129","0","0","136","0","0"
"F9","11/22/2024","1114","N332FR","TPA","23:59","23:54","-5","0","0","0","0","0"
"F9","11/22/2024","1175","N230FR","SEA","09:09","09:01","-8","0","0","0","0","0"
"F9","11/22/2024","1228","N381FR","MDW","17:31","18:15","44","0","0","0","0","40"
"F9","11/22/2024","1261","N338FR","ONT","09:58","10:16","18","7","0","0","0","10"
"F9","11/22/2024","1280","N303FR","MIA","18:19","18:18","-1","0","0","0","0","0"
"F9","11/22/2024","1362","N614FR","CLT","07:20","07:19","-1","0","0","0","0","0"
"F9","11/22/2024","1375","N303FR","PHX","06:05","05:59","-6","0","0","0","0","0"
"F9","11/22/2024","1402","N318FR","BNA","16:07","15:57","-10","0","0","0","0","0"
"F9","11/22/2024","1501","N702FR","ONT","22:38","23:01","23","7","0","0","0","11"
"F9","11/22/2024","1678","N713FR","DSM","15:24","15:14","-10","0","0","0","0","0"
"F9","11/22/2024","1734","N637FR","MCO","00:21","00:21","0","0","0","0","0","0"
"F9","11/22/2024","1816","N708FR","AUS","18:46","18:48","2","0","0","0","0","0"
"F9","11/22/2024","1819","N317FR","PHX","08:50","08:40","-10","0","0","0","0","0"
"F9","11/22/2024","1918","N369FR","CLE","08:36","09:27","51","0","0","0","0","47"
"F9","11/22/2024","1993","N365FR","LAS","06:05","05:52","-13","0","0","0","0","0"
"F9","11/22/2024","2015","N236FR","LAS","10:03","10:03","0","0","0","0","0","0"
"F9","11/22/2024","2105","N384FR","PHX","15:38","15:42","4","0","0","0","0","0"
"F9","11/22/2024","2108","N630FR","FSD","08:03","07:52","-11","0","0","0","0","0"
"F9","11/22/2024","2148","N625FR","DFW","17:18","17:14","-4","0","0","0","0","0"
"F9","11/22/2024","2210","N368FR","MDW","09:45","09:44","-1","0","0","0","0","0"
"F9","11/22/2024","2261","N644FR","ELP","14:54","14:54","0","0","0","0","0","0"
"F9","11/22/2024","2341","N232FR","LAX","06:00","05:57","-3","0","0","22","0","0"
"F9","11/22/2024","2356","N303FR","SAT","11:54","11:48","-6","0","0","0","0","0"
"F9","11/22/2024","2374","N630FR","TYS","13:31","13:27","-4","0","0","0","0","0"
"F9","11/22/2024","2440","N341FR","RDU","15:38","15:31","-7","0","0","0","0","0"
"F9","11/22/2024","2632","N331FR","DFW","20:11","20:11","0","0","0","0","0","0"
"F9","11/22/2024","2687","N386FR","PDX","22:32","22:22","-10","0","0","0","0","0"
"F9","11/22/2024","2706","N341FR","BWI","06:00","05:49","-11","0","0","0","0","0"
"F9","11/22/2024","2746","N653FR","TPA","15:29","15:27","-2","0","0","0","0","0"
"F9","11/22/2024","2748","N384FR","TPA","06:20","06:08","-12","0","0","0","0","0"
"F9","11/22/2024","2752","N713FR","BUF","06:15","06:11","-4","0","0","0","0","0"
"F9","11/22/2024","2817","N708FR","SAN","06:05","06:03","-2","0","0","0","0","0"
"F9","11/22/2024","3155","N313FR","LAX","14:10","15:21","71","71","0","4","0","0"
"F9","11/22/2024","3162","N631FR","LGA","11:11","11:05","-6","0","0","0","0","0"
"F9","11/22/2024","3172","N342FR","ORD","19:44","19:50","6","0","0","0","0","0"
"F9","11/22/2024","3174","N329FR","ORD","08:40","08:31","-9","0","0","0","0","0"
"F9","11/22/2024","3230","N702FR","IAH","06:36","06:29","-7","0","0","0","0","0"
"F9","11/22/2024","3286","N723FR","CVG","08:35","08:33","-2","0","0","0","0","0"
"F9","11/22/2024","3294","N230FR","ATL","17:17","17:54","37","37","0","2","0","0"
"F9","11/22/2024","3312","N641FR","MCO","09:19","09:13","-6","0","0","0","0","0"
"F9","11/22/2024","3340","N330FR","PHL","23:59","00:38","39","0","0","0","0","31"
"F9","11/22/2024","3376","N386FR","MCI","17:01","16:59","-2","0","0","0","0","0"
"F9","11/22/2024","3439","N352FR","SFO","22:45","22:42","-3","0","0","43","0","0"
"F9","11/22/2024","3467","N365FR","PHX","19:17","19:08","-9","0","0","0","0","0"
"F9","11/22/2024","3474","N605FR","MSP","16:42","16:52","10","0","0","0","0","0"
"F9","11/22/2024","3486","N708FR","OKC","13:17","13:52","35","8","0","0","0","23"
"F9","11/22/2024","3566","N361FR","DTW","15:55","15:44","-11","0","0","0","0","0"
"F9","11/22/2024","3600","N715FR","ATL","23:14","23:16","2","0","0","0","0","0"
"F9","11/22/2024","3665","N365FR","SMF","12:24","12:14","-10","0","0","0","0","0"
"F9","11/22/2024","3861","N370FR","SLC","22:26","22:16","-10","0","0","0","0","0"
"F9","11/22/2024","3930","N609FR","PNS","16:10","16:12","2","0","0","0","0","0"
"F9","11/22/2024","3981","N318FR","SLC","10:29","10:44","15","15","0","7","0","0"
"F9","11/22/2024","4070","N332FR","DFW","14:01","14:09","8","0","0","0","0","0"
"F9","11/22/2024","4251","N232FR","SLC","17:00","17:08","8","0","0","0","0","0"
"F9","11/22/2024","4371","N386FR","SNA","10:09","10:05","-4","0","0","0","0","0"
"F9","11/22/2024","4386","N625FR","CID","10:47","10:51","4","0","0","0","0","0"
"F9","11/22/2024","4464","N332FR","DFW","07:53","07:44","-9","0","0","0","0","0"
"F9","11/22/2024","4478","N313FR","STL","21:03","21:39","36","0","0","0","0","30"
"F9","11/22/2024","4521","N381FR","BUR","10:12","10:56","44","0","0","0","0","26"
"F9","11/22/2024","4562","N653FR","MSY","07:36","07:32","-4","0","0","0","0","0"
"F9","11/22/2024","4611","N630FR","LAS","22:42","23:06","24","0","0","0","0","0"
"F9","11/22/2024","4616","N644FR","MSP","21:16","21:19","3","0","0","0","0","0"
"F9","11/22/2024","4626","N313FR","MEM","07:25","07:16","-9","0","0","0","0","0"
"F9","11/22/2024","4753","N384FR","PHX","21:17","21:11","-6","0","0","0","0","0"
"F9","11/22/2024","4856","N713FR","IAH","21:17","21:20","3","0","0","0","0","0"
"F9","11/22/2024","4917","N616FR","SJC","11:04","10:57","-7","0","0","0","0","0"
"F9","11/22/2024","4920","N609FR","MCO","06:05","05:56","-9","0","0","0","0","0"
"F9","11/22/2024","4927","N605FR","SAN","22:30","22:41","11","0","0","0","0","0"
"F9","11/22/2024","4967","N616FR","LAS","18:34","18:32","-2","0","0","0","0","0"
"F9","11/22/2024","4982","N370FR","RSW","12:43","12:35","-8","0","0","0","0","0"
"F9","11/22/2024","4989","N336FR","SAN","16:59","16:52","-7","0","0","0","0","0"
"F9","11/23/2024","0686","N318FR","DCA","06:41","06:37","-4","0","0","0","0","0"
"F9","11/23/2024","0688","N336FR","DCA","11:40","11:32","-8","0","0","0","0","0"
"F9","11/23/2024","0690","N382FR","DCA","16:38","16:38","0","0","0","0","0","0"
"F9","11/23/2024","0777","N613FR","LAS","16:03","16:18","15","15","0","16","0","0"
"F9","11/23/2024","1093","N326FR","SFO","09:19","10:25","66","0","0","70","0","0"
"F9","11/23/2024","1114","N318FR","TPA","23:59","23:47","-12","0","0","0","0","0"
"F9","11/23/2024","1128","N614FR","OMA","17:14","17:09","-5","0","0","16","0","0"
"F9","11/23/2024","1162","N386FR","HOU","10:29","10:21","-8","0","0","0","0","0"
"F9","11/23/2024","1175","N609FR","SEA","05:30","05:23","-7","0","0","0","0","0"
"F9","11/23/2024","1248","N620FR","GRR","13:10","13:12","2","0","0","0","0","0"
"F9","11/23/2024","1261","N382FR","ONT","09:58","09:48","-10","0","0","0","0","0"
"F9","11/23/2024","1280","N341FR","MIA","18:19","18:11","-8","0","0","0","0","0"
"F9","11/23/2024","1292","N344FR","MSP","18:59","19:45","46","0","0","0","0","27"
"F9","11/23/2024","1324","N318FR","DFW","16:21","16:08","-13","0","0","0","0","0"
"F9","11/23/2024","1362","N609FR","CLT","13:29","13:28","-1","0","0","0","0","0"
"F9","11/23/2024","1375","N232FR","PHX","05:25","05:15","-10","0","0","0","0","0"
"F9","11/23/2024","1402","N232FR","BNA","16:37","16:36","-1","0","0","0","0","0"
"F9","11/23/2024","1450","N361FR","ATL","05:30","05:21","-9","0","0","29","0","0"
"F9","11/23/2024","1499","N614FR","ONT","22:32","23:06","34","22","0","3","0","12"
"F9","11/23/2024","1560","N605FR","MSN","11:08","11:03","-5","0","0","0","0","0"
"F9","11/23/2024","1608","N708FR","MKE","05:01","04:53","-8","0","0","0","0","0"
"F9","11/23/2024","1678","N616FR","DSM","15:48","15:45","-3","0","0","0","0","0"
"F9","11/23/2024","1734","N629FR","MCO","00:21","00:15","-6","0","0","0","0","0"
"F9","11/23/2024","1819","N375FR","PHX","08:50","08:41","-9","0","0","0","0","0"
"F9","11/23/2024","1864","N338FR","OKC","10:09","09:59","-10","0","0","0","0","0"
"F9","11/23/2024","1918","N653FR","CLE","05:15","05:05","-10","0","0","0","0","0"
"F9","11/23/2024","2015","N614FR","LAS","05:01","04:54","-7","0","0","0","0","0"
"F9","11/23/2024","2105","N349FR","PHX","17:16","17:18","2","0","0","0","0","0"
"F9","11/23/2024","2108","N653FR","FSD","13:56","13:49","-7","0","0","0","0","0"
"F9","11/23/2024","2210","N359FR","MDW","07:54","07:43","-11","0","0","0","0","0"
"F9","11/23/2024","2261","N605FR","ELP","18:04","18:03","-1","0","0","0","0","0"
"F9","11/23/2024","2341","N620FR","LAX","06:00","05:52","-8","0","0","0","0","0"
"F9","11/23/2024","2348","N386FR","IND","17:25","17:31","6","0","0","0","0","0"
"F9","11/23/2024","2356","N341FR","SAT","11:54","11:46","-8","0","0","0","0","0"
"F9","11/23/2024","2440","N338FR","RDU","15:21","15:19","-2","0","0","0","0","0"
"F9","11/23/2024","2632","N330FR","DFW","20:15","20:21","6","0","0","0","0","0"
"F9","11/23/2024","2687","N381FR","PDX","22:32","22:54","22","0","0","0","0","16"
"F9","11/23/2024","2748","N644FR","TPA","08:03","07:53","-10","0","0","0","0","0"
"F9","11/23/2024","2817","N616FR","SAN","06:00","05:51","-9","0","0","0","0","0"
"F9","11/23/2024","2996","N336FR","IAH","21:17","21:06","-11","0","0","0","0","0"
"F9","11/23/2024","3155","N361FR","LAX","14:10","14:06","-4","0","0","0","0","0"
"F9","11/23/2024","3162","N702FR","LGA","11:11","11:04","-7","0","0","0","0","0"
"F9","11/23/2024","3172","N342FR","ORD","19:44","19:46","2","0","0","0","0","0"
"F9","11/23/2024","3174","N370FR","ORD","08:47","08:42","-5","0","0","0","0","0"
"F9","11/23/2024","3206","N625FR","IAH","06:36","06:35","-1","0","0","0","0","0"
"F9","11/23/2024","3286","N723FR","CVG","08:45","08:43","-2","0","0","0","0","0"
"F9","11/23/2024","3312","N389FR","MCO","10:34","10:30","-4","0","0","0","0","0"
"F9","11/23/2024","3340","N380FR","PHL","23:59","00:14","15","0","0","0","0","0"
"F9","11/23/2024","3405","N708FR","SEA","18:54","18:49","-5","0","0","0","0","0"
"F9","11/23/2024","3439","N625FR","SFO","22:45","22:42","-3","0","0","0","0","0"
"F9","11/23/2024","3467","N653FR","PHX","19:24","19:21","-3","0","0","0","0","0"
"F9","11/23/2024","3542","N346FR","AUS","08:49","08:39","-10","0","0","0","0","0"
"F9","11/23/2024","3552","N395FR","DFW","07:23","07:17","-6","0","0","0","0","0"
"F9","11/23/2024","3561","N352FR","ATL","16:52","16:44","-8","0","0","36","0","0"
"F9","11/23/2024","3564","N232FR","MCI","11:12","11:02","-10","0","0","0","0","0"
"F9","11/23/2024","3566","N312FR","DTW","16:00","16:15","15","0","0","0","0","0"
"F9","11/23/2024","3600","N637FR","ATL","23:20","23:50","30","0","0","0","0","0"
"F9","11/23/2024","3665","N346FR","SMF","15:20","15:18","-2","0","0","0","0","0"
"F9","11/23/2024","3930","N365FR","PNS","16:10","16:11","1","0","0","0","0","0"
"F9","11/23/2024","3981","N336FR","SLC","06:35","06:28","-7","0","0","0","0","0"
"F9","11/23/2024","4070","N330FR","DFW","14:06","14:00","-6","0","0","0","0","0"
"F9","11/23/2024","4251","N616FR","SLC","22:24","22:19","-5","0","0","0","0","0"
"F9","11/23/2024","4344","N614FR","XNA","11:17","11:09","-8","0","0","0","0","0"
"F9","11/23/2024","4371","N381FR","SNA","15:57","16:18","21","3","0","12","0","18"
"F9","11/23/2024","4386","N352FR","CID","10:47","10:43","-4","0","0","0","0","0"
"F9","11/23/2024","4478","N361FR","STL","21:03","20:53","-10","0","0","0","0","0"
"F9","11/23/2024","4611","N609FR","LAS","22:42","22:31","-11","0","0","0","0","0"
"F9","11/23/2024","4616","N620FR","MSP","21:16","21:06","-10","0","0","0","0","0"
"F9","11/23/2024","4753","N349FR","PHX","22:59","22:50","-9","0","0","0","0","0"
"F9","11/23/2024","4794","N708FR","FAR","12:21","12:15","-6","0","0","0","0","0"
"F9","11/23/2024","4917","N344FR","SJC","09:45","09:39","-6","0","0","0","0","0"
"F9","11/23/2024","4920","N343FR","MCO","06:00","05:51","-9","0","0","0","0","0"
"F9","11/23/2024","4927","N702FR","SAN","22:30","22:22","-8","0","0","0","0","0"
"F9","11/23/2024","4967","N644FR","LAS","18:39","18:36","-3","0","0","0","0","0"
"F9","11/23/2024","4982","N640FR","RSW","14:54","14:47","-7","0","0","0","0","0"
"F9","11/24/2024","0686","N386FR","DCA","06:41","06:36","-5","0","0","0","0","0"
"F9","11/24/2024","0688","N346FR","DCA","11:40","11:26","-14","0","0","0","0","0"
"F9","11/24/2024","0690","N386FR","DCA","16:38","16:31","-7","0","0","0","0","0"
"F9","11/24/2024","0777","N642FR","LAS","16:42","16:37","-5","0","0","0","0","0"
"F9","11/24/2024","1093","N341FR","SFO","09:29","09:17","-12","0","0","23","0","0"
"F9","11/24/2024","1114","N318FR","TPA","23:59","23:48","-11","0","0","0","0","0"
"F9","11/24/2024","1162","N318FR","HOU","09:55","09:47","-8","0","0","0","0","0"
"F9","11/24/2024","1175","N326FR","SEA","06:04","05:57","-7","0","0","0","0","0"
"F9","11/24/2024","1248","N344FR","GRR","13:10","13:13","3","0","0","0","0","0"
"F9","11/24/2024","1261","N609FR","ONT","06:55","06:52","-3","0","0","0","0","0"
"F9","11/24/2024","1280","N338FR","MIA","18:19","18:15","-4","0","0","0","0","0"
"F9","11/24/2024","1292","N702FR","MSP","18:14","18:14","0","0","0","0","0","0"
"F9","11/24/2024","1324","N365FR","DFW","22:49","02:10","201","105","0","11","0","96"
"F9","11/24/2024","1362","N610FR","CLT","05:15","05:20","5","0","0","0","0","0"
"F9","11/24/2024","1375","N640FR","PHX","06:00","05:55","-5","0","0","0","0","0"
"F9","11/24/2024","1402","N381FR","BNA","16:07","16:04","-3","0","0","0","0","0"
"F9","11/24/2024","1499","N644FR","ONT","22:38","22:37","-1","0","0","22","0","0"
"F9","11/24/2024","1560","N702FR","MSN","11:18","11:13","-5","0","0","0","0","0"
"F9","11/24/2024","1734","N605FR","MCO","00:21","00:17","-4","0","0","0","0","0"
"F9","11/24/2024","1752","N301FR","CVG","18:46","19:07","21","0","0","0","0","0"
"F9","11/24/2024","1816","N387FR","AUS","08:49","08:39","-10","0","0","0","0","0"
"F9","11/24/2024","1819","N388FR","PHX","08:50","08:44","-6","0","0","0","0","0"
"F9","11/24/2024","1864","N326FR","OKC","13:49","13:41","-8","0","0","0","0","0"
"F9","11/24/2024","1918","N352FR","CLE","15:55","15:45","-10","0","0","0","0","0"
"F9","11/24/2024","1993","N642FR","LAS","10:18","10:10","-8","0","0","0","0","0"
"F9","11/24/2024","2015","N644FR","LAS","06:05","05:57","-8","0","0","0","0","0"
"F9","11/24/2024","2105","N625FR","PHX","17:06","19:05","119","1","0","1","0","118"
"F9","11/24/2024","2141","N625FR","PHX","11:00","10:58","-2","0","0","0","0","0"
"F9","11/24/2024","2210","N313FR","MDW","09:11","09:04","-7","0","0","0","0","0"
"F9","11/24/2024","2226","N232FR","RDU","06:15","06:13","-2","0","0","0","0","0"
"F9","11/24/2024","2341","N344FR","LAX","06:00","05:53","-7","0","0","0","0","0"
"F9","11/24/2024","2356","N338FR","SAT","11:54","11:43","-11","0","0","0","0","0"
"F9","11/24/2024","2360","N640FR","MSY","17:25","17:23","-2","0","0","0","0","0"
"F9","11/24/2024","2440","N312FR","RDU","15:21","17:40","139","51","0","0","0","75"
"F9","11/24/2024","2632","N715FR","DFW","18:52","20:35","103","103","0","0","0","0"
"F9","11/24/2024","2687","N382FR","PDX","22:32","22:30","-2","0","0","0","0","0"
"F9","11/24/2024","2748","N713FR","TPA","06:00","05:57","-3","0","0","17","0","0"
"F9","11/24/2024","2817","N312FR","SAN","06:00","05:57","-3","0","0","68","0","0"
"F9","11/24/2024","3155","N336FR","LAX","14:10","13:55","-15","0","0","0","0","0"
"F9","11/24/2024","3162","N614FR","LGA","11:11","11:03","-8","0","0","0","0","0"
"F9","11/24/2024","3174","N370FR","ORD","07:52","07:57","5","0","0","0","0","0"
"F9","11/24/2024","3206","N344FR","IAH","21:17","21:10","-7","0","0","0","0","0"
"F9","11/24/2024","3286","N723FR","CVG","08:45","08:47","2","0","0","0","0","0"
"F9","11/24/2024","3294","N631FR","ATL","17:41","17:48","7","0","0","0","0","0"
"F9","11/24/2024","3302","N653FR","STL","09:30","09:20","-10","0","0","0","0","0"
"F9","11/24/2024","3312","N626FR","MCO","09:29","09:36","7","0","0","0","0","0"
"F9","11/24/2024","3340","N719FR","PHL","23:59","08:43","524","524","0","8","0","0"
"F9","11/24/2024","3376","N381FR","MCI","10:31","10:27","-4","0","0","0","0","0"
"F9","11/24/2024","3439","N610FR","SFO","22:45","22:48","3","3","0","18","0","0"
"F9","11/24/2024","3467","N616FR","PHX","19:17","19:42","25","1","0","4","0","24"
"F9","11/24/2024","3566","N713FR","DTW","16:01","17:04","63","4","0","0","0","41"
"F9","11/24/2024","3600","N614FR","ATL","23:00","23:05","5","0","0","0","0","0"
"F9","11/24/2024","3606","N640FR","OMA","12:06","11:58","-8","0","0","0","0","0"
"F9","11/24/2024","3619","N637FR","ELP","15:04","15:01","-3","0","0","0","0","0"
"F9","11/24/2024","3622","N387FR","IND","15:04","15:16","12","0","0","0","0","0"
"F9","11/24/2024","3861","N346FR","SLC","22:26","22:18","-8","0","0","16","0","0"
"F9","11/24/2024","3930","N653FR","PNS","16:10","16:21","11","0","0","0","0","0"
"F9","11/24/2024","3981","N346FR","SLC","05:50","06:18","28","26","0","0","0","0"
"F9","11/24/2024","4070","N330FR","DFW","13:55","13:45","-10","0","0","0","0","0"
"F9","11/24/2024","4251","N382FR","SLC","17:02","17:07","5","0","0","0","0","0"
"F9","11/24/2024","4344","N336FR","XNA","08:36","08:23","-13","0","0","0","0","0"
"F9","11/24/2024","4371","N382FR","SNA","10:09","10:00","-9","0","0","0","0","0"
"F9","11/24/2024","4374","N708FR","PIT","06:31","06:24","-7","0","0","0","0","0"
"F9","11/24/2024","4464","N330FR","DFW","07:23","07:22","-1","0","0","0","0","0"
"F9","11/24/2024","4478","N336FR","STL","21:03","20:52","-11","0","0","0","0","0"
"F9","11/24/2024","4576","N610FR","CMH","14:32","14:25","-7","0","0","0","0","0"
"F9","11/24/2024","4611","N620FR","LAS","22:42","22:30","-12","0","0","0","0","0"
"F9","11/24/2024","4616","N637FR","MSP","21:16","21:08","-8","0","0","0","0","0"
"F9","11/24/2024","4776","N232FR","LIT","15:27","15:22","-5","0","0","0","0","0"
"F9","11/24/2024","4794","N708FR","FAR","15:33","15:24","-9","0","0","0","0","0"
"F9","11/24/2024","4856","N365FR","IAH","16:30","16:38","8","0","0","0","0","0"
"F9","11/24/2024","4917","N616FR","SJC","09:30","09:26","-4","0","0","23","0","0"
"F9","11/24/2024","4920","N352FR","MCO","06:00","05:48","-12","0","0","0","0","0"
"F9","11/24/2024","4927","N708FR","SAN","22:30","22:17","-13","0","0","0","0","0"
"F9","11/24/2024","4967","N326FR","LAS","18:56","18:52","-4","0","0","0","0","0"
"F9","11/24/2024","4982","N644FR","RSW","12:25","12:15","-10","0","0","0","0","0"
"F9","11/24/2024","4989","N318FR","SAN","16:51","16:44","-7","0","0","0","0","0"
"F9","11/25/2024","0686","N329FR","DCA","06:41","06:31","-10","0","0","0","0","0"
"F9","11/25/2024","0688","N381FR","DCA","11:40","13:40","120","0","0","0","0","95"
"F9","11/25/2024","0690","N354FR","DCA","16:38","16:54","16","0","0","0","0","0"
"F9","11/25/2024","0777","N232FR","LAS","16:42","17:31","49","49","0","1","0","0"
"F9","11/25/2024","1093","N387FR","SFO","09:19","11:33","134","0","0","150","0","0"
"F9","11/25/2024","1114","N326FR","TPA","23:59","00:08","9","0","0","0","0","0"
"F9","11/25/2024","1150","N702FR","MSP","21:16","21:07","-9","0","0","0","0","0"
"F9","11/25/2024","1175","","SEA","09:00","00:00","0","0","0","0","0","0"
"F9","11/25/2024","1228","N362FR","MDW","17:21","17:13","-8","0","0","0","0","0"
"F9","11/25/2024","1261","N362FR","ONT","09:58","10:09","11","0","0","0","0","0"
"F9","11/25/2024","1280","N344FR","MIA","18:19","18:33","14","0","0","0","0","0"
"F9","11/25/2024","1292","N708FR","MSP","18:14","18:11","-3","0","0","0","0","0"
"F9","11/25/2024","1362","N616FR","CLT","13:59","14:05","6","0","0","0","0","0"
"F9","11/25/2024","1375","N625FR","PHX","06:05","05:56","-9","0","0","0","0","0"
"F9","11/25/2024","1402","N382FR","BNA","16:07","16:03","-4","0","0","0","0","0"
"F9","11/25/2024","1501","N640FR","ONT","22:38","23:34","56","2","0","0","0","53"
"F9","11/25/2024","1560","N708FR","MSN","11:08","11:02","-6","0","0","0","0","0"
"F9","11/25/2024","1608","N653FR","MKE","08:07","07:58","-9","0","0","0","0","0"
"F9","11/25/2024","1678","N713FR","DSM","14:54","15:55","61","0","0","0","0","50"
"F9","11/25/2024","1734","N622FR","MCO","00:21","00:13","-8","0","0","0","0","0"
"F9","11/25/2024","1816","N367FR","AUS","18:46","18:57","11","0","0","0","0","0"
"F9","11/25/2024","1819","N304FR","PHX","08:50","08:37","-13","0","0","0","0","0"
"F9","11/25/2024","1864","N386FR","OKC","17:02","17:15","13","12","0","4","0","1"
"F9","11/25/2024","1918","N616FR","CLE","05:15","05:07","-8","0","0","0","0","0"
"F9","11/25/2024","1993","N609FR","LAS","10:18","10:16","-2","0","0","0","0","0"
"F9","11/25/2024","2015","N702FR","LAS","06:20","06:13","-7","0","0","0","0","0"
"F9","11/25/2024","2108","N344FR","FSD","13:17","13:08","-9","0","0","0","0","0"
"F9","11/25/2024","2148","N609FR","DFW","17:18","17:08","-10","0","0","0","0","0"
"F9","11/25/2024","2210","N359FR","MDW","10:15","10:12","-3","0","0","0","0","0"
"F9","11/25/2024","2261","N604FR","ELP","15:51","16:47","56","49","0","0","0","3"
"F9","11/25/2024","2341","N381FR","LAX","06:00","05:50","-10","0","0","25","0","0"
"F9","11/25/2024","2374","N614FR","TYS","13:23","15:03","100","12","0","0","0","75"
"F9","11/25/2024","2440","N235FR","RDU","15:21","15:17","-4","0","0","0","0","0"
"F9","11/25/2024","2632","N352FR","DFW","19:58","20:58","60","0","0","0","0","53"
"F9","11/25/2024","2687","N386FR","PDX","22:32","22:40","8","8","0","7","0","0"
"F9","11/25/2024","2706","N341FR","BWI","07:52","07:45","-7","0","0","0","0","0"
"F9","11/25/2024","2746","N653FR","TPA","15:29","15:23","-6","0","0","0","0","0"
"F9","11/25/2024","2748","N604FR","TPA","06:00","05:59","-1","0","0","0","0","0"
"F9","11/25/2024","2752","N235FR","BUF","06:15","06:03","-12","0","0","0","0","0"
"F9","11/25/2024","2817","N713FR","SAN","06:00","05:51","-9","0","0","0","0","0"
"F9","11/25/2024","3155","N352FR","LAX","14:10","14:27","17","17","0","12","0","0"
"F9","11/25/2024","3162","N644FR","LGA","11:11","11:19","8","0","0","0","0","0"
"F9","11/25/2024","3172","N342FR","ORD","19:44","19:56","12","0","0","0","0","0"
"F9","11/25/2024","3174","N370FR","ORD","08:40","08:31","-9","0","0","0","0","0"
"F9","11/25/2024","3230","N640FR","IAH","06:36","06:53","17","16","0","0","0","0"
"F9","11/25/2024","3286","N723FR","CVG","08:45","08:39","-6","0","0","0","0","0"
"F9","11/25/2024","3294","N341FR","ATL","17:21","17:52","31","21","0","0","0","0"
"F9","11/25/2024","3340","N382FR","PHL","23:59","23:59","0","0","0","0","0","0"
"F9","11/25/2024","3376","N382FR","MCI","10:31","10:28","-3","0","0","0","0","0"
"F9","11/25/2024","3439","N625FR","SFO","22:45","22:47","2","2","0","13","0","0"
"F9","11/25/2024","3467","N637FR","PHX","19:29","19:27","-2","0","0","0","0","0"
"F9","11/25/2024","3566","N326FR","DTW","15:55","15:52","-3","0","0","0","0","0"
"F9","11/25/2024","3600","N609FR","ATL","23:20","00:01","41","21","0","0","0","0"
"F9","11/25/2024","3649","N330FR","PHX","16:10","16:18","8","0","0","0","0","0"
"F9","11/25/2024","3665","N312FR","SMF","11:50","11:42","-8","0","0","0","0","0"
"F9","11/25/2024","3861","N381FR","SLC","22:26","22:42","16","6","0","15","0","10"
"F9","11/25/2024","3930","N702FR","PNS","12:50","12:43","-7","0","0","0","0","0"
"F9","11/25/2024","3981","N344FR","SLC","08:03","07:56","-7","0","0","0","0","0"
"F9","11/25/2024","4070","N336FR","DFW","13:53","19:25","332","0","0","7","0","332"
"F9","11/25/2024","4251","N329FR","SLC","17:00","17:18","18","18","0","11","0","0"
"F9","11/25/2024","4371","N386FR","SNA","10:09","09:56","-13","0","0","17","0","0"
"F9","11/25/2024","4386","N610FR","CID","10:47","10:38","-9","0","0","0","0","0"
"F9","11/25/2024","4464","N310FR","DFW","07:23","07:20","-3","0","0","0","0","0"
"F9","11/25/2024","4478","N346FR","STL","21:03","23:29","146","0","0","0","0","130"
"F9","11/25/2024","4521","N367FR","BUR","10:04","09:54","-10","0","0","0","0","0"
"F9","11/25/2024","4611","N329FR","LAS","22:42","22:42","0","0","0","0","0","0"
"F9","11/25/2024","4626","N352FR","MEM","07:25","07:21","-4","0","0","0","0","0"
"F9","11/25/2024","4753","N330FR","PHX","22:22","22:12","-10","0","0","0","0","0"
"F9","11/25/2024","4856","N713FR","IAH","21:17","21:26","9","0","0","0","0","0"
"F9","11/25/2024","4917","N637FR","SJC","09:45","09:43","-2","0","0","21","0","0"
"F9","11/25/2024","4920","N326FR","MCO","06:00","05:56","-4","0","0","0","0","0"
"F9","11/25/2024","4927","N644FR","SAN","22:30","22:42","12","0","0","0","0","0"
"F9","11/25/2024","4967","N369FR","LAS","18:48","01:17","389","0","0","0","0","381"
"F9","11/25/2024","4982","N625FR","RSW","12:15","12:06","-9","0","0","0","0","0"
"F9","11/25/2024","4989","N230FR","SAN","16:59","17:56","57","4","0","3","0","53"
"F9","11/26/2024","0686","N387FR","DCA","06:41","06:32","-9","0","0","0","0","0"
"F9","11/26/2024","0688","N371FR","DCA","11:40","11:29","-11","0","0","0","0","0"
"F9","11/26/2024","0690","N387FR","DCA","16:38","16:32","-6","0","0","0","0","0"
"F9","11/26/2024","0777","N710FR","LAS","16:38","16:29","-9","0","0","0","0","0"
"F9","11/26/2024","1093","N329FR","SFO","09:19","09:16","-3","0","0","0","0","0"
"F9","11/26/2024","1114","N386FR","TPA","23:59","23:52","-7","0","0","0","0","0"
"F9","11/26/2024","1128","N606FR","OMA","11:47","11:56","9","0","0","0","0","0"
"F9","11/26/2024","1162","N326FR","HOU","09:55","09:44","-11","0","0","0","0","0"
"F9","11/26/2024","1175","N303FR","SEA","06:04","05:55","-9","0","0","0","0","0"
"F9","11/26/2024","1248","N336FR","GRR","13:10","12:58","-12","0","0","0","0","0"
"F9","11/26/2024","1261","N607FR","ONT","06:55","06:58","3","0","0","0","0","0"
"F9","11/26/2024","1280","N235FR","MIA","18:19","18:34","15","0","0","0","0","0"
"F9","11/26/2024","1292","N614FR","MSP","21:16","21:08","-8","0","0","0","0","0"
"F9","11/26/2024","1324","N238FR","DFW","07:53","08:03","10","10","0","7","0","0"
"F9","11/26/2024","1362","N708FR","CLT","05:15","05:13","-2","0","0","0","0","0"
"F9","11/26/2024","1375","N718FR","PHX","06:05","05:58","-7","0","0","0","0","0"
"F9","11/26/2024","1402","N386FR","BNA","16:07","15:58","-9","0","0","0","0","0"
"F9","11/26/2024","1450","N362FR","ATL","08:39","08:34","-5","0","0","0","0","0"
"F9","11/26/2024","1501","N644FR","ONT","22:38","22:34","-4","0","0","0","0","0"
"F9","11/26/2024","1560","N715FR","MSN","12:25","12:19","-6","0","0","0","0","0"
"F9","11/26/2024","1819","N304FR","PHX","08:50","08:43","-7","0","0","0","0","0"
"F9","11/26/2024","1864","N354FR","OKC","17:02","16:53","-9","0","0","0","0","0"
"F9","11/26/2024","1918","N702FR","CLE","14:38","14:43","5","0","0","0","0","0"
"F9","11/26/2024","1993","N710FR","LAS","10:14","10:03","-11","0","0","0","0","0"
"F9","11/26/2024","2015","N616FR","LAS","06:05","05:58","-7","0","0","0","0","0"
"F9","11/26/2024","2141","N384FR","PHX","16:10","16:05","-5","0","0","0","0","0"
"F9","11/26/2024","2148","N606FR","DFW","17:18","17:12","-6","0","0","0","0","0"
"F9","11/26/2024","2210","N364FR","MDW","09:45","10:01","16","0","0","0","0","0"
"F9","11/26/2024","2212","N230FR","DTW","16:00","15:54","-6","0","0","0","0","0"
"F9","11/26/2024","2261","N609FR","ELP","15:04","15:28","24","24","0","0","0","0"
"F9","11/26/2024","2341","N336FR","LAX","06:00","05:54","-6","0","0","0","0","0"
"F9","11/26/2024","2348","N381FR","IND","14:59","15:06","7","0","0","0","0","0"
"F9","11/26/2024","2356","N235FR","SAT","11:54","12:03","9","0","0","0","0","0"
"F9","11/26/2024","2440","N367FR","RDU","15:21","15:49","28","0","0","0","0","0"
"F9","11/26/2024","2632","N343FR","DFW","19:41","19:41","0","0","0","0","0","0"
"F9","11/26/2024","2687","N354FR","PDX","22:32","22:26","-6","0","0","0","0","0"
"F9","11/26/2024","2748","N637FR","TPA","06:00","05:54","-6","0","0","0","0","0"
"F9","11/26/2024","2817","N232FR","SAN","06:00","05:50","-10","0","0","0","0","0"
"F9","11/26/2024","3155","N303FR","LAX","14:10","14:07","-3","0","0","0","0","0"
"F9","11/26/2024","3162","N644FR","LGA","11:11","11:28","17","0","0","0","0","0"
"F9","11/26/2024","3174","N370FR","ORD","08:40","08:33","-7","0","0","0","0","0"
"F9","11/26/2024","3206","N374FR","IAH","17:00","16:57","-3","0","0","0","0","0"
"F9","11/26/2024","3286","N723FR","CVG","08:45","08:48","3","0","0","0","0","0"
"F9","11/26/2024","3312","N375FR","MCO","09:09","09:16","7","0","0","0","0","0"
"F9","11/26/2024","3340","N371FR","PHL","23:59","00:25","26","0","0","0","0","0"
"F9","11/26/2024","3376","N386FR","MCI","10:31","10:28","-3","0","0","0","0","0"
"F9","11/26/2024","3439","N715FR","SFO","22:45","22:47","2","0","2","21","0","0"
"F9","11/26/2024","3467","N640FR","PHX","19:17","19:14","-3","0","0","0","0","0"
"F9","11/26/2024","3566","N614FR","DTW","06:00","05:57","-3","0","0","0","0","0"
"F9","11/26/2024","3600","N607FR","ATL","23:00","23:00","0","0","0","0","0","0"
"F9","11/26/2024","3718","N702FR","AUS","08:03","08:02","-1","0","0","0","0","0"
"F9","11/26/2024","3861","N381FR","SLC","22:26","22:25","-1","0","0","0","0","0"
"F9","11/26/2024","3930","N637FR","PNS","16:10","16:05","-5","0","0","0","0","0"
"F9","11/26/2024","3981","N312FR","SLC","09:00","11:24","144","144","0","1","0","0"
"F9","11/26/2024","4070","N625FR","DFW","10:50","10:56","6","0","0","0","0","0"
"F9","11/26/2024","4344","N374FR","XNA","09:53","09:50","-3","0","0","22","0","0"
"F9","11/26/2024","4371","N354FR","SNA","10:09","09:59","-10","0","0","0","0","0"
"F9","11/26/2024","4374","N367FR","PIT","06:31","06:42","11","0","0","0","0","0"
"F9","11/26/2024","4386","N614FR","CID","14:15","14:20","5","0","0","0","0","0"
"F9","11/26/2024","4478","N303FR","STL","21:03","20:55","-8","0","0","0","0","0"
"F9","11/26/2024","4562","N713FR","MSY","08:00","08:35","35","0","0","0","0","0"
"F9","11/26/2024","4576","N708FR","CMH","14:32","14:38","6","0","0","0","0","0"
"F9","11/26/2024","4611","N708FR","LAS","22:42","23:14","32","0","6","2","0","26"
"F9","11/26/2024","4616","N625FR","MSP","18:14","19:02","48","32","0","0","0","0"
"F9","11/26/2024","4753","N232FR","PHX","22:22","22:21","-1","0","0","0","0","0"
"F9","11/26/2024","4776","N713FR","LIT","15:49","16:00","11","11","0","6","0","0"
"F9","11/26/2024","4794","N232FR","FAR","15:33","15:23","-10","0","0","0","0","0"
"F9","11/26/2024","4856","N336FR","IAH","21:17","21:45","28","0","0","0","0","0"
"F9","11/26/2024","4917","N640FR","SJC","09:25","09:53","28","0","0","2","0","28"
"F9","11/26/2024","4920","N230FR","MCO","06:00","05:54","-6","0","0","0","0","0"
"F9","11/26/2024","4927","N384FR","SAN","22:30","22:33","3","0","0","0","0","0"
"F9","11/26/2024","4967","N361FR","LAS","18:44","19:05","21","2","0","6","0","19"
"F9","11/26/2024","4982","N718FR","RSW","12:15","12:04","-11","0","0","0","0","0"
"F9","11/26/2024","4989","N326FR","SAN","16:51","17:06","15","0","0","25","0","15"
"F9","11/27/2024","0686","N230FR","DCA","06:41","06:46","5","5","0","14","0","0"
"F9","11/27/2024","0688","N352FR","DCA","11:40","12:17","37","37","0","29","0","0"
"F9","11/27/2024","0690","N230FR","DCA","16:38","16:31","-7","0","0","0","0","0"
"F9","11/27/2024","0777","N651FR","LAS","16:42","16:35","-7","0","0","0","0","0"
"F9","11/27/2024","1093","N232FR","SFO","09:19","09:19","0","0","0","31","0","0"
"F9","11/27/2024","1114","N625FR","TPA","23:59","23:42","-17","0","0","0","0","0"
"F9","11/27/2024","1150","N609FR","MSP","15:37","15:56","19","0","0","0","0","17"
"F9","11/27/2024","1175","N329FR","SEA","09:00","09:05","5","0","0","0","0","0"
"F9","11/27/2024","1228","N329FR","MDW","17:31","17:21","-10","0","0","0","0","0"
"F9","11/27/2024","1261","N313FR","ONT","09:58","10:39","41","0","41","36","0","0"
"F9","11/27/2024","1280","N356FR","MIA","18:19","18:10","-9","0","0","0","0","0"
"F9","11/27/2024","1292","N712FR","MSP","21:16","21:16","0","0","0","0","0","0"
"F9","11/27/2024","1362","N702FR","CLT","13:59","14:12","13","0","0","0","0","0"
"F9","11/27/2024","1375","N713FR","PHX","06:05","05:58","-7","0","0","65","0","0"
"F9","11/27/2024","1402","N354FR","BNA","16:07","16:16","9","0","0","0","0","0"
"F9","11/27/2024","1450","N625FR","ATL","05:01","04:58","-3","0","0","0","0","0"
"F9","11/27/2024","1499","N637FR","ONT","22:38","23:20","42","0","1","5","0","41"
"F9","11/27/2024","1678","N374FR","DSM","15:23","15:38","15","0","0","0","0","0"
"F9","11/27/2024","1734","N709FR","MCO","00:21","00:15","-6","0","0","0","0","0"
"F9","11/27/2024","1752","N391FR","CVG","18:56","19:30","34","0","0","0","0","18"
"F9","11/27/2024","1816","N606FR","AUS","18:32","18:36","4","0","0","0","0","0"
"F9","11/27/2024","1819","N368FR","PHX","08:50","09:12","22","0","4","86","0","18"
"F9","11/27/2024","1864","N387FR","OKC","17:03","18:06","63","0","5","1","0","58"
"F9","11/27/2024","1918","N702FR","CLE","05:15","05:03","-12","0","0","0","0","0"
"F9","11/27/2024","1993","N710FR","LAS","10:18","12:41","143","0","0","5","0","143"
"F9","11/27/2024","2015","N606FR","LAS","06:05","05:58","-7","0","0","34","0","0"
"F9","11/27/2024","2105","N646FR","PHX","15:51","15:47","-4","0","0","0","0","0"
"F9","11/27/2024","2108","N640FR","FSD","13:17","13:44","27","2","0","9","0","25"
"F9","11/27/2024","2141","N606FR","PHX","12:25","12:22","-3","0","0","21","0","0"
"F9","11/27/2024","2148","N715FR","DFW","17:18","17:58","40","21","0","0","0","4"
"F9","11/27/2024","2210","N365FR","MDW","09:45","09:57","12","0","12","41","0","0"
"F9","11/27/2024","2226","N609FR","RDU","06:00","06:06","6","6","0","28","0","0"
"F9","11/27/2024","2261","N712FR","ELP","14:54","15:39","45","20","0","0","0","23"
"F9","11/27/2024","2341","N640FR","LAX","06:00","05:50","-10","0","0","58","0","0"
"F9","11/27/2024","2348","N604FR","IND","14:34","15:26","52","0","0","0","0","34"
"F9","11/27/2024","2356","N356FR","SAT","11:54","12:00","6","0","0","0","0","0"
"F9","11/27/2024","2374","N625FR","TYS","13:42","13:42","0","0","0","29","0","0"
"F9","11/27/2024","2440","N312FR","RDU","15:21","15:19","-2","0","0","0","0","0"
"F9","11/27/2024","2632","N346FR","DFW","19:41","19:55","14","0","0","0","0","0"
"F9","11/27/2024","2687","N387FR","PDX","22:32","23:12","40","9","0","17","0","31"
"F9","11/27/2024","2706","N369FR","BWI","07:52","07:56","4","4","0","12","0","0"
"F9","11/27/2024","2748","N646FR","TPA","06:00","05:57","-3","0","0","0","0","0"
"F9","11/27/2024","2752","N312FR","BUF","06:20","06:14","-6","0","0","0","0","0"
"F9","11/27/2024","2996","N310FR","IAH","21:17","21:15","-2","0","0","24","0","0"
"F9","11/27/2024","3155","N342FR","LAX","14:10","15:14","64","0","0","10","0","64"
"F9","11/27/2024","3162","N644FR","LGA","11:11","11:17","6","0","6","23","0","0"
"F9","11/27/2024","3172","N303FR","ORD","19:44","19:31","-13","0","0","0","0","0"
"F9","11/27/2024","3174","N390FR","ORD","08:40","08:46","6","0","0","0","0","0"
"F9","11/27/2024","3286","N723FR","CVG","08:45","09:43","58","46","0","43","0","12"
"F9","11/27/2024","3294","N369FR","ATL","17:37","17:50","13","0","0","0","0","0"
"F9","11/27/2024","3302","N718FR","STL","05:30","05:23","-7","0","0","0","0","0"
"F9","11/27/2024","3312","N381FR","MCO","09:19","09:16","-3","0","0","0","0","0"
"F9","11/27/2024","3340","N380FR","PHL","23:59","23:52","-7","0","0","48","0","0"
"F9","11/27/2024","3376","N354FR","MCI","10:31","10:31","0","0","0","37","0","0"
"F9","11/27/2024","3405","N384FR","SEA","18:29","19:24","55","24","0","24","0","31"
"F9","11/27/2024","3439","N713FR","SFO","22:45","22:45","0","0","0","0","0","0"
"F9","11/27/2024","3467","N718FR","PHX","19:21","19:49","28","0","0","0","0","22"
"F9","11/27/2024","3566","N326FR","DTW","16:00","16:05","5","0","0","0","0","0"
"F9","11/27/2024","3600","N614FR","ATL","23:14","00:51","97","0","0","0","0","78"
"F9","11/27/2024","3665","N718FR","SMF","12:08","12:31","23","1","0","15","0","22"
"F9","11/27/2024","3740","N637FR","IAH","06:36","06:33","-3","0","0","28","0","0"
"F9","11/27/2024","3861","N332FR","SLC","22:26","22:38","12","0","0","0","0","0"
"F9","11/27/2024","3930","N313FR","PNS","16:10","17:50","100","0","0","0","0","85"
"F9","11/27/2024","4070","N359FR","DFW","13:36","14:16","40","0","0","0","0","29"
"F9","11/27/2024","4251","N332FR","SLC","17:00","16:58","-2","0","0","0","0","0"
"F9","11/27/2024","4344","N374FR","XNA","09:50","09:46","-4","0","0","22","0","0"
"F9","11/27/2024","4371","N387FR","SNA","10:09","10:27","18","0","0","67","0","18"
"F9","11/27/2024","4386","N715FR","CID","10:47","11:11","24","24","0","17","0","0"
"F9","11/27/2024","4464","N336FR","DFW","07:23","07:42","19","0","0","26","0","19"
"F9","11/27/2024","4478","N342FR","STL","21:03","21:43","40","0","0","0","0","29"
"F9","11/27/2024","4521","N362FR","BUR","10:04","10:07","3","3","0","28","0","0"
"F9","11/27/2024","4611","N604FR","LAS","22:42","22:34","-8","0","0","0","0","0"
"F9","11/27/2024","4626","N342FR","MEM","07:25","07:14","-11","0","0","19","0","0"
"F9","11/27/2024","4794","N604FR","FAR","08:30","08:16","-14","0","0","20","0","0"
"F9","11/27/2024","4917","N384FR","SJC","11:04","11:07","3","0","0","59","0","3"
"F9","11/27/2024","4920","N326FR","MCO","06:00","05:55","-5","0","0","0","0","0"
"F9","11/27/2024","4927","N702FR","SAN","22:30","23:57","87","0","0","45","0","87"
"F9","11/27/2024","4967","N640FR","LAS","18:46","19:18","32","0","0","0","0","24"
"F9","11/27/2024","4982","N713FR","RSW","12:15","12:43","28","0","0","0","0","20"
"F9","11/27/2024","4989","N362FR","SAN","16:59","17:08","9","2","0","24","0","7"
"F9","11/28/2024","0686","N362FR","DCA","06:41","06:36","-5","0","0","0","0","0"
"F9","11/28/2024","0688","N387FR","DCA","11:40","11:31","-9","0","0","0","0","0"
"F9","11/28/2024","0690","N362FR","DCA","16:38","16:24","-14","0","0","0","0","0"
"F9","11/28/2024","0777","N625FR","LAS","16:42","16:37","-5","0","0","0","0","0"
"F9","11/28/2024","1093","N310FR","SFO","09:19","09:22","3","0","0","0","0","0"
"F9","11/28/2024","1114","N356FR","TPA","23:59","00:08","9","0","0","0","0","0"
"F9","11/28/2024","1162","N230FR","HOU","09:55","10:12","17","0","0","0","0","0"
"F9","11/28/2024","1248","N718FR","GRR","13:10","12:58","-12","0","0","0","0","0"
"F9","11/28/2024","1261","N609FR","ONT","06:55","06:56","1","0","0","0","0","0"
"F9","11/28/2024","1280","N370FR","MIA","18:19","20:15","116","5","0","0","0","86"
"F9","11/28/2024","1362","N644FR","CLT","05:15","05:07","-8","0","0","0","0","0"
"F9","11/28/2024","1375","N606FR","PHX","06:05","05:55","-10","0","0","0","0","0"
"F9","11/28/2024","1450","N713FR","ATL","10:47","10:39","-8","0","0","0","0","0"
"F9","11/28/2024","1499","N637FR","ONT","22:38","22:40","2","0","0","0","0","0"
"F9","11/28/2024","1734","N719FR","MCO","00:21","00:18","-3","0","0","0","0","0"
"F9","11/28/2024","1819","N368FR","PHX","08:50","08:37","-13","0","0","0","0","0"
"F9","11/28/2024","1864","N230FR","OKC","17:02","16:51","-11","0","0","0","0","0"
"F9","11/28/2024","1918","N702FR","CLE","14:38","14:33","-5","0","0","0","0","0"
"F9","11/28/2024","1993","N625FR","LAS","10:18","10:13","-5","0","0","0","0","0"
"F9","11/28/2024","2015","N232FR","LAS","06:05","05:59","-6","0","0","0","0","0"
"F9","11/28/2024","2105","N232FR","PHX","12:20","12:19","-1","0","0","0","0","0"
"F9","11/28/2024","2141","N317FR","PHX","14:21","14:14","-7","0","0","0","0","0"
"F9","11/28/2024","2148","N384FR","DFW","17:18","17:17","-1","0","0","0","0","0"
"F9","11/28/2024","2210","N329FR","MDW","09:45","09:53","8","0","0","0","0","0"
"F9","11/28/2024","2261","N614FR","ELP","15:04","15:39","35","26","0","0","0","0"
"F9","11/28/2024","2341","N718FR","LAX","06:00","05:50","-10","0","0","0","0","0"
"F9","11/28/2024","2348","N352FR","IND","15:03","14:51","-12","0","0","0","0","0"
"F9","11/28/2024","2440","N313FR","RDU","15:21","15:13","-8","0","0","0","0","0"
"F9","11/28/2024","2687","N312FR","PDX","22:32","22:25","-7","0","0","0","0","0"
"F9","11/28/2024","2748","N604FR","TPA","06:00","05:54","-6","0","0","0","0","0"
"F9","11/28/2024","3155","N312FR","LAX","14:10","14:30","20","15","0","0","0","0"
"F9","11/28/2024","3162","N637FR","LGA","11:11","11:18","7","0","0","0","0","0"
"F9","11/28/2024","3174","N303FR","ORD","08:40","08:38","-2","0","0","0","0","0"
"F9","11/28/2024","3206","N718FR","IAH","21:17","21:28","11","0","0","0","0","0"
"F9","11/28/2024","3286","N715FR","CVG","08:45","08:54","9","0","0","0","0","0"
"F9","11/28/2024","3312","N384FR","MCO","06:31","06:21","-10","0","0","0","0","0"
"F9","11/28/2024","3340","N358FR","PHL","23:59","23:51","-8","0","0","0","0","0"
"F9","11/28/2024","3439","N713FR","SFO","22:45","22:47","2","2","0","15","0","0"
"F9","11/28/2024","3467","N631FR","PHX","19:17","19:22","5","0","0","0","0","0"
"F9","11/28/2024","3600","N635FR","ATL","23:20","23:10","-10","0","0","0","0","0"
"F9","11/28/2024","3754","N313FR","AUS","08:03","07:56","-7","0","0","0","0","0"
"F9","11/28/2024","3861","N352FR","SLC","22:26","22:21","-5","0","0","0","0","0"
"F9","11/28/2024","3930","N604FR","PNS","16:10","15:56","-14","0","0","0","0","0"
"F9","11/28/2024","3981","N332FR","SLC","08:49","08:44","-5","0","0","0","0","0"
"F9","11/28/2024","4070","N351FR","DFW","13:36","13:28","-8","0","0","0","0","0"
"F9","11/28/2024","4344","N356FR","XNA","09:53","09:54","1","0","0","0","0","0"
"F9","11/28/2024","4464","N351FR","DFW","07:23","07:28","5","0","0","0","0","0"
"F9","11/28/2024","4478","N387FR","STL","21:03","21:00","-3","0","0","0","0","0"
"F9","11/28/2024","4611","N230FR","LAS","22:42","22:42","0","0","0","0","0","0"
"F9","11/28/2024","4616","N609FR","MSP","21:16","21:49","33","0","0","0","0","20"
"F9","11/28/2024","4794","N644FR","FAR","15:33","15:21","-12","0","0","0","0","0"
"F9","11/28/2024","4856","N332FR","IAH","17:00","16:55","-5","0","0","0","0","0"
"F9","11/28/2024","4917","N631FR","SJC","11:04","10:59","-5","0","0","0","0","0"
"F9","11/28/2024","4927","N644FR","SAN","22:30","22:22","-8","0","0","0","0","0"
"F9","11/28/2024","4982","N606FR","RSW","12:15","12:06","-9","0","0","0","0","0"
"F9","11/28/2024","4989","N356FR","SAN","16:51","16:51","0","0","0","0","0","0"
"F9","11/29/2024","0686","N232FR","DCA","06:41","07:01","20","0","0","0","0","0"
"F9","11/29/2024","0688","N344FR","DCA","11:40","11:29","-11","0","0","0","0","0"
"F9","11/29/2024","0690","N386FR","DCA","16:38","17:17","39","9","0","0","0","21"
"F9","11/29/2024","0777","N361FR","LAS","16:07","16:01","-6","0","0","0","0","0"
"F9","11/29/2024","1093","N310FR","SFO","09:19","09:17","-2","0","0","0","0","0"
"F9","11/29/2024","1114","N230FR","TPA","23:59","23:45","-14","0","0","0","0","0"
"F9","11/29/2024","1175","N352FR","SEA","09:09","09:03","-6","0","0","21","0","0"
"F9","11/29/2024","1228","N312FR","MDW","17:25","17:21","-4","0","0","0","0","0"
"F9","11/29/2024","1261","N386FR","ONT","09:58","10:22","24","0","0","2","0","24"
"F9","11/29/2024","1280","N389FR","MIA","18:19","18:26","7","0","0","0","0","0"
"F9","11/29/2024","1292","N604FR","MSP","16:42","16:40","-2","0","0","0","0","0"
"F9","11/29/2024","1362","N604FR","CLT","07:20","07:15","-5","0","0","0","0","0"
"F9","11/29/2024","1402","N614FR","BNA","16:07","16:16","9","0","0","0","0","0"
"F9","11/29/2024","1678","N640FR","DSM","15:24","15:14","-10","0","0","0","0","0"
"F9","11/29/2024","1734","N629FR","MCO","00:21","00:17","-4","0","0","0","0","0"
"F9","11/29/2024","1918","N328FR","CLE","08:36","09:13","37","0","0","0","0","16"
"F9","11/29/2024","1993","N633FR","LAS","14:06","14:05","-1","0","0","0","0","0"
"F9","11/29/2024","2015","N361FR","LAS","10:03","09:59","-4","0","0","0","0","0"
"F9","11/29/2024","2034","N652FR","OKC","13:17","13:01","-16","0","0","0","0","0"
"F9","11/29/2024","2105","N391FR","PHX","15:38","15:28","-10","0","0","0","0","0"
"F9","11/29/2024","2108","N646FR","FSD","08:03","08:02","-1","0","0","0","0","0"
"F9","11/29/2024","2210","N365FR","MDW","09:45","09:44","-1","0","0","0","0","0"
"F9","11/29/2024","2261","N635FR","ELP","14:54","15:53","59","55","0","0","0","0"
"F9","11/29/2024","2341","N326FR","LAX","06:00","06:06","6","6","0","22","0","0"
"F9","11/29/2024","2356","N389FR","SAT","11:54","11:44","-10","0","0","0","0","0"
"F9","11/29/2024","2374","N646FR","TYS","13:31","13:21","-10","0","0","0","0","0"
"F9","11/29/2024","2440","N384FR","RDU","15:38","15:28","-10","0","0","0","0","0"
"F9","11/29/2024","2550","N713FR","DFW","17:18","17:34","16","0","0","0","0","0"
"F9","11/29/2024","2632","N238FR","DFW","20:11","20:08","-3","0","0","0","0","0"
"F9","11/29/2024","2687","N362FR","PDX","22:32","22:57","25","0","0","0","0","0"
"F9","11/29/2024","2706","N384FR","BWI","06:00","05:51","-9","0","0","0","0","0"
"F9","11/29/2024","2746","N619FR","TPA","17:29","17:26","-3","0","0","0","0","0"
"F9","11/29/2024","2752","N702FR","BUF","06:15","06:04","-11","0","0","0","0","0"
"F9","11/29/2024","2817","N652FR","SAN","06:05","05:49","-16","0","0","0","0","0"
"F9","11/29/2024","2890","N652FR","AUS","18:46","18:42","-4","0","0","0","0","0"
"F9","11/29/2024","3155","N326FR","LAX","14:10","14:49","39","39","0","4","0","0"
"F9","11/29/2024","3162","N637FR","LGA","11:11","11:12","1","0","0","0","0","0"
"F9","11/29/2024","3172","N387FR","ORD","19:44","19:36","-8","0","0","0","0","0"
"F9","11/29/2024","3174","N354FR","ORD","08:40","08:40","0","0","0","0","0","0"
"F9","11/29/2024","3230","N606FR","IAH","06:36","06:35","-1","0","0","0","0","0"
"F9","11/29/2024","3286","N718FR","CVG","08:35","08:46","11","0","0","0","0","0"
"F9","11/29/2024","3294","N334FR","ATL","17:17","17:24","7","0","0","0","0","0"
"F9","11/29/2024","3340","N232FR","PHL","23:59","00:01","2","0","0","0","0","0"
"F9","11/29/2024","3439","N367FR","SFO","22:45","22:44","-1","0","0","0","0","0"
"F9","11/29/2024","3467","N313FR","PHX","19:17","19:27","10","0","0","0","0","0"
"F9","11/29/2024","3518","N702FR","TPA","15:29","15:23","-6","0","0","0","0","0"
"F9","11/29/2024","3600","N606FR","ATL","23:14","23:00","-14","0","0","0","0","0"
"F9","11/29/2024","3665","N313FR","SMF","12:24","12:21","-3","0","0","0","0","0"
"F9","11/29/2024","3825","N646FR","ONT","22:38","22:45","7","0","0","0","0","0"
"F9","11/29/2024","3861","N344FR","SLC","22:26","22:30","4","0","0","0","0","0"
"F9","11/29/2024","3930","N720FR","PNS","16:10","16:31","21","0","0","0","0","0"
"F9","11/29/2024","4070","N236FR","DFW","14:01","13:59","-2","0","0","0","0","0"
"F9","11/29/2024","4251","N232FR","SLC","17:00","17:30","30","16","0","0","0","0"
"F9","11/29/2024","4371","N362FR","SNA","10:09","10:47","38","34","0","0","0","0"
"F9","11/29/2024","4386","N713FR","CID","10:47","11:22","35","22","0","0","0","0"
"F9","11/29/2024","4464","N236FR","DFW","07:53","08:09","16","0","0","0","0","0"
"F9","11/29/2024","4478","N326FR","STL","21:03","21:18","15","0","0","0","0","0"
"F9","11/29/2024","4521","N312FR","BUR","10:12","10:23","11","1","0","7","0","10"
"F9","11/29/2024","4562","N640FR","MSY","07:36","07:26","-10","0","0","0","0","0"
"F9","11/29/2024","4611","N715FR","LAS","22:42","22:35","-7","0","0","0","0","0"
"F9","11/29/2024","4616","N635FR","MSP","21:16","21:21","5","0","0","0","0","0"
"F9","11/29/2024","4626","N614FR","MEM","09:18","09:16","-2","0","0","0","0","0"
"F9","11/29/2024","4753","N390FR","PHX","21:17","21:04","-13","0","0","0","0","0"
"F9","11/29/2024","4828","N362FR","MCI","17:01","17:53","52","6","0","0","0","46"
"F9","11/29/2024","4856","N640FR","IAH","21:17","21:08","-9","0","0","0","0","0"
"F9","11/29/2024","4917","N644FR","SJC","11:04","10:56","-8","0","0","0","0","0"
"F9","11/29/2024","4920","N631FR","MCO","06:05","05:52","-13","0","0","0","0","0"
"F9","11/29/2024","4927","N637FR","SAN","22:30","22:22","-8","0","0","0","0","0"
"F9","11/29/2024","4967","N644FR","LAS","18:34","18:33","-1","0","0","0","0","0"
"F9","11/29/2024","4982","N367FR","RSW","12:43","12:35","-8","0","0","0","0","0"
"F9","11/29/2024","4989","N352FR","SAN","16:59","17:04","5","0","0","0","0","0"
"F9","11/30/2024","0686","N313FR","DCA","06:41","06:32","-9","0","0","0","0","0"
"F9","11/30/2024","0688","N312FR","DCA","11:40","11:38","-2","0","0","0","0","0"
"F9","11/30/2024","0690","N310FR","DCA","16:38","17:24","46","9","0","0","0","14"
"F9","11/30/2024","0777","N625FR","LAS","16:03","16:02","-1","0","0","0","0","0"
"F9","11/30/2024","1093","N339FR","SFO","09:19","09:11","-8","0","0","0","0","0"
"F9","11/30/2024","1114","N337FR","TPA","23:59","00:36","37","0","0","0","0","0"
"F9","11/30/2024","1162","N362FR","HOU","10:29","10:23","-6","0","0","0","0","0"
"F9","11/30/2024","1175","N720FR","SEA","05:30","05:53","23","23","0","5","0","0"
"F9","11/30/2024","1248","N604FR","GRR","13:10","13:18","8","0","0","0","0","0"
"F9","11/30/2024","1261","N332FR","ONT","09:58","10:19","21","0","0","0","0","0"
"F9","11/30/2024","1280","N384FR","MIA","18:19","18:19","0","0","0","0","0","0"
"F9","11/30/2024","1292","N370FR","MSP","18:59","20:58","119","0","0","0","0","112"
"F9","11/30/2024","1324","N313FR","DFW","16:21","16:22","1","0","0","0","0","0"
"F9","11/30/2024","1362","N720FR","CLT","13:29","13:25","-4","0","0","0","0","0"
"F9","11/30/2024","1375","N310FR","PHX","05:25","05:17","-8","0","0","0","0","0"
"F9","11/30/2024","1402","N332FR","BNA","16:37","17:12","35","0","0","0","0","0"
"F9","11/30/2024","1450","N609FR","ATL","05:30","05:17","-13","0","0","0","0","0"
"F9","11/30/2024","1499","N646FR","ONT","22:32","22:23","-9","0","0","0","0","0"
"F9","11/30/2024","1560","N637FR","MSN","11:08","10:55","-13","0","0","0","0","0"
"F9","11/30/2024","1608","N702FR","MKE","05:01","04:51","-10","0","0","0","0","0"
"F9","11/30/2024","1678","N713FR","DSM","15:48","15:36","-12","0","0","0","0","0"
"F9","11/30/2024","1734","N614FR","MCO","00:21","00:09","-12","0","0","0","0","0"
"F9","11/30/2024","1816","N303FR","AUS","08:49","08:49","0","0","0","0","0","0"
"F9","11/30/2024","1819","N391FR","PHX","08:50","08:40","-10","0","0","0","0","0"
"F9","11/30/2024","1864","N386FR","OKC","10:09","09:56","-13","0","0","0","0","0"
"F9","11/30/2024","1874","N652FR","OMA","17:14","17:16","2","0","0","0","0","0"
"F9","11/30/2024","1918","N715FR","CLE","05:15","05:13","-2","0","0","0","0","0"
"F9","11/30/2024","2015","N652FR","LAS","05:01","05:10","9","0","0","0","0","0"
"F9","11/30/2024","2105","N359FR","PHX","17:16","17:21","5","0","0","0","0","0"
"F9","11/30/2024","2108","N715FR","FSD","13:56","13:55","-1","0","0","24","0","0"
"F9","11/30/2024","2148","N238FR","DFW","07:23","07:17","-6","0","0","0","0","0"
"F9","11/30/2024","2210","N365FR","MDW","07:54","07:49","-5","0","0","0","0","0"
"F9","11/30/2024","2261","N637FR","ELP","18:04","18:02","-2","0","0","0","0","0"
"F9","11/30/2024","2341","N604FR","LAX","06:00","05:59","-1","0","0","0","0","0"
"F9","11/30/2024","2348","N362FR","IND","17:25","17:27","2","0","0","0","0","0"
"F9","11/30/2024","2356","N384FR","SAT","11:54","12:02","8","0","0","0","0","0"
"F9","11/30/2024","2440","N303FR","RDU","15:21","15:27","6","0","0","0","0","0"
"F9","11/30/2024","2632","N387FR","DFW","20:15","21:56","101","0","0","0","0","86"
"F9","11/30/2024","2687","N352FR","PDX","22:32","22:35","3","0","0","0","0","0"
"F9","11/30/2024","2748","N640FR","TPA","08:03","08:05","2","0","0","0","0","0"
"F9","11/30/2024","2817","N713FR","SAN","06:00","06:06","6","0","0","0","0","0"
"F9","11/30/2024","2996","N609FR","IAH","21:17","21:38","21","0","0","0","0","0"
"F9","11/30/2024","3155","N609FR","LAX","14:10","14:31","21","0","0","0","0","0"
"F9","11/30/2024","3162","N646FR","LGA","11:11","11:03","-8","0","0","0","0","0"
"F9","11/30/2024","3172","N326FR","ORD","19:44","19:39","-5","0","0","0","0","0"
"F9","11/30/2024","3174","N363FR","ORD","08:47","09:09","22","0","0","0","0","0"
"F9","11/30/2024","3206","N644FR","IAH","06:36","06:25","-11","0","0","0","0","0"
"F9","11/30/2024","3286","N718FR","CVG","08:45","09:41","56","0","0","0","0","45"
"F9","11/30/2024","3312","N613FR","MCO","10:34","10:37","3","0","0","0","0","0"
"F9","11/30/2024","3340","N313FR","PHL","23:59","00:31","32","32","0","21","0","0"
"F9","11/30/2024","3376","N310FR","MCI","11:12","11:12","0","0","0","0","0","0"
"F9","11/30/2024","3405","N702FR","SEA","18:54","18:47","-7","0","0","0","0","0"
"F9","11/30/2024","3439","N644FR","SFO","22:45","22:40","-5","0","0","0","0","0"
"F9","11/30/2024","3467","N715FR","PHX","19:24","20:17","53","7","0","0","0","35"
"F9","11/30/2024","3566","N337FR","DTW","16:00","16:36","36","18","0","0","0","12"
"F9","11/30/2024","3600","N626FR","ATL","23:20","23:20","0","0","0","0","0","0"
"F9","11/30/2024","3665","N386FR","SMF","15:20","15:54","34","31","0","0","0","0"
"F9","11/30/2024","3930","N301FR","PNS","16:10","17:29","79","24","0","0","0","35"
"F9","11/30/2024","3960","N367FR","ATL","16:52","16:54","2","0","0","0","0","0"
"F9","11/30/2024","3981","N312FR","SLC","06:35","06:33","-2","0","0","0","0","0"
"F9","11/30/2024","4070","N238FR","DFW","14:06","13:57","-9","0","0","0","0","0"
"F9","11/30/2024","4251","N713FR","SLC","22:24","22:15","-9","0","0","0","0","0"
"F9","11/30/2024","4344","N652FR","XNA","11:17","11:17","0","0","0","0","0","0"
"F9","11/30/2024","4371","N352FR","SNA","15:57","16:27","30","23","0","0","0","0"
"F9","11/30/2024","4386","N367FR","CID","10:47","10:40","-7","0","0","0","0","0"
"F9","11/30/2024","4478","N312FR","STL","21:03","21:35","32","0","0","0","0","17"
"F9","11/30/2024","4611","N656FR","LAS","22:42","22:42","0","0","0","0","0","0"
"F9","11/30/2024","4616","N604FR","MSP","21:16","22:33","77","57","0","0","0","10"
"F9","11/30/2024","4753","N330FR","PHX","22:59","22:46","-13","0","0","0","0","0"
"F9","11/30/2024","4794","N702FR","FAR","12:21","12:13","-8","0","0","0","0","0"
"F9","11/30/2024","4917","N370FR","SJC","09:45","09:43","-2","0","0","0","0","0"
"F9","11/30/2024","4920","N331FR","MCO","06:00","05:50","-10","0","0","0","0","0"
"F9","11/30/2024","4927","N720FR","SAN","22:30","23:39","69","8","0","0","0","50"
"F9","11/30/2024","4967","N640FR","LAS","18:39","18:44","5","0","0","0","0","0"
"F9","11/30/2024","4982","N630FR","RSW","14:54","15:28","34","0","0","0","0","0"
"F9","12/01/2024","0686","N301FR","DCA","06:41","06:37","-4","0","0","0","0","0"
"F9","12/01/2024","0688","N386FR","DCA","11:40","11:38","-2","0","0","0","0","0"
"F9","12/01/2024","0690","N301FR","DCA","16:38","16:37","-1","0","0","0","0","0"
"F9","12/01/2024","0777","N620FR","LAS","16:42","16:36","-6","0","0","0","0","0"
"F9","12/01/2024","1093","N336FR","SFO","09:29","09:38","9","0","0","0","0","0"
"F9","12/01/2024","1114","N370FR","TPA","23:59","23:59","0","0","0","0","0","0"
"F9","12/01/2024","1128","N344FR","OMA","12:06","11:58","-8","0","0","0","0","0"
"F9","12/01/2024","1162","N337FR","HOU","09:55","09:46","-9","0","0","0","0","0"
"F9","12/01/2024","1175","N339FR","SEA","06:04","06:11","7","7","0","14","0","0"
"F9","12/01/2024","1248","N367FR","GRR","13:10","13:00","-10","0","0","0","0","0"
"F9","12/01/2024","1261","N715FR","ONT","06:55","06:52","-3","0","0","0","0","0"
"F9","12/01/2024","1280","N303FR","MIA","18:19","18:18","-1","0","0","0","0","0"
"F9","12/01/2024","1292","N720FR","MSP","18:14","18:01","-13","0","0","0","0","0"
"F9","12/01/2024","1324","N376FR","DFW","22:49","22:45","-4","0","0","0","0","0"
"F9","12/01/2024","1362","N640FR","CLT","05:15","05:49","34","18","0","0","0","0"
"F9","12/01/2024","1375","N344FR","PHX","06:00","05:55","-5","0","0","0","0","0"
"F9","12/01/2024","1402","N352FR","BNA","16:07","16:09","2","0","0","0","0","0"
"F9","12/01/2024","1499","N637FR","ONT","22:38","22:29","-9","0","0","0","0","0"
"F9","12/01/2024","1560","N720FR","MSN","11:18","11:06","-12","0","0","0","0","0"
"F9","12/01/2024","1734","N629FR","MCO","00:21","00:52","31","0","0","0","0","0"
"F9","12/01/2024","1752","N361FR","CVG","18:46","19:10","24","0","0","0","0","0"
"F9","12/01/2024","1816","N609FR","AUS","08:49","08:40","-9","0","0","0","0","0"
"F9","12/01/2024","1819","N338FR","PHX","08:50","11:01","131","0","0","0","0","123"
"F9","12/01/2024","1864","N387FR","OKC","13:49","14:33","44","29","0","0","0","0"
"F9","12/01/2024","1918","N656FR","CLE","15:55","16:08","13","0","0","0","0","0"
"F9","12/01/2024","1993","N620FR","LAS","10:18","10:30","12","0","0","0","0","0"
"F9","12/01/2024","2015","N637FR","LAS","06:05","05:55","-10","0","0","0","0","0"
"F9","12/01/2024","2105","N644FR","PHX","17:06","17:19","13","0","0","0","0","0"
"F9","12/01/2024","2141","N644FR","PHX","11:00","10:52","-8","0","0","0","0","0"
"F9","12/01/2024","2210","N377FR","MDW","09:11","09:30","19","0","0","0","0","0"
"F9","12/01/2024","2226","N238FR","RDU","06:15","06:06","-9","0","0","0","0","0"
"F9","12/01/2024","2341","N367FR","LAX","06:00","05:57","-3","0","0","0","0","0"
"F9","12/01/2024","2346","N609FR","IND","15:04","15:01","-3","0","0","0","0","0"
"F9","12/01/2024","2356","N303FR","SAT","11:54","11:42","-12","0","0","0","0","0"
"F9","12/01/2024","2360","N630FR","MSY","17:25","17:24","-1","0","0","0","0","0"
"F9","12/01/2024","2440","N332FR","RDU","15:21","15:17","-4","0","0","0","0","0"
"F9","12/01/2024","2632","N715FR","DFW","18:52","18:55","3","0","0","17","0","3"
"F9","12/01/2024","2687","N310FR","PDX","22:32","22:19","-13","0","0","0","0","0"
"F9","12/01/2024","2748","N656FR","TPA","06:00","05:52","-8","0","0","0","0","0"
"F9","12/01/2024","2817","N332FR","SAN","06:00","05:56","-4","0","0","18","0","0"
"F9","12/01/2024","3155","N366FR","LAX","14:10","14:46","36","0","0","0","0","24"
"F9","12/01/2024","3162","N646FR","LGA","11:11","11:09","-2","0","0","0","0","0"
"F9","12/01/2024","3174","N362FR","ORD","07:52","07:45","-7","0","0","0","0","0"
"F9","12/01/2024","3206","N366FR","IAH","21:17","21:27","10","0","0","0","0","0"
"F9","12/01/2024","3286","N718FR","CVG","08:45","09:10","25","0","0","0","0","0"
"F9","12/01/2024","3294","N635FR","ATL","17:41","19:29","108","0","0","0","0","81"
"F9","12/01/2024","3302","N652FR","STL","09:30","09:21","-9","0","0","0","0","0"
"F9","12/01/2024","3312","N316FR","MCO","09:29","09:28","-1","0","0","0","0","0"
"F9","12/01/2024","3340","N656FR","PHL","23:59","00:38","39","0","0","0","0","32"
"F9","12/01/2024","3376","N352FR","MCI","10:31","10:42","11","0","0","0","0","0"
"F9","12/01/2024","3421","N626FR","ELP","15:04","15:46","42","32","0","0","0","10"
"F9","12/01/2024","3439","N640FR","SFO","22:45","22:36","-9","0","0","0","0","0"
"F9","12/01/2024","3467","N713FR","PHX","19:17","19:30","13","0","0","0","0","0"
"F9","12/01/2024","3566","N350FR","DTW","16:00","16:00","0","0","0","0","0","0"
"F9","12/01/2024","3600","N604FR","ATL","23:00","22:59","-1","0","0","0","0","0"
"F9","12/01/2024","3861","N609FR","SLC","22:26","22:21","-5","0","0","0","0","0"
"F9","12/01/2024","3930","N652FR","PNS","16:10","16:09","-1","0","0","0","0","0"
"F9","12/01/2024","3981","N386FR","SLC","05:50","05:56","6","6","0","9","0","0"
"F9","12/01/2024","4070","N339FR","DFW","13:55","13:56","1","0","0","0","0","0"
"F9","12/01/2024","4251","N310FR","SLC","17:02","16:53","-9","0","0","0","0","0"
"F9","12/01/2024","4344","N366FR","XNA","08:36","08:32","-4","0","0","0","0","0"
"F9","12/01/2024","4371","N310FR","SNA","10:09","10:17","8","0","0","0","0","0"
"F9","12/01/2024","4374","N630FR","PIT","06:31","06:33","2","0","0","0","0","0"
"F9","12/01/2024","4464","N387FR","DFW","07:23","07:21","-2","0","0","0","0","0"
"F9","12/01/2024","4478","N367FR","STL","21:03","20:53","-10","0","0","0","0","0"
"F9","12/01/2024","4576","N640FR","CMH","14:32","14:56","24","0","0","0","0","0"
"F9","12/01/2024","4611","N646FR","LAS","22:42","22:27","-15","0","0","0","0","0"
"F9","12/01/2024","4616","N626FR","MSP","21:16","21:23","7","0","0","0","0","0"
"F9","12/01/2024","4776","N238FR","LIT","15:27","15:43","16","0","0","0","0","0"
"F9","12/01/2024","4794","N344FR","FAR","15:33","17:15","102","6","0","11","0","96"
"F9","12/01/2024","4856","N370FR","IAH","16:30","17:43","73","10","0","0","0","48"
"F9","12/01/2024","4917","N713FR","SJC","09:30","09:26","-4","0","0","0","0","0"
"F9","12/01/2024","4920","N350FR","MCO","06:00","05:57","-3","0","0","0","0","0"
"F9","12/01/2024","4927","N644FR","SAN","22:30","01:33","183","140","0","0","0","32"
"F9","12/01/2024","4967","N387FR","LAS","18:56","19:23","27","0","0","0","0","0"
"F9","12/01/2024","4982","N637FR","RSW","12:25","12:18","-7","0","0","0","0","0"
"F9","12/01/2024","4989","N337FR","SAN","16:51","16:51","0","0","0","0","0","0"
"F9","12/02/2024","0686","N387FR","DCA","06:41","06:35","-6","0","0","0","0","0"
"F9","12/02/2024","0688","N344FR","DCA","11:40","11:45","5","0","0","0","0","0"
"F9","12/02/2024","0690","N387FR","DCA","16:38","16:47","9","0","0","0","0","0"
"F9","12/02/2024","0777","N654FR","LAS","16:42","16:41","-1","0","0","0","0","0"
"F9","12/02/2024","1093","N389FR","SFO","09:19","09:11","-8","0","0","0","0","0"
"F9","12/02/2024","1150","N642FR","MSP","21:35","22:25","50","0","0","0","0","41"
"F9","12/02/2024","1175","N609FR","SEA","09:00","08:56","-4","0","0","0","0","0"
"F9","12/02/2024","1228","N352FR","MDW","17:21","17:14","-7","0","0","0","0","0"
"F9","12/02/2024","1261","N304FR","ONT","09:58","10:19","21","0","0","0","0","0"
"F9","12/02/2024","1280","N366FR","MIA","18:19","18:43","24","0","0","0","0","0"
"F9","12/02/2024","1292","N644FR","MSP","18:14","17:59","-15","0","0","0","0","0"
"F9","12/02/2024","1362","N622FR","CLT","13:59","15:43","104","1","0","0","0","87"
"F9","12/02/2024","1375","N713FR","PHX","06:05","06:02","-3","0","0","0","0","0"
"F9","12/02/2024","1402","N310FR","BNA","16:07","16:10","3","0","0","0","0","0"
"F9","12/02/2024","1560","N644FR","MSN","11:08","11:06","-2","0","0","0","0","0"
"F9","12/02/2024","1608","N702FR","MKE","08:07","08:05","-2","0","0","0","0","0"
"F9","12/02/2024","1678","N619FR","DSM","14:54","15:38","44","0","0","0","0","38"
"F9","12/02/2024","1734","N652FR","MCO","00:21","00:38","17","0","0","0","0","0"
"F9","12/02/2024","1819","N363FR","PHX","08:50","08:45","-5","0","0","0","0","0"
"F9","12/02/2024","1918","N715FR","CLE","05:15","05:01","-14","0","0","0","0","0"
"F9","12/02/2024","1928","N301FR","OKC","17:02","16:56","-6","0","0","0","0","0"
"F9","12/02/2024","1993","N637FR","LAS","10:18","10:11","-7","0","0","0","0","0"
"F9","12/02/2024","2015","N621FR","LAS","06:20","06:15","-5","0","0","0","0","0"
"F9","12/02/2024","2108","N366FR","FSD","13:17","13:40","23","0","0","0","0","20"
"F9","12/02/2024","2141","N349FR","PHX","16:10","16:02","-8","0","0","0","0","0"
"F9","12/02/2024","2148","N710FR","DFW","17:18","17:22","4","0","0","0","0","0"
"F9","12/02/2024","2210","N343FR","MDW","10:15","10:12","-3","0","0","0","0","0"
"F9","12/02/2024","2261","N642FR","ELP","15:51","16:43","52","0","0","29","0","52"
"F9","12/02/2024","2341","N337FR","LAX","06:00","05:49","-11","0","0","0","0","0"
"F9","12/02/2024","2374","N337FR","TYS","13:23","13:16","-7","0","0","0","0","0"
"F9","12/02/2024","2440","N336FR","RDU","15:21","15:17","-4","0","0","0","0","0"
"F9","12/02/2024","2632","N236FR","DFW","19:58","19:48","-10","0","0","0","0","0"
"F9","12/02/2024","2687","N301FR","PDX","22:32","22:20","-12","0","0","0","0","0"
"F9","12/02/2024","2706","N352FR","BWI","07:52","07:50","-2","0","0","0","0","0"
"F9","12/02/2024","2746","N702FR","TPA","15:29","15:32","3","0","0","0","0","0"
"F9","12/02/2024","2748","N619FR","TPA","06:00","05:57","-3","0","0","0","0","0"
"F9","12/02/2024","2752","N336FR","BUF","06:15","06:05","-10","0","0","16","0","0"
"F9","12/02/2024","2817","N642FR","SAN","06:00","05:50","-10","0","0","0","0","0"
"F9","12/02/2024","2890","N342FR","AUS","18:46","18:59","13","0","0","0","0","0"
"F9","12/02/2024","2907","N630FR","ONT","22:38","22:47","9","0","0","0","0","0"
"F9","12/02/2024","3155","N386FR","LAX","14:10","14:10","0","0","0","0","0","0"
"F9","12/02/2024","3162","N640FR","LGA","11:11","11:08","-3","0","0","0","0","0"
"F9","12/02/2024","3172","N362FR","ORD","19:44","19:50","6","0","0","0","0","0"
"F9","12/02/2024","3174","N350FR","ORD","08:40","08:36","-4","0","0","18","0","0"
"F9","12/02/2024","3230","N630FR","IAH","06:36","06:37","1","1","0","28","0","0"
"F9","12/02/2024","3286","N720FR","CVG","08:45","08:58","13","0","0","0","0","0"
"F9","12/02/2024","3312","N324FR","MCO","09:19","09:22","3","0","0","0","0","0"
"F9","12/02/2024","3340","N715FR","PHL","23:59","23:52","-7","0","0","0","0","0"
"F9","12/02/2024","3376","N310FR","MCI","10:31","10:28","-3","0","0","0","0","0"
"F9","12/02/2024","3439","N609FR","SFO","22:45","23:02","17","0","0","0","0","0"
"F9","12/02/2024","3467","N723FR","PHX","19:29","19:23","-6","0","0","0","0","0"
"F9","12/02/2024","3566","N326FR","DTW","15:55","16:14","19","0","0","0","0","0"
"F9","12/02/2024","3600","N626FR","ATL","23:20","00:26","66","0","0","0","0","36"
"F9","12/02/2024","3665","N332FR","SMF","11:50","11:49","-1","0","0","0","0","0"
"F9","12/02/2024","3861","N337FR","SLC","22:26","22:19","-7","0","0","0","0","0"
"F9","12/02/2024","3930","N621FR","PNS","12:50","12:40","-10","0","0","0","0","0"
"F9","12/02/2024","3981","N366FR","SLC","08:03","09:20","77","0","0","0","0","60"
"F9","12/02/2024","4070","N236FR","DFW","13:53","13:42","-11","0","0","0","0","0"
"F9","12/02/2024","4371","N301FR","SNA","10:09","10:12","3","0","0","0","0","0"
"F9","12/02/2024","4386","N710FR","CID","10:47","10:38","-9","0","0","0","0","0"
"F9","12/02/2024","4464","N236FR","DFW","07:23","07:16","-7","0","0","0","0","0"
"F9","12/02/2024","4478","N621FR","STL","21:04","20:54","-10","0","0","0","0","0"
"F9","12/02/2024","4521","N356FR","BUR","10:04","10:06","2","0","0","0","0","0"
"F9","12/02/2024","4611","N356FR","LAS","22:42","22:32","-10","0","0","0","0","0"
"F9","12/02/2024","4626","N386FR","MEM","07:25","07:14","-11","0","0","0","0","0"
"F9","12/02/2024","4721","N609FR","SLC","16:59","18:03","64","0","0","0","0","54"
"F9","12/02/2024","4753","N349FR","PHX","22:22","22:07","-15","0","0","0","0","0"
"F9","12/02/2024","4856","N640FR","IAH","21:17","21:22","5","0","0","0","0","0"
"F9","12/02/2024","4917","N723FR","SJC","09:45","09:46","1","0","0","0","0","0"
"F9","12/02/2024","4920","N326FR","MCO","06:00","05:59","-1","0","0","0","0","0"
"F9","12/02/2024","4927","N619FR","SAN","22:30","22:46","16","0","0","0","0","0"
"F9","12/02/2024","4967","N332FR","LAS","18:48","18:42","-6","0","0","0","0","0"
"F9","12/02/2024","4982","N715FR","RSW","12:15","14:04","109","0","0","0","0","80"
"F9","12/02/2024","4989","N304FR","SAN","16:59","16:56","-3","0","0","0","0","0"
"F9","12/03/2024","0686","N342FR","DCA","06:43","06:58","15","15","0","0","0","0"
"F9","12/03/2024","0688","N361FR","DCA","11:41","11:41","0","0","0","0","0","0"
"F9","12/03/2024","0690","N337FR","DCA","16:39","16:35","-4","0","0","0","0","0"
"F9","12/03/2024","1292","N622FR","MSP","20:02","20:00","-2","0","0","0","0","0"
"F9","12/03/2024","1450","N342FR","ATL","17:05","17:00","-5","0","0","0","0","0"
"F9","12/03/2024","1499","N702FR","ONT","22:15","22:12","-3","0","0","0","0","0"
"F9","12/03/2024","1520","N303FR","MIA","18:19","18:17","-2","0","0","0","0","0"
"F9","12/03/2024","1734","N386FR","MCO","00:21","00:21","0","0","0","0","0","0"
"F9","12/03/2024","1816","N629FR","AUS","11:58","11:59","1","0","0","0","0","0"
"F9","12/03/2024","1864","N640FR","OKC","12:18","12:19","1","0","0","0","0","0"
"F9","12/03/2024","1918","N644FR","CLE","06:00","05:59","-1","0","0","0","0","0"
"F9","12/03/2024","2015","N622FR","LAS","07:00","06:51","-9","0","0","0","0","0"
"F9","12/03/2024","2141","N630FR","PHX","14:13","14:04","-9","0","0","0","0","0"
"F9","12/03/2024","2210","N329FR","MDW","20:55","21:17","22","0","0","0","0","0"
"F9","12/03/2024","2341","N343FR","LAX","22:57","22:51","-6","0","0","0","0","0"
"F9","12/03/2024","2348","N369FR","IND","14:59","14:53","-6","0","0","0","0","0"
"F9","12/03/2024","2349","N622FR","LAS","13:20","13:31","11","0","0","0","0","0"
"F9","12/03/2024","2632","N630FR","DFW","20:55","21:29","34","28","0","0","0","0"
"F9","12/03/2024","2687","N349FR","PDX","22:15","22:14","-1","0","0","0","0","0"
"F9","12/03/2024","2746","N723FR","TPA","06:00","05:58","-2","0","0","0","0","0"
"F9","12/03/2024","2817","N387FR","SAN","11:01","10:58","-3","0","0","0","0","0"
"F9","12/03/2024","3155","N304FR","LAX","16:05","15:59","-6","0","0","0","0","0"
"F9","12/03/2024","3206","N349FR","IAH","08:43","08:38","-5","0","0","0","0","0"
"F9","12/03/2024","3230","N629FR","IAH","20:01","19:57","-4","0","0","0","0","0"
"F9","12/03/2024","3312","N367FR","MCO","06:45","06:34","-11","0","0","0","0","0"
"F9","12/03/2024","3376","N337FR","MCI","10:31","10:44","13","13","0","10","0","0"
"F9","12/03/2024","3439","N710FR","SFO","22:15","22:08","-7","0","0","0","0","0"
"F9","12/03/2024","3467","N387FR","PHX","18:23","18:16","-7","0","0","0","0","0"
"F9","12/03/2024","3861","N620FR","SLC","22:26","22:20","-6","0","0","0","0","0"
"F9","12/03/2024","3981","N642FR","SLC","10:15","10:33","18","0","0","0","0","0"
"F9","12/03/2024","4070","N609FR","DFW","11:00","10:54","-6","0","0","0","0","0"
"F9","12/03/2024","4371","N338FR","SNA","11:43","11:34","-9","0","0","0","0","0"
"F9","12/03/2024","4611","N369FR","LAS","22:41","22:26","-15","0","0","0","0","0"
"F9","12/03/2024","4753","N361FR","PHX","22:18","22:15","-3","0","0","0","0","0"
"F9","12/03/2024","4920","N640FR","MCO","17:35","18:00","25","0","0","0","0","0"
"F9","12/03/2024","4967","N338FR","LAS","19:39","19:39","0","0","0","0","0","0"
"F9","12/03/2024","4989","N301FR","SAN","22:15","22:17","2","0","0","0","0","0"
"F9","12/04/2024","0686","N305FR","DCA","06:43","06:38","-5","0","0","0","0","0"
"F9","12/04/2024","0688","N354FR","DCA","11:41","11:34","-7","0","0","0","0","0"
"F9","12/04/2024","0690","N317FR","DCA","16:39","16:41","2","0","0","0","0","0"
"F9","12/04/2024","1162","N329FR","HOU","13:51","13:47","-4","0","0","0","0","0"
"F9","12/04/2024","1280","N629FR","MIA","17:30","17:34","4","0","0","0","0","0"
"F9","12/04/2024","1292","N344FR","MSP","20:02","19:54","-8","0","0","0","0","0"
"F9","12/04/2024","1450","N305FR","ATL","17:05","17:09","4","0","0","0","0","0"
"F9","12/04/2024","1499","N713FR","ONT","22:15","22:14","-1","0","0","0","0","0"
"F9","12/04/2024","1734","N304FR","MCO","00:50","00:44","-6","0","0","0","0","0"
"F9","12/04/2024","1816","N387FR","AUS","11:58","13:33","95","93","0","0","0","0"
"F9","12/04/2024","2015","N323FR","LAS","07:00","06:50","-10","0","0","0","0","0"
"F9","12/04/2024","2105","N310FR","PHX","18:23","18:18","-5","0","0","0","0","0"
"F9","12/04/2024","2141","N323FR","PHX","14:13","14:06","-7","0","0","0","0","0"
"F9","12/04/2024","2148","N349FR","DFW","12:11","12:40","29","7","0","0","0","16"
"F9","12/04/2024","2210","N329FR","MDW","20:55","20:49","-6","0","0","0","0","0"
"F9","12/04/2024","2341","N710FR","LAX","22:57","23:01","4","0","0","0","0","0"
"F9","12/04/2024","2349","N640FR","LAS","13:20","13:32","12","0","0","0","0","0"
"F9","12/04/2024","2632","N323FR","DFW","20:55","20:42","-13","0","0","0","0","0"
"F9","12/04/2024","2687","N351FR","PDX","22:15","22:15","0","0","0","0","0","0"
"F9","12/04/2024","2746","N310FR","TPA","06:15","06:07","-8","0","0","0","0","0"
"F9","12/04/2024","3206","N622FR","IAH","08:43","08:42","-1","0","0","0","0","0"
"F9","12/04/2024","3302","N619FR","STL","05:05","04:55","-10","0","0","0","0","0"
"F9","12/04/2024","3312","N642FR","MCO","06:45","06:45","0","0","0","0","0","0"
"F9","12/04/2024","3439","N387FR","SFO","22:15","22:15","0","0","0","0","0","0"
"F9","12/04/2024","3981","N629FR","SLC","10:15","10:10","-5","0","0","0","0","0"
"F9","12/04/2024","4251","N361FR","SLC","22:15","22:10","-5","0","0","0","0","0"
"F9","12/04/2024","4371","N341FR","SNA","11:43","11:57","14","0","0","0","0","0"
"F9","12/04/2024","4611","N622FR","LAS","22:41","22:31","-10","0","0","0","0","0"
"F9","12/04/2024","4753","N644FR","PHX","22:18","22:12","-6","0","0","0","0","0"
"F9","12/04/2024","4856","N640FR","IAH","20:01","19:51","-10","0","0","0","0","0"
"F9","12/04/2024","4920","N717FR","MCO","17:35","17:36","1","0","0","0","0","0"
"F9","12/04/2024","4927","N361FR","SAN","11:01","10:51","-10","0","0","0","0","0"
"F9","12/04/2024","4967","N341FR","LAS","19:39","19:30","-9","0","0","0","0","0"
"F9","12/04/2024","4989","N354FR","SAN","22:15","22:05","-10","0","0","0","0","0"
"F9","12/05/2024","0686","N352FR","DCA","06:43","06:36","-7","0","0","0","0","0"
"F9","12/05/2024","0688","N337FR","DCA","11:41","11:30","-11","0","0","0","0","0"
"F9","12/05/2024","0690","N352FR","DCA","16:39","16:31","-8","0","0","22","0","0"
"F9","12/05/2024","0777","N609FR","LAS","07:00","06:54","-6","0","0","0","0","0"
"F9","12/05/2024","1093","N383FR","SFO","10:51","10:44","-7","0","0","0","0","0"
"F9","12/05/2024","1162","N341FR","HOU","06:00","05:52","-8","0","0","0","0","0"
"F9","12/05/2024","1175","N610FR","SEA","09:17","09:41","24","0","0","0","0","0"
"F9","12/05/2024","1261","N640FR","ONT","08:07","08:07","0","0","0","0","0","0"
"F9","12/05/2024","1280","N640FR","MIA","20:01","20:22","21","0","0","0","0","0"
"F9","12/05/2024","1292","N630FR","MSP","20:02","19:57","-5","0","0","0","0","0"
"F9","12/05/2024","1362","N713FR","CLT","13:02","13:04","2","0","0","0","0","0"
"F9","12/05/2024","1375","N705FR","PHX","06:45","06:33","-12","0","0","0","0","0"
"F9","12/05/2024","1499","N712FR","ONT","22:15","22:12","-3","0","0","0","0","0"
"F9","12/05/2024","1734","N364FR","MCO","00:50","00:40","-10","0","0","0","0","0"
"F9","12/05/2024","1789","N361FR","PDX","09:03","09:01","-2","0","0","0","0","0"
"F9","12/05/2024","1816","N723FR","AUS","16:13","16:17","4","0","0","0","0","0"
"F9","12/05/2024","1819","N711FR","PHX","09:43","09:37","-6","0","0","0","0","0"
"F9","12/05/2024","1864","N309FR","OKC","16:10","16:02","-8","0","0","0","0","0"
"F9","12/05/2024","1918","N646FR","CLE","06:00","05:56","-4","0","0","0","0","0"
"F9","12/05/2024","1993","N710FR","LAS","11:52","13:51","119","109","0","0","0","0"
"F9","12/05/2024","2015","N343FR","LAS","09:52","09:43","-9","0","0","0","0","0"
"F9","12/05/2024","2141","N232FR","PHX","14:13","14:01","-12","0","0","0","0","0"
"F9","12/05/2024","2210","N354FR","MDW","20:55","20:49","-6","0","0","0","0","0"
"F9","12/05/2024","2261","N343FR","ELP","16:50","16:38","-12","0","0","0","0","0"
"F9","12/05/2024","2341","N343FR","LAX","22:57","22:54","-3","0","0","0","0","0"
"F9","12/05/2024","2348","N358FR","IND","15:18","15:11","-7","0","0","0","0","0"
"F9","12/05/2024","2349","N705FR","LAS","13:52","13:50","-2","0","0","0","0","0"
"F9","12/05/2024","2356","N326FR","SAT","08:43","08:39","-4","0","0","0","0","0"
"F9","12/05/2024","2374","N712FR","TYS","10:36","10:28","-8","0","0","0","0","0"
"F9","12/05/2024","2440","N354FR","RDU","11:00","11:09","9","0","0","0","0","0"
"F9","12/05/2024","2632","N383FR","DFW","20:55","20:43","-12","0","0","0","0","0"
"F9","12/05/2024","2746","N389FR","TPA","06:15","06:06","-9","0","0","0","0","0"
"F9","12/05/2024","3155","N711FR","LAX","16:05","16:00","-5","0","0","0","0","0"
"F9","12/05/2024","3162","N389FR","LGA","16:11","17:20","69","51","0","0","0","0"
"F9","12/05/2024","3174","N606FR","ORD","10:26","11:47","81","0","0","0","0","70"
"F9","12/05/2024","3206","N379FR","IAH","08:43","08:37","-6","0","0","0","0","0"
"F9","12/05/2024","3266","N366FR","PHL","15:19","15:15","-4","0","0","0","0","0"
"F9","12/05/2024","3286","N344FR","CVG","08:24","08:17","-7","0","0","0","0","0"
"F9","12/05/2024","3312","N365FR","MCO","06:00","05:53","-7","0","0","0","0","0"
"F9","12/05/2024","3439","N379FR","SFO","22:15","22:05","-10","0","0","0","0","0"
"F9","12/05/2024","3467","N710FR","PHX","18:30","19:16","46","0","0","0","0","0"
"F9","12/05/2024","3566","N723FR","DTW","07:25","07:30","5","5","0","30","0","0"
"F9","12/05/2024","3665","N317FR","SMF","09:51","09:39","-12","0","0","0","0","0"
"F9","12/05/2024","3861","N379FR","SLC","16:05","15:55","-10","0","0","0","0","0"
"F9","12/05/2024","3930","N620FR","PNS","14:25","14:34","9","0","0","0","0","0"
"F9","12/05/2024","3960","N341FR","ATL","12:53","12:50","-3","0","0","0","0","0"
"F9","12/05/2024","3981","N620FR","SLC","08:08","08:04","-4","0","0","0","0","0"
"F9","12/05/2024","4070","N326FR","DFW","15:53","15:42","-11","0","0","0","0","0"
"F9","12/05/2024","4251","N619FR","SLC","22:15","22:30","15","0","0","0","0","0"
"F9","12/05/2024","4371","N358FR","SNA","08:07","08:00","-7","0","0","0","0","0"
"F9","12/05/2024","4464","N366FR","DFW","07:50","07:42","-8","0","0","0","0","0"
"F9","12/05/2024","4562","N387FR","MSY","10:36","10:35","-1","0","0","0","0","0"
"F9","12/05/2024","4611","N723FR","LAS","22:41","22:31","-10","0","0","0","0","0"
"F9","12/05/2024","4753","N309FR","PHX","22:18","22:09","-9","0","0","0","0","0"
"F9","12/05/2024","4856","N705FR","IAH","20:05","20:04","-1","0","0","0","0","0"
"F9","12/05/2024","4917","N720FR","SJC","10:28","10:15","-13","0","0","0","0","0"
"F9","12/05/2024","4920","N361FR","MCO","19:21","19:18","-3","0","0","0","0","0"
"F9","12/05/2024","4927","N630FR","SAN","09:22","09:19","-3","0","0","0","0","0"
"F9","12/05/2024","4967","N387FR","LAS","19:39","19:35","-4","0","0","0","0","0"
"F9","12/05/2024","4989","N348FR","SAN","22:15","22:07","-8","0","0","0","0","0"
"F9","12/06/2024","0686","N366FR","DCA","06:43","06:32","-11","0","0","0","0","0"
"F9","12/06/2024","0688","N337FR","DCA","11:41","11:45","4","0","0","0","0","0"
"F9","12/06/2024","0690","N329FR","DCA","16:39","17:01","22","16","0","0","0","0"
"F9","12/06/2024","0777","N352FR","LAS","22:49","23:16","27","0","0","0","0","0"
"F9","12/06/2024","1093","N348FR","SFO","19:00","18:52","-8","0","0","0","0","0"
"F9","12/06/2024","1114","N713FR","TPA","06:15","06:09","-6","0","0","0","0","0"
"F9","12/06/2024","1150","N389FR","MSP","06:15","06:31","16","0","0","0","0","0"
"F9","12/06/2024","1162","N384FR","HOU","06:00","05:50","-10","0","0","0","0","0"
"F9","12/06/2024","1175","N348FR","SEA","11:24","11:21","-3","0","0","0","0","0"
"F9","12/06/2024","1229","N362FR","SFO","10:51","10:47","-4","0","0","0","0","0"
"F9","12/06/2024","1261","N705FR","ONT","08:07","08:03","-4","0","0","0","0","0"
"F9","12/06/2024","1280","N720FR","MIA","20:01","21:29","88","5","0","0","0","65"
"F9","12/06/2024","1292","N358FR","MSP","20:02","19:49","-13","0","0","0","0","0"
"F9","12/06/2024","1362","N343FR","CLT","11:00","11:12","12","0","0","0","0","0"
"F9","12/06/2024","1375","N337FR","PHX","05:45","05:35","-10","0","0","0","0","0"
"F9","12/06/2024","1402","N379FR","BNA","10:21","10:20","-1","0","0","0","0","0"
"F9","12/06/2024","1450","N710FR","ATL","05:30","05:25","-5","0","0","0","0","0"
"F9","12/06/2024","1678","N326FR","DSM","13:23","13:14","-9","0","0","0","0","0"
"F9","12/06/2024","1734","N304FR","MCO","00:50","00:40","-10","0","0","0","0","0"
"F9","12/06/2024","1789","N630FR","PDX","09:03","08:50","-13","0","0","0","0","0"
"F9","12/06/2024","1816","N358FR","AUS","12:59","13:01","2","0","0","0","0","0"
"F9","12/06/2024","1819","N640FR","PHX","09:43","09:35","-8","0","0","0","0","0"
"F9","12/06/2024","1864","N607FR","OKC","16:27","17:11","44","7","0","0","0","28"
"F9","12/06/2024","1874","N352FR","OMA","10:36","10:37","1","0","0","0","0","0"
"F9","12/06/2024","1918","N619FR","CLE","08:56","08:58","2","0","0","0","0","0"
"F9","12/06/2024","1993","N326FR","LAS","07:00","06:55","-5","0","0","0","0","0"
"F9","12/06/2024","2015","N375FR","LAS","09:52","09:45","-7","0","0","0","0","0"
"F9","12/06/2024","2105","N366FR","PHX","16:13","16:04","-9","0","0","0","0","0"
"F9","12/06/2024","2108","N705FR","FSD","14:52","15:24","32","13","0","1","0","19"
"F9","12/06/2024","2210","N384FR","MDW","20:55","20:45","-10","0","0","0","0","0"
"F9","12/06/2024","2261","N630FR","ELP","16:50","17:35","45","0","0","0","0","36"
"F9","12/06/2024","2341","N630FR","LAX","22:57","23:00","3","0","0","0","0","0"
"F9","12/06/2024","2348","N710FR","IND","15:20","15:12","-8","0","0","0","0","0"
"F9","12/06/2024","2349","N389FR","LAS","13:20","13:16","-4","0","0","0","0","0"
"F9","12/06/2024","2356","N383FR","SAT","08:43","08:31","-12","0","0","0","0","0"
"F9","12/06/2024","2440","N712FR","RDU","14:22","14:43","21","0","0","0","0","0"
"F9","12/06/2024","2632","N705FR","DFW","20:55","20:51","-4","0","0","0","0","0"
"F9","12/06/2024","2746","N640FR","TPA","15:54","16:06","12","0","0","0","0","0"
"F9","12/06/2024","2907","N352FR","ONT","16:04","15:56","-8","0","0","0","0","0"
"F9","12/06/2024","3155","N375FR","LAX","16:05","16:08","3","0","0","0","0","0"
"F9","12/06/2024","3162","N713FR","LGA","16:11","16:37","26","0","0","0","0","0"
"F9","12/06/2024","3172","N364FR","ORD","20:59","20:47","-12","0","0","0","0","0"
"F9","12/06/2024","3206","N702FR","IAH","08:43","08:41","-2","0","0","0","0","0"
"F9","12/06/2024","3286","N607FR","CVG","08:45","09:24","39","37","0","0","0","0"
"F9","12/06/2024","3294","N233FR","ATL","16:59","16:48","-11","0","0","0","0","0"
"F9","12/06/2024","3302","N620FR","STL","05:05","04:53","-12","0","0","0","0","0"
"F9","12/06/2024","3312","N317FR","MCO","06:00","06:01","1","0","0","0","0","0"
"F9","12/06/2024","3376","N387FR","MCI","14:59","14:52","-7","0","0","0","0","0"
"F9","12/06/2024","3439","N646FR","SFO","22:15","22:07","-8","0","0","0","0","0"
"F9","12/06/2024","3467","N610FR","PHX","18:46","18:36","-10","0","0","0","0","0"
"F9","12/06/2024","3566","N317FR","DTW","15:20","15:43","23","12","0","0","0","4"
"F9","12/06/2024","3665","N233FR","SMF","09:34","09:30","-4","0","0","0","0","0"
"F9","12/06/2024","3930","N308FR","PNS","14:34","14:27","-7","0","0","0","0","0"
"F9","12/06/2024","3981","N308FR","SLC","08:08","08:00","-8","0","0","0","0","0"
"F9","12/06/2024","4070","N702FR","DFW","15:53","15:58","5","0","0","0","0","0"
"F9","12/06/2024","4251","N711FR","SLC","22:15","22:06","-9","0","0","0","0","0"
"F9","12/06/2024","4371","N387FR","SNA","08:07","07:58","-9","0","0","0","0","0"
"F9","12/06/2024","4464","N711FR","DFW","07:50","07:48","-2","0","0","0","0","0"
"F9","12/06/2024","4521","N384FR","BUR","13:20","13:47","27","0","0","0","0","0"
"F9","12/06/2024","4562","N610FR","MSY","10:36","10:55","19","0","0","0","0","0"
"F9","12/06/2024","4626","N711FR","MEM","14:22","14:19","-3","0","0","0","0","0"
"F9","12/06/2024","4753","N702FR","PHX","22:26","22:17","-9","0","0","0","0","0"
"F9","12/06/2024","4794","N329FR","FAR","10:36","10:24","-12","0","0","0","0","0"
"F9","12/06/2024","4856","N387FR","IAH","20:01","20:14","13","0","0","0","0","0"
"F9","12/06/2024","4917","N656FR","SJC","10:28","10:20","-8","0","0","0","0","0"
"F9","12/06/2024","4920","N326FR","MCO","19:21","19:21","0","0","0","0","0","0"
"F9","12/06/2024","4927","N720FR","SAN","09:22","12:25","183","0","0","156","0","0"
"F9","12/06/2024","4967","N343FR","LAS","19:39","19:37","-2","0","0","0","0","0"
"F9","12/06/2024","4989","N337FR","SAN","22:15","22:05","-10","0","0","0","0","0"
"F9","12/07/2024","0686","N233FR","DCA","06:43","06:37","-6","0","0","0","0","0"
"F9","12/07/2024","0688","N337FR","DCA","11:41","11:47","6","0","0","0","0","0"
"F9","12/07/2024","0690","N233FR","DCA","16:39","16:32","-7","0","0","0","0","0"
"F9","12/07/2024","0777","N713FR","LAS","22:49","22:38","-11","0","0","0","0","0"
"F9","12/07/2024","1280","N311FR","MIA","20:01","20:20","19","0","0","0","0","0"
"F9","12/07/2024","1292","N705FR","MSP","20:02","19:53","-9","0","0","0","0","0"
"F9","12/07/2024","1450","N343FR","ATL","16:31","16:28","-3","0","0","0","0","0"
"F9","12/07/2024","1499","N656FR","ONT","22:15","22:14","-1","0","0","0","0","0"
"F9","12/07/2024","1734","N308FR","MCO","00:50","00:40","-10","0","0","0","0","0"
"F9","12/07/2024","1816","N705FR","AUS","13:15","13:22","7","0","0","0","0","0"
"F9","12/07/2024","1819","N335FR","PHX","09:43","09:34","-9","0","0","0","0","0"
"F9","12/07/2024","1864","N383FR","OKC","16:10","16:04","-6","0","0","0","0","0"
"F9","12/07/2024","2015","N389FR","LAS","07:00","06:53","-7","0","0","0","0","0"
"F9","12/07/2024","2105","N330FR","PHX","18:46","18:55","9","0","0","0","0","0"
"F9","12/07/2024","2141","N387FR","PHX","14:13","14:33","20","0","0","0","0","0"
"F9","12/07/2024","2148","N656FR","DFW","07:50","07:43","-7","0","0","0","0","0"
"F9","12/07/2024","2261","N311FR","ELP","13:51","14:32","41","21","0","0","0","0"
"F9","12/07/2024","2341","N610FR","LAX","22:57","22:47","-10","0","0","0","0","0"
"F9","12/07/2024","2349","N389FR","LAS","13:20","13:27","7","0","0","0","0","0"
"F9","12/07/2024","2632","N348FR","DFW","20:55","20:45","-10","0","0","0","0","0"
"F9","12/07/2024","2687","N362FR","PDX","22:15","22:06","-9","0","0","0","0","0"
"F9","12/07/2024","2746","N713FR","TPA","06:15","06:07","-8","0","0","0","0","0"
"F9","12/07/2024","2817","N644FR","SAN","09:22","09:55","33","0","0","0","0","0"
"F9","12/07/2024","3155","N329FR","LAX","16:05","16:21","16","0","0","0","0","0"
"F9","12/07/2024","3206","N358FR","IAH","08:43","09:24","41","26","0","0","0","0"
"F9","12/07/2024","3302","N640FR","STL","05:05","04:58","-7","0","0","0","0","0"
"F9","12/07/2024","3312","N375FR","MCO","06:00","05:54","-6","0","0","0","0","0"
"F9","12/07/2024","3439","N387FR","SFO","22:15","23:17","62","47","0","0","0","0"
"F9","12/07/2024","3930","N720FR","PNS","13:25","13:32","7","0","0","0","0","0"
"F9","12/07/2024","3981","N705FR","SLC","08:08","08:22","14","0","0","0","0","0"
"F9","12/07/2024","4070","N351FR","DFW","12:11","12:11","0","0","0","0","0","0"
"F9","12/07/2024","4251","N644FR","SLC","22:15","22:13","-2","0","0","0","0","0"
"F9","12/07/2024","4371","N330FR","SNA","11:43","11:41","-2","0","0","0","0","0"
"F9","12/07/2024","4562","N711FR","MSY","10:36","10:39","3","0","0","0","0","0"
"F9","12/07/2024","4611","N358FR","LAS","19:31","19:33","2","0","0","0","0","0"
"F9","12/07/2024","4753","N383FR","PHX","22:18","21:59","-19","0","0","0","0","0"
"F9","12/07/2024","4856","N389FR","IAH","20:01","19:51","-10","0","0","0","0","0"
"F9","12/07/2024","4920","N390FR","MCO","19:21","19:22","1","0","0","0","0","0"
"F9","12/07/2024","4927","N630FR","SAN","13:20","13:19","-1","0","0","0","0","0"
"F9","12/07/2024","4989","N337FR","SAN","22:15","22:05","-10","0","0","0","0","0"
"F9","12/08/2024","0686","N367FR","DCA","06:43","06:34","-9","0","0","0","0","0"
"F9","12/08/2024","0688","N337FR","DCA","11:41","11:41","0","0","0","0","0","0"
"F9","12/08/2024","0690","N380FR","DCA","16:39","16:37","-2","0","0","0","0","0"
"F9","12/08/2024","1114","N331FR","TPA","06:15","06:05","-10","0","0","0","0","0"
"F9","12/08/2024","1150","N710FR","MSP","07:45","07:35","-10","0","0","0","0","0"
"F9","12/08/2024","1162","N377FR","HOU","13:51","13:51","0","0","0","0","0","0"
"F9","12/08/2024","1175","N383FR","SEA","09:17","09:37","20","0","0","0","0","0"
"F9","12/08/2024","1229","N387FR","SFO","10:51","10:41","-10","0","0","0","0","0"
"F9","12/08/2024","1261","N389FR","ONT","08:07","07:57","-10","0","0","0","0","0"
"F9","12/08/2024","1280","N712FR","MIA","20:01","20:23","22","0","0","0","0","0"
"F9","12/08/2024","1292","N389FR","MSP","20:02","19:49","-13","0","0","0","0","0"
"F9","12/08/2024","1362","N646FR","CLT","13:02","12:59","-3","0","0","0","0","0"
"F9","12/08/2024","1375","N646FR","PHX","06:45","06:37","-8","0","0","0","0","0"
"F9","12/08/2024","1402","N615FR","BNA","10:21","10:15","-6","0","0","0","0","0"
"F9","12/08/2024","1450","N232FR","ATL","07:28","07:39","11","0","0","0","0","0"
"F9","12/08/2024","1734","N318FR","MCO","00:50","01:16","26","0","0","0","0","0"
"F9","12/08/2024","1789","N644FR","PDX","09:03","09:32","29","0","0","0","0","18"
"F9","12/08/2024","1816","N367FR","AUS","16:13","17:50","97","0","0","103","0","0"
"F9","12/08/2024","1819","N390FR","PHX","09:43","09:30","-13","0","0","0","0","0"
"F9","12/08/2024","1864","N706FR","OKC","16:10","16:04","-6","0","0","0","0","0"
"F9","12/08/2024","1918","N630FR","CLE","06:00","05:50","-10","0","0","0","0","0"
"F9","12/08/2024","1993","N385FR","LAS","09:52","09:44","-8","0","0","0","0","0"
"F9","12/08/2024","2015","N607FR","LAS","07:00","06:57","-3","0","0","0","0","0"
"F9","12/08/2024","2105","N311FR","PHX","18:15","18:14","-1","0","0","0","0","0"
"F9","12/08/2024","2148","N396FR","DFW","18:00","17:53","-7","0","0","0","0","0"
"F9","12/08/2024","2210","N377FR","MDW","20:55","20:42","-13","0","0","0","0","0"
"F9","12/08/2024","2261","N384FR","ELP","16:50","16:43","-7","0","0","0","0","0"
"F9","12/08/2024","2341","N720FR","LAX","22:57","22:51","-6","0","0","0","0","0"
"F9","12/08/2024","2348","N710FR","IND","15:18","15:35","17","15","0","0","0","0"
"F9","12/08/2024","2349","N607FR","LAS","13:20","13:19","-1","0","0","0","0","0"
"F9","12/08/2024","2356","N349FR","SAT","08:43","08:32","-11","0","0","0","0","0"
"F9","12/08/2024","2374","N233FR","TYS","10:36","10:30","-6","0","0","0","0","0"
"F9","12/08/2024","2440","N720FR","RDU","11:00","11:44","44","36","0","0","0","0"
"F9","12/08/2024","2632","N714FR","DFW","20:55","20:49","-6","0","0","0","0","0"
"F9","12/08/2024","2746","N705FR","TPA","15:54","16:05","11","0","0","0","0","0"
"F9","12/08/2024","3155","N390FR","LAX","16:05","16:01","-4","0","0","0","0","0"
"F9","12/08/2024","3162","N331FR","LGA","16:11","16:12","1","0","0","0","0","0"
"F9","12/08/2024","3172","N387FR","ORD","21:07","20:57","-10","0","0","0","0","0"
"F9","12/08/2024","3206","N705FR","IAH","08:43","08:35","-8","0","0","0","0","0"
"F9","12/08/2024","3266","N629FR","PHL","15:19","15:29","10","0","0","0","0","0"
"F9","12/08/2024","3286","N338FR","CVG","08:24","08:14","-10","0","0","0","0","0"
"F9","12/08/2024","3294","N374FR","ATL","13:22","13:15","-7","0","0","0","0","0"
"F9","12/08/2024","3312","N711FR","MCO","06:00","05:56","-4","0","0","0","0","0"
"F9","12/08/2024","3435","N644FR","SFO","19:01","18:56","-5","0","0","0","0","0"
"F9","12/08/2024","3439","N383FR","SFO","22:15","22:31","16","16","0","0","0","0"
"F9","12/08/2024","3467","N654FR","PHX","20:18","20:08","-10","0","0","0","0","0"
"F9","12/08/2024","3566","N349FR","DTW","15:20","15:13","-7","0","0","0","0","0"
"F9","12/08/2024","3665","N384FR","SMF","10:00","09:50","-10","0","0","0","0","0"
"F9","12/08/2024","3861","N385FR","SLC","16:15","16:08","-7","0","0","0","0","0"
"F9","12/08/2024","3930","N656FR","PNS","14:25","14:14","-11","0","0","0","0","0"
"F9","12/08/2024","3981","N712FR","SLC","08:08","08:09","1","1","0","35","0","0"
"F9","12/08/2024","4070","N712FR","DFW","13:47","13:45","-2","0","0","0","0","0"
"F9","12/08/2024","4251","N640FR","SLC","22:15","22:06","-9","0","0","0","0","0"
"F9","12/08/2024","4371","N380FR","SNA","08:07","08:03","-4","0","0","0","0","0"
"F9","12/08/2024","4464","N629FR","DFW","07:50","07:50","0","0","0","0","0","0"
"F9","12/08/2024","4562","N311FR","MSY","10:36","10:27","-9","0","0","0","0","0"
"F9","12/08/2024","4611","N232FR","LAS","22:41","22:37","-4","0","0","0","0","0"
"F9","12/08/2024","4753","N656FR","PHX","22:18","22:18","0","0","0","0","0","0"
"F9","12/08/2024","4856","N607FR","IAH","20:01","19:51","-10","0","0","0","0","0"
"F9","12/08/2024","4917","N714FR","SJC","10:28","10:26","-2","0","0","0","0","0"
"F9","12/08/2024","4920","N233FR","MCO","19:21","19:12","-9","0","0","0","0","0"
"F9","12/08/2024","4927","N317FR","SAN","09:22","09:47","25","0","0","0","0","0"
"F9","12/08/2024","4967","N317FR","LAS","19:38","19:30","-8","0","0","0","0","0"
"F9","12/08/2024","4989","N337FR","SAN","22:15","22:11","-4","0","0","0","0","0"
"F9","12/09/2024","0686","N330FR","DCA","06:43","06:31","-12","0","0","0","0","0"
"F9","12/09/2024","0688","N337FR","DCA","11:41","13:04","83","67","0","0","0","0"
"F9","12/09/2024","0690","N330FR","DCA","16:39","16:37","-2","0","0","0","0","0"
"F9","12/09/2024","1093","N301FR","SFO","10:51","10:54","3","0","0","0","0","0"
"F9","12/09/2024","1162","N396FR","HOU","06:00","05:52","-8","0","0","0","0","0"
"F9","12/09/2024","1175","N365FR","SEA","11:24","11:18","-6","0","0","0","0","0"
"F9","12/09/2024","1261","N656FR","ONT","20:10","20:51","41","26","0","0","0","0"
"F9","12/09/2024","1280","N706FR","MIA","20:01","20:07","6","0","0","0","0","0"
"F9","12/09/2024","1292","N380FR","MSP","20:02","19:59","-3","0","0","0","0","0"
"F9","12/09/2024","1362","N390FR","CLT","13:02","12:58","-4","0","0","0","0","0"
"F9","12/09/2024","1375","N367FR","PHX","07:24","07:15","-9","0","0","0","0","0"
"F9","12/09/2024","1402","N308FR","BNA","13:49","13:39","-10","0","0","0","0","0"
"F9","12/09/2024","1450","N387FR","ATL","13:00","12:52","-8","0","0","0","0","0"
"F9","12/09/2024","1499","N385FR","ONT","11:30","11:20","-10","0","0","0","0","0"
"F9","12/09/2024","1678","N656FR","DSM","13:23","13:14","-9","0","0","0","0","0"
"F9","12/09/2024","1734","N335FR","MCO","00:50","00:44","-6","0","0","0","0","0"
"F9","12/09/2024","1789","N640FR","PDX","09:03","08:58","-5","0","0","0","0","0"
"F9","12/09/2024","1816","N370FR","AUS","16:13","16:06","-7","0","0","0","0","0"
"F9","12/09/2024","1819","N631FR","PHX","11:06","11:34","28","23","0","0","0","0"
"F9","12/09/2024","1864","N379FR","OKC","16:10","16:11","1","0","0","0","0","0"
"F9","12/09/2024","1874","N379FR","OMA","10:36","10:31","-5","0","0","0","0","0"
"F9","12/09/2024","1918","N369FR","CLE","08:51","08:40","-11","0","0","0","0","0"
"F9","12/09/2024","1993","N354FR","LAS","09:52","09:54","2","0","0","0","0","0"
"F9","12/09/2024","2015","N317FR","LAS","07:00","06:53","-7","0","0","0","0","0"
"F9","12/09/2024","2105","N631FR","PHX","17:10","19:40","150","0","0","0","0","147"
"F9","12/09/2024","2108","N396FR","FSD","14:50","14:39","-11","0","0","0","0","0"
"F9","12/09/2024","2210","N317FR","MDW","20:55","20:45","-10","0","0","0","0","0"
"F9","12/09/2024","2261","N373FR","ELP","16:50","16:45","-5","0","0","0","0","0"
"F9","12/09/2024","2341","N331FR","LAX","22:57","23:16","19","19","0","5","0","0"
"F9","12/09/2024","2349","N607FR","LAS","13:20","13:56","36","1","0","0","0","20"
"F9","12/09/2024","2356","N634FR","SAT","08:43","08:40","-3","0","0","0","0","0"
"F9","12/09/2024","2440","N720FR","RDU","11:00","12:10","70","0","0","0","0","55"
"F9","12/09/2024","2632","N349FR","DFW","20:55","20:38","-17","0","0","0","0","0"
"F9","12/09/2024","2746","N629FR","TPA","06:15","06:05","-10","0","0","0","0","0"
"F9","12/09/2024","3155","N354FR","LAX","16:05","15:52","-13","0","0","0","0","0"
"F9","12/09/2024","3162","N629FR","LGA","16:11","16:10","-1","0","0","0","0","0"
"F9","12/09/2024","3174","N383FR","ORD","10:26","12:12","106","2","0","0","0","87"
"F9","12/09/2024","3206","N389FR","IAH","08:43","08:33","-10","0","0","0","0","0"
"F9","12/09/2024","3302","N646FR","STL","05:05","04:54","-11","0","0","0","0","0"
"F9","12/09/2024","3312","N384FR","MCO","06:00","05:52","-8","0","0","0","0","0"
"F9","12/09/2024","3376","N349FR","MCI","14:59","14:52","-7","0","0","0","0","0"
"F9","12/09/2024","3439","N615FR","SFO","22:15","22:14","-1","0","0","0","0","0"
"F9","12/09/2024","3467","N365FR","PHX","19:36","19:31","-5","0","0","0","0","0"
"F9","12/09/2024","3566","N634FR","DTW","15:20","15:17","-3","0","0","0","0","0"
"F9","12/09/2024","3665","N712FR","SMF","09:34","09:32","-2","0","0","0","0","0"
"F9","12/09/2024","3930","N710FR","PNS","14:25","14:17","-8","0","0","0","0","0"
"F9","12/09/2024","3981","N607FR","SLC","08:08","08:04","-4","0","0","0","0","0"
"F9","12/09/2024","4070","N331FR","DFW","15:53","15:45","-8","0","0","0","0","0"
"F9","12/09/2024","4251","N301FR","SLC","22:15","22:06","-9","0","0","0","0","0"
"F9","12/09/2024","4371","N349FR","SNA","08:07","08:14","7","0","0","0","0","0"
"F9","12/09/2024","4464","N710FR","DFW","07:50","07:46","-4","0","0","0","0","0"
"F9","12/09/2024","4521","N317FR","BUR","13:20","13:07","-13","0","0","0","0","0"
"F9","12/09/2024","4611","N390FR","LAS","22:41","22:31","-10","0","0","0","0","0"
"F9","12/09/2024","4626","N380FR","MEM","13:00","12:53","-7","0","0","0","0","0"
"F9","12/09/2024","4753","N379FR","PHX","22:18","22:07","-11","0","0","0","0","0"
"F9","12/09/2024","4794","N373FR","FAR","10:36","10:26","-10","0","0","0","0","0"
"F9","12/09/2024","4856","N607FR","IAH","20:01","21:07","66","12","0","0","0","43"
"F9","12/09/2024","4917","N706FR","SJC","10:28","10:18","-10","0","0","0","0","0"
"F9","12/09/2024","4920","N644FR","MCO","19:21","19:27","6","0","0","0","0","0"
"F9","12/09/2024","4927","N654FR","SAN","09:22","09:09","-13","0","0","0","0","0"
"F9","12/09/2024","4967","N396FR","LAS","19:39","20:15","36","0","0","0","0","0"
"F9","12/09/2024","4989","N337FR","SAN","22:15","22:23","8","0","0","0","0","0"
"F9","12/10/2024","0686","N238FR","DCA","06:43","06:34","-9","0","0","0","0","0"
"F9","12/10/2024","0688","N337FR","DCA","11:41","12:24","43","0","0","36","0","0"
"F9","12/10/2024","0690","N330FR","DCA","16:39","17:05","26","0","0","41","0","0"
"F9","12/10/2024","1292","N654FR","MSP","20:02","19:55","-7","0","0","0","0","0"
"F9","12/10/2024","1450","N379FR","ATL","17:05","17:01","-4","0","0","0","0","0"
"F9","12/10/2024","1499","N607FR","ONT","22:15","22:14","-1","0","0","0","0","0"
"F9","12/10/2024","1520","N328FR","MIA","17:30","17:33","3","0","0","0","0","0"
"F9","12/10/2024","1734","N391FR","MCO","00:50","00:47","-3","0","0","0","0","0"
"F9","12/10/2024","1816","N706FR","AUS","11:58","11:50","-8","0","0","0","0","0"
"F9","12/10/2024","1864","N656FR","OKC","12:18","12:19","1","0","0","0","0","0"
"F9","12/10/2024","1918","N634FR","CLE","06:00","05:55","-5","0","0","0","0","0"
"F9","12/10/2024","2015","N654FR","LAS","07:00","06:50","-10","0","0","0","0","0"
"F9","12/10/2024","2141","N389FR","PHX","14:13","14:03","-10","0","0","0","0","0"
"F9","12/10/2024","2148","N348FR","DFW","12:11","12:05","-6","0","0","0","0","0"
"F9","12/10/2024","2210","N331FR","MDW","20:55","20:46","-9","0","0","0","0","0"
"F9","12/10/2024","2341","N396FR","LAX","22:57","22:50","-7","0","0","0","0","0"
"F9","12/10/2024","2349","N629FR","LAS","13:20","13:19","-1","0","0","0","0","0"
"F9","12/10/2024","2632","N373FR","DFW","20:55","20:50","-5","0","0","0","0","0"
"F9","12/10/2024","2687","N308FR","PDX","22:15","22:19","4","0","0","0","0","0"
"F9","12/10/2024","2746","N640FR","TPA","06:15","06:09","-6","0","0","0","0","0"
"F9","12/10/2024","3155","N396FR","LAX","16:05","16:01","-4","0","0","0","0","0"
"F9","12/10/2024","3206","N379FR","IAH","08:43","08:30","-13","0","0","0","0","0"
"F9","12/10/2024","3312","N322FR","MCO","06:45","06:40","-5","0","0","0","0","0"
"F9","12/10/2024","3439","N720FR","SFO","22:15","22:08","-7","0","0","0","0","0"
"F9","12/10/2024","3467","N350FR","PHX","18:23","18:10","-13","0","0","0","0","0"
"F9","12/10/2024","3981","N607FR","SLC","10:15","10:15","0","0","0","0","0","0"
"F9","12/10/2024","4251","N723FR","SLC","22:15","22:04","-11","0","0","0","0","0"
"F9","12/10/2024","4371","N309FR","SNA","11:43","11:34","-9","0","0","0","0","0"
"F9","12/10/2024","4584","N610FR","MCO","17:35","17:42","7","7","0","15","0","0"
"F9","12/10/2024","4611","N706FR","LAS","22:41","22:38","-3","0","0","0","0","0"
"F9","12/10/2024","4753","N656FR","PHX","22:18","22:10","-8","0","0","0","0","0"
"F9","12/10/2024","4856","N640FR","IAH","20:01","20:07","6","0","0","0","0","0"
"F9","12/10/2024","4927","N301FR","SAN","11:01","11:01","0","0","0","0","0","0"
"F9","12/10/2024","4967","N309FR","LAS","19:39","19:26","-13","0","0","0","0","0"
"F9","12/10/2024","4989","N337FR","SAN","22:15","22:13","-2","0","0","0","0","0"
"F9","12/11/2024","0686","N301FR","DCA","06:43","06:37","-6","0","0","0","0","0"
"F9","12/11/2024","0688","N337FR","DCA","11:41","12:38","57","0","0","74","0","0"
"F9","12/11/2024","0690","N361FR","DCA","16:39","18:15","96","0","0","92","0","0"
"F9","12/11/2024","1162","N373FR","HOU","13:51","13:45","-6","0","0","0","0","0"
"F9","12/11/2024","1280","N654FR","MIA","17:30","17:29","-1","0","0","0","0","0"
"F9","12/11/2024","1292","N368FR","MSP","20:02","19:56","-6","0","0","0","0","0"
"F9","12/11/2024","1499","N655FR","ONT","22:15","22:20","5","0","0","0","0","0"
"F9","12/11/2024","1734","N359FR","MCO","00:50","00:49","-1","0","0","0","0","0"
"F9","12/11/2024","1816","N386FR","AUS","11:58","11:52","-6","0","0","0","0","0"
"F9","12/11/2024","2015","N318FR","LAS","07:00","06:48","-12","0","0","0","0","0"
"F9","12/11/2024","2105","N363FR","PHX","18:23","18:17","-6","0","0","0","0","0"
"F9","12/11/2024","2141","N331FR","PHX","14:13","14:02","-11","0","0","0","0","0"
"F9","12/11/2024","2148","N308FR","DFW","12:11","12:05","-6","0","0","0","0","0"
"F9","12/11/2024","2210","N373FR","MDW","20:55","20:55","0","0","0","0","0","0"
"F9","12/11/2024","2341","N723FR","LAX","22:57","22:47","-10","0","0","0","0","0"
"F9","12/11/2024","2349","N607FR","LAS","13:20","13:12","-8","0","0","0","0","0"
"F9","12/11/2024","2632","N331FR","DFW","20:55","20:45","-10","0","0","0","0","0"
"F9","12/11/2024","2687","N385FR","PDX","22:15","22:12","-3","0","0","0","0","0"
"F9","12/11/2024","2746","N361FR","TPA","06:15","06:03","-12","0","0","0","0","0"
"F9","12/11/2024","3206","N654FR","IAH","08:43","08:33","-10","0","0","0","0","0"
"F9","12/11/2024","3294","N301FR","ATL","17:05","16:55","-10","0","0","0","0","0"
"F9","12/11/2024","3302","N710FR","STL","05:05","04:58","-7","0","0","0","0","0"
"F9","12/11/2024","3312","N646FR","MCO","06:45","06:39","-6","0","0","0","0","0"
"F9","12/11/2024","3439","N337FR","SFO","22:15","22:08","-7","0","0","0","0","0"
"F9","12/11/2024","3981","N640FR","SLC","10:15","10:10","-5","0","0","0","0","0"
"F9","12/11/2024","4251","N364FR","SLC","22:15","22:30","15","0","0","0","0","0"
"F9","12/11/2024","4371","N330FR","SNA","11:43","11:35","-8","0","0","0","0","0"
"F9","12/11/2024","4611","N721FR","LAS","22:41","22:28","-13","0","0","0","0","0"
"F9","12/11/2024","4753","N720FR","PHX","22:18","22:35","17","0","0","0","0","0"
"F9","12/11/2024","4856","N607FR","IAH","20:01","19:52","-9","0","0","0","0","0"
"F9","12/11/2024","4920","N706FR","MCO","17:35","17:32","-3","0","0","0","0","0"
"F9","12/11/2024","4927","N363FR","SAN","11:01","11:57","56","0","0","0","0","36"
"F9","12/11/2024","4967","N330FR","LAS","19:39","19:32","-7","0","0","0","0","0"
"F9","12/11/2024","4989","N370FR","SAN","22:15","22:12","-3","0","0","0","0","0"
"F9","12/12/2024","0686","N330FR","DCA","06:43","06:33","-10","0","0","0","0","0"
"F9","12/12/2024","0688","N370FR","DCA","11:41","11:37","-4","0","0","0","0","0"
"F9","12/12/2024","0690","N349FR","DCA","16:39","16:55","16","0","0","0","0","0"
"F9","12/12/2024","0777","N235FR","LAS","07:00","06:56","-4","0","0","0","0","0"
"F9","12/12/2024","1093","N356FR","SFO","10:51","10:41","-10","0","0","0","0","0"
"F9","12/12/2024","1162","N349FR","HOU","06:00","05:57","-3","0","0","0","0","0"
"F9","12/12/2024","1175","N620FR","SEA","09:17","09:13","-4","0","0","0","0","0"
"F9","12/12/2024","1261","N607FR","ONT","08:07","10:39","152","0","0","0","0","137"
"F9","12/12/2024","1280","N620FR","MIA","20:01","20:16","15","0","0","0","0","0"
"F9","12/12/2024","1292","N631FR","MSP","20:02","20:05","3","0","0","0","0","0"
"F9","12/12/2024","1362","N606FR","CLT","13:02","13:15","13","0","0","0","0","0"
"F9","12/12/2024","1375","N342FR","PHX","06:45","06:51","6","0","0","0","0","0"
"F9","12/12/2024","1450","N372FR","ATL","12:53","12:46","-7","0","0","0","0","0"
"F9","12/12/2024","1499","N655FR","ONT","22:15","22:09","-6","0","0","0","0","0"
"F9","12/12/2024","1734","N380FR","MCO","00:50","00:46","-4","0","0","0","0","0"
"F9","12/12/2024","1789","N364FR","PDX","09:03","08:53","-10","0","0","0","0","0"
"F9","12/12/2024","1816","N615FR","AUS","16:13","16:07","-6","0","0","0","0","0"
"F9","12/12/2024","1819","N622FR","PHX","09:43","09:43","0","0","0","0","0","0"
"F9","12/12/2024","1864","N375FR","OKC","16:10","16:07","-3","0","0","0","0","0"
"F9","12/12/2024","1918","N640FR","CLE","06:00","05:48","-12","0","0","0","0","0"
"F9","12/12/2024","1993","N723FR","LAS","11:52","11:57","5","0","0","0","0","0"
"F9","12/12/2024","2015","N360FR","LAS","09:52","11:36","104","69","0","0","0","27"
"F9","12/12/2024","2141","N720FR","PHX","14:13","14:10","-3","0","0","0","0","0"
"F9","12/12/2024","2210","N361FR","MDW","20:55","20:42","-13","0","0","0","0","0"
"F9","12/12/2024","2261","N354FR","ELP","16:50","16:46","-4","0","0","0","0","0"
"F9","12/12/2024","2341","N368FR","LAX","22:57","22:56","-1","0","0","0","0","0"
"F9","12/12/2024","2348","N368FR","IND","15:18","15:06","-12","0","0","0","0","0"
"F9","12/12/2024","2349","N301FR","LAS","13:52","14:09","17","5","0","19","0","12"
"F9","12/12/2024","2356","N331FR","SAT","08:43","08:34","-9","0","0","0","0","0"
"F9","12/12/2024","2374","N715FR","TYS","10:36","10:31","-5","0","0","0","0","0"
"F9","12/12/2024","2440","N361FR","RDU","11:00","10:51","-9","0","0","0","0","0"
"F9","12/12/2024","2632","N363FR","DFW","20:55","20:48","-7","0","0","0","0","0"
"F9","12/12/2024","2746","N386FR","TPA","06:15","06:14","-1","0","0","0","0","0"
"F9","12/12/2024","3155","N622FR","LAX","16:05","15:55","-10","0","0","0","0","0"
"F9","12/12/2024","3162","N386FR","LGA","16:11","16:15","4","0","0","0","0","0"
"F9","12/12/2024","3174","N655FR","ORD","10:26","11:29","63","15","0","0","0","35"
"F9","12/12/2024","3206","N354FR","IAH","08:43","09:05","22","0","0","0","0","0"
"F9","12/12/2024","3266","N396FR","PHL","15:19","15:09","-10","0","0","0","0","0"
"F9","12/12/2024","3286","N353FR","CVG","08:24","08:21","-3","0","0","0","0","0"
"F9","12/12/2024","3312","N387FR","MCO","06:00","05:58","-2","0","0","0","0","0"
"F9","12/12/2024","3439","N356FR","SFO","22:15","22:02","-13","0","0","0","0","0"
"F9","12/12/2024","3467","N723FR","PHX","18:30","18:19","-11","0","0","0","0","0"
"F9","12/12/2024","3566","N615FR","DTW","07:25","07:23","-2","0","0","0","0","0"
"F9","12/12/2024","3665","N238FR","SMF","09:51","09:53","2","0","0","0","0","0"
"F9","12/12/2024","3861","N235FR","SLC","16:05","16:07","2","0","0","0","0","0"
"F9","12/12/2024","3930","N702FR","PNS","14:25","14:29","4","0","0","0","0","0"
"F9","12/12/2024","3981","N606FR","SLC","08:08","08:30","22","0","0","0","0","0"
"F9","12/12/2024","4070","N331FR","DFW","15:53","15:43","-10","0","0","0","0","0"
"F9","12/12/2024","4251","N615FR","SLC","22:15","23:00","45","0","0","0","0","26"
"F9","12/12/2024","4371","N368FR","SNA","08:07","08:24","17","0","0","0","0","0"
"F9","12/12/2024","4464","N396FR","DFW","07:50","07:43","-7","0","0","0","0","0"
"F9","12/12/2024","4562","N337FR","MSY","10:36","10:26","-10","0","0","0","0","0"
"F9","12/12/2024","4611","N607FR","LAS","22:41","22:37","-4","0","0","0","0","0"
"F9","12/12/2024","4753","N375FR","PHX","22:18","22:10","-8","0","0","0","0","0"
"F9","12/12/2024","4856","N654FR","IAH","20:05","20:25","20","17","0","0","0","0"
"F9","12/12/2024","4917","N654FR","SJC","10:28","10:17","-11","0","0","0","0","0"
"F9","12/12/2024","4920","N364FR","MCO","19:21","21:59","158","126","0","0","0","0"
"F9","12/12/2024","4927","N631FR","SAN","09:22","09:16","-6","0","0","0","0","0"
"F9","12/12/2024","4967","N337FR","LAS","19:39","19:36","-3","0","0","0","0","0"
"F9","12/12/2024","4989","N235FR","SAN","22:15","22:12","-3","0","0","0","0","0"
"F9","12/13/2024","0686","N386FR","DCA","06:43","06:36","-7","0","0","0","0","0"
"F9","12/13/2024","0688","N360FR","DCA","11:41","11:31","-10","0","0","0","0","0"
"F9","12/13/2024","0690","N386FR","DCA","16:39","16:28","-11","0","0","0","0","0"
"F9","12/13/2024","0777","N363FR","LAS","22:49","22:40","-9","0","0","0","0","0"
"F9","12/13/2024","1093","N370FR","SFO","07:07","06:58","-9","0","0","0","0","0"
"F9","12/13/2024","1114","N606FR","TPA","06:15","06:25","10","0","0","0","0","0"
"F9","12/13/2024","1150","N337FR","MSP","06:15","06:07","-8","0","0","0","0","0"
"F9","12/13/2024","1162","N301FR","HOU","06:00","05:48","-12","0","0","0","0","0"
"F9","12/13/2024","1175","N235FR","SEA","11:24","11:25","1","0","0","0","0","0"
"F9","12/13/2024","1229","N383FR","SFO","10:51","12:36","105","0","58","58","0","0"
"F9","12/13/2024","1261","N654FR","ONT","08:07","08:23","16","0","0","0","0","0"
"F9","12/13/2024","1280","N710FR","MIA","20:01","19:54","-7","0","0","0","0","0"
"F9","12/13/2024","1292","N343FR","MSP","20:02","20:29","27","7","0","0","0","10"
"F9","12/13/2024","1362","N368FR","CLT","11:00","10:54","-6","0","0","0","0","0"
"F9","12/13/2024","1375","N360FR","PHX","05:45","05:37","-8","0","0","0","0","0"
"F9","12/13/2024","1402","N349FR","BNA","10:21","10:49","28","21","0","0","0","0"
"F9","12/13/2024","1450","N723FR","ATL","05:30","05:27","-3","0","0","0","0","0"
"F9","12/13/2024","1678","N353FR","DSM","13:23","13:58","35","21","0","0","0","0"
"F9","12/13/2024","1734","N359FR","MCO","00:50","00:44","-6","0","0","0","0","0"
"F9","12/13/2024","1789","N631FR","PDX","09:03","08:57","-6","0","0","0","0","0"
"F9","12/13/2024","1816","N337FR","AUS","12:59","12:49","-10","0","0","0","0","0"
"F9","12/13/2024","1819","N620FR","PHX","09:43","09:44","1","0","0","0","0","0"
"F9","12/13/2024","1864","N631FR","OKC","16:27","16:36","9","0","0","0","0","0"
"F9","12/13/2024","1874","N361FR","OMA","10:36","11:01","25","0","0","0","0","0"
"F9","12/13/2024","1918","N615FR","CLE","08:56","10:20","84","84","0","4","0","0"
"F9","12/13/2024","1993","N318FR","LAS","07:00","06:52","-8","0","0","0","0","0"
"F9","12/13/2024","2015","N375FR","LAS","09:52","09:41","-11","0","0","0","0","0"
"F9","12/13/2024","2105","N318FR","PHX","16:13","16:09","-4","0","0","0","0","0"
"F9","12/13/2024","2108","N654FR","FSD","14:52","14:36","-16","0","0","79","0","0"
"F9","12/13/2024","2210","N370FR","MDW","20:55","20:49","-6","0","0","0","0","0"
"F9","12/13/2024","2261","N238FR","ELP","16:50","17:12","22","0","0","0","0","0"
"F9","12/13/2024","2341","N704FR","LAX","22:57","22:55","-2","0","0","0","0","0"
"F9","12/13/2024","2348","N655FR","IND","15:43","15:35","-8","0","0","0","0","0"
"F9","12/13/2024","2349","N356FR","LAS","13:20","16:12","172","0","0","0","0","164"
"F9","12/13/2024","2356","N363FR","SAT","08:43","08:36","-7","0","0","0","0","0"
"F9","12/13/2024","2440","N723FR","RDU","14:22","14:09","-13","0","0","0","0","0"
"F9","12/13/2024","2632","N654FR","DFW","20:55","21:54","59","0","0","0","0","45"
"F9","12/13/2024","2746","N620FR","TPA","15:54","15:59","5","0","0","0","0","0"
"F9","12/13/2024","2907","N301FR","ONT","16:04","16:05","1","0","0","0","0","0"
"F9","12/13/2024","3155","N330FR","LAX","16:05","16:03","-2","0","0","0","0","0"
"F9","12/13/2024","3162","N606FR","LGA","16:11","16:10","-1","0","0","0","0","0"
"F9","12/13/2024","3172","N378FR","ORD","20:59","20:42","-17","0","0","0","0","0"
"F9","12/13/2024","3206","N704FR","IAH","08:43","08:41","-2","0","0","0","0","0"
"F9","12/13/2024","3286","N238FR","CVG","08:45","09:28","43","43","0","30","0","0"
"F9","12/13/2024","3294","N354FR","ATL","16:59","18:02","63","11","0","20","0","52"
"F9","12/13/2024","3302","N622FR","STL","05:05","05:04","-1","0","0","0","0","0"
"F9","12/13/2024","3312","N330FR","MCO","06:00","05:45","-15","0","0","0","0","0"
"F9","12/13/2024","3376","N378FR","MCI","14:59","14:49","-10","0","0","0","0","0"
"F9","12/13/2024","3439","N640FR","SFO","22:15","22:08","-7","0","0","30","0","0"
"F9","12/13/2024","3467","N235FR","PHX","18:46","18:59","13","0","0","0","0","0"
"F9","12/13/2024","3566","N361FR","DTW","15:20","15:56","36","1","0","0","0","23"
"F9","12/13/2024","3665","N364FR","SMF","09:34","09:39","5","0","0","0","0","0"
"F9","12/13/2024","3930","N363FR","PNS","14:34","15:02","28","4","0","0","0","19"
"F9","12/13/2024","3981","N331FR","SLC","08:08","09:49","101","101","0","7","0","0"
"F9","12/13/2024","4070","N704FR","DFW","15:53","15:51","-2","0","0","0","0","0"
"F9","12/13/2024","4251","N702FR","SLC","22:15","22:11","-4","0","0","0","0","0"
"F9","12/13/2024","4371","N378FR","SNA","08:07","08:11","4","0","0","0","0","0"
"F9","12/13/2024","4464","N702FR","DFW","07:50","07:47","-3","0","0","0","0","0"
"F9","12/13/2024","4521","N370FR","BUR","13:20","14:19","59","0","0","0","0","33"
"F9","12/13/2024","4562","N354FR","MSY","10:36","10:30","-6","0","0","0","0","0"
"F9","12/13/2024","4626","N702FR","MEM","14:22","14:20","-2","0","0","0","0","0"
"F9","12/13/2024","4753","N721FR","PHX","22:26","22:13","-13","0","0","0","0","0"
"F9","12/13/2024","4794","N356FR","FAR","10:36","10:32","-4","0","0","0","0","0"
"F9","12/13/2024","4856","N368FR","IAH","20:01","19:58","-3","0","0","0","0","0"
"F9","12/13/2024","4863","N364FR","PSP","17:02","16:55","-7","0","0","0","0","0"
"F9","12/13/2024","4917","N721FR","SJC","10:28","10:48","20","0","0","1","0","20"
"F9","12/13/2024","4920","N353FR","MCO","19:21","19:37","16","0","0","0","0","0"
"F9","12/13/2024","4927","N710FR","SAN","09:22","09:18","-4","0","0","0","0","0"
"F9","12/13/2024","4967","N337FR","LAS","19:39","19:39","0","0","0","0","0","0"
"F9","12/13/2024","4989","N318FR","SAN","22:15","22:57","42","21","0","0","0","0"
"F9","12/14/2024","0686","N360FR","DCA","06:43","06:37","-6","0","0","0","0","0"
"F9","12/14/2024","0688","N364FR","DCA","11:41","11:36","-5","0","0","0","0","0"
"F9","12/14/2024","0690","N356FR","DCA","16:39","16:29","-10","0","0","0","0","0"
"F9","12/14/2024","0777","N605FR","LAS","22:49","22:36","-13","0","0","0","0","0"
"F9","12/14/2024","1280","N343FR","MIA","20:01","19:56","-5","0","0","0","0","0"
"F9","12/14/2024","1292","N640FR","MSP","20:02","19:53","-9","0","0","0","0","0"
"F9","12/14/2024","1450","N332FR","ATL","16:31","16:28","-3","0","0","0","0","0"
"F9","12/14/2024","1499","N704FR","ONT","22:15","22:14","-1","0","0","0","0","0"
"F9","12/14/2024","1734","N361FR","MCO","00:50","00:38","-12","0","0","0","0","0"
"F9","12/14/2024","1816","N640FR","AUS","13:15","13:16","1","0","0","0","0","0"
"F9","12/14/2024","1819","N376FR","PHX","09:43","09:40","-3","0","0","0","0","0"
"F9","12/14/2024","1864","N352FR","OKC","16:10","16:00","-10","0","0","0","0","0"
"F9","12/14/2024","2015","N238FR","LAS","07:00","08:14","74","59","0","0","0","0"
"F9","12/14/2024","2105","N654FR","PHX","18:46","18:49","3","0","0","0","0","0"
"F9","12/14/2024","2141","N375FR","PHX","14:13","14:13","0","0","0","0","0","0"
"F9","12/14/2024","2148","N337FR","DFW","07:50","07:43","-7","0","0","0","0","0"
"F9","12/14/2024","2261","N238FR","ELP","13:51","14:09","18","0","0","0","0","0"
"F9","12/14/2024","2341","N386FR","LAX","22:57","22:53","-4","0","0","0","0","0"
"F9","12/14/2024","2349","N368FR","LAS","13:20","13:34","14","0","0","0","0","0"
"F9","12/14/2024","2632","N364FR","DFW","20:55","20:55","0","0","0","0","0","0"
"F9","12/14/2024","2687","N323FR","PDX","22:15","22:07","-8","0","0","0","0","0"
"F9","12/14/2024","2746","N723FR","TPA","06:15","06:13","-2","0","0","0","0","0"
"F9","12/14/2024","2817","N654FR","SAN","09:22","09:14","-8","0","0","0","0","0"
"F9","12/14/2024","3155","N337FR","LAX","16:05","16:04","-1","0","0","0","0","0"
"F9","12/14/2024","3206","N343FR","IAH","08:43","08:42","-1","0","0","0","0","0"
"F9","12/14/2024","3302","N606FR","STL","05:05","04:54","-11","0","0","0","0","0"
"F9","12/14/2024","3312","N356FR","MCO","06:00","05:56","-4","0","0","0","0","0"
"F9","12/14/2024","3439","N354FR","SFO","22:15","22:05","-10","0","0","0","0","0"
"F9","12/14/2024","3930","N714FR","PNS","13:25","13:26","1","0","0","0","0","0"
"F9","12/14/2024","3981","N631FR","SLC","08:08","08:08","0","0","0","0","0","0"
"F9","12/14/2024","4070","N358FR","DFW","12:11","12:05","-6","0","0","0","0","0"
"F9","12/14/2024","4251","N714FR","SLC","22:15","22:07","-8","0","0","0","0","0"
"F9","12/14/2024","4371","N386FR","SNA","11:43","11:39","-4","0","0","0","0","0"
"F9","12/14/2024","4562","N702FR","MSY","10:36","10:31","-5","0","0","0","0","0"
"F9","12/14/2024","4611","N383FR","LAS","19:31","19:29","-2","0","0","0","0","0"
"F9","12/14/2024","4753","N366FR","PHX","22:18","22:09","-9","0","0","0","0","0"
"F9","12/14/2024","4856","N360FR","IAH","20:01","19:56","-5","0","0","0","0","0"
"F9","12/14/2024","4920","N238FR","MCO","19:21","20:45","84","47","0","0","0","6"
"F9","12/14/2024","4927","N704FR","SAN","13:20","13:16","-4","0","0","0","0","0"
"F9","12/14/2024","4989","N235FR","SAN","22:15","22:01","-14","0","0","0","0","0"
"F9","12/15/2024","0686","N337FR","DCA","06:43","06:34","-9","0","0","0","0","0"
"F9","12/15/2024","0688","N235FR","DCA","11:41","11:32","-9","0","0","0","0","0"
"F9","12/15/2024","0690","N368FR","DCA","16:39","16:31","-8","0","0","0","0","0"
"F9","12/15/2024","1093","N385FR","SFO","05:45","05:39","-6","0","0","0","0","0"
"F9","12/15/2024","1114","N330FR","TPA","06:15","06:14","-1","0","0","0","0","0"
"F9","12/15/2024","1150","N654FR","MSP","07:45","07:37","-8","0","0","0","0","0"
"F9","12/15/2024","1162","N304FR","HOU","13:51","13:45","-6","0","0","0","0","0"
"F9","12/15/2024","1175","N366FR","SEA","09:17","09:07","-10","0","0","0","0","0"
"F9","12/15/2024","1229","N354FR","SFO","10:51","10:40","-11","0","0","0","0","0"
"F9","12/15/2024","1261","N360FR","ONT","08:07","07:55","-12","0","0","0","0","0"
"F9","12/15/2024","1280","N723FR","MIA","20:01","19:59","-2","0","0","0","0","0"
"F9","12/15/2024","1292","N360FR","MSP","20:02","19:52","-10","0","0","0","0","0"
"F9","12/15/2024","1362","N655FR","CLT","13:02","12:57","-5","0","0","0","0","0"
"F9","12/15/2024","1375","N655FR","PHX","06:45","06:39","-6","0","0","0","0","0"
"F9","12/15/2024","1402","N718FR","BNA","10:21","10:56","35","1","0","0","0","22"
"F9","12/15/2024","1450","N387FR","ATL","07:28","07:19","-9","0","0","0","0","0"
"F9","12/15/2024","1734","N318FR","MCO","00:50","00:40","-10","0","0","0","0","0"
"F9","12/15/2024","1789","N714FR","PDX","09:03","09:03","0","0","0","0","0","0"
"F9","12/15/2024","1816","N387FR","AUS","16:13","16:05","-8","0","0","0","0","0"
"F9","12/15/2024","1819","N394FR","PHX","09:43","09:38","-5","0","0","0","0","0"
"F9","12/15/2024","1864","N650FR","OKC","16:10","15:58","-12","0","0","0","0","0"
"F9","12/15/2024","1918","N631FR","CLE","06:00","05:51","-9","0","0","0","0","0"
"F9","12/15/2024","1993","N368FR","LAS","09:52","09:42","-10","0","0","0","0","0"
"F9","12/15/2024","2015","N702FR","LAS","07:00","06:56","-4","0","0","0","0","0"
"F9","12/15/2024","2105","N356FR","PHX","18:15","18:03","-12","0","0","0","0","0"
"F9","12/15/2024","2148","N383FR","DFW","18:00","17:52","-8","0","0","0","0","0"
"F9","12/15/2024","2210","N304FR","MDW","20:55","20:47","-8","0","0","0","0","0"
"F9","12/15/2024","2261","N332FR","ELP","16:50","17:02","12","0","0","0","0","0"
"F9","12/15/2024","2341","N655FR","LAX","22:57","22:54","-3","0","0","0","0","0"
"F9","12/15/2024","2348","N352FR","IND","15:18","15:09","-9","0","0","0","0","0"
"F9","12/15/2024","2349","N710FR","LAS","13:20","13:21","1","0","0","0","0","0"
"F9","12/15/2024","2356","N358FR","SAT","08:43","08:34","-9","0","0","0","0","0"
"F9","12/15/2024","2374","N343FR","TYS","10:36","10:27","-9","0","0","0","0","0"
"F9","12/15/2024","2440","N386FR","RDU","11:00","11:01","1","0","0","0","0","0"
"F9","12/15/2024","2632","N607FR","DFW","20:55","20:56","1","0","0","0","0","0"
"F9","12/15/2024","2746","N640FR","TPA","15:54","16:01","7","0","0","0","0","0"
"F9","12/15/2024","3155","N394FR","LAX","16:05","15:57","-8","0","0","0","0","0"
"F9","12/15/2024","3162","N330FR","LGA","16:11","16:07","-4","0","0","0","0","0"
"F9","12/15/2024","3172","N378FR","ORD","21:07","21:05","-2","0","0","0","0","0"
"F9","12/15/2024","3206","N640FR","IAH","08:43","08:48","5","0","0","0","0","0"
"F9","12/15/2024","3266","N609FR","PHL","15:19","15:15","-4","0","0","0","0","0"
"F9","12/15/2024","3286","N335FR","CVG","08:24","08:31","7","0","0","0","0","0"
"F9","12/15/2024","3294","N385FR","ATL","13:22","13:36","14","14","0","1","0","0"
"F9","12/15/2024","3312","N715FR","MCO","06:00","05:57","-3","0","0","0","0","0"
"F9","12/15/2024","3439","N386FR","SFO","22:15","22:18","3","3","0","13","0","0"
"F9","12/15/2024","3467","N720FR","PHX","20:18","20:08","-10","0","0","0","0","0"
"F9","12/15/2024","3566","N358FR","DTW","15:20","15:12","-8","0","0","0","0","0"
"F9","12/15/2024","3665","N332FR","SMF","10:00","09:53","-7","0","0","0","0","0"
"F9","12/15/2024","3861","N704FR","SLC","16:15","16:12","-3","0","0","0","0","0"
"F9","12/15/2024","3930","N654FR","PNS","14:25","14:19","-6","0","0","0","0","0"
"F9","12/15/2024","3981","N723FR","SLC","08:08","08:05","-3","0","0","0","0","0"
"F9","12/15/2024","4070","N723FR","DFW","13:47","13:43","-4","0","0","0","0","0"
"F9","12/15/2024","4251","N606FR","SLC","22:15","22:04","-11","0","0","0","0","0"
"F9","12/15/2024","4371","N352FR","SNA","08:07","07:59","-8","0","0","0","0","0"
"F9","12/15/2024","4464","N609FR","DFW","07:50","07:41","-9","0","0","0","0","0"
"F9","12/15/2024","4562","N356FR","MSY","10:36","10:27","-9","0","0","0","0","0"
"F9","12/15/2024","4611","N332FR","LAS","22:41","22:37","-4","0","0","0","0","0"
"F9","12/15/2024","4753","N650FR","PHX","22:18","22:03","-15","0","0","0","0","0"
"F9","12/15/2024","4856","N710FR","IAH","20:01","19:54","-7","0","0","0","0","0"
"F9","12/15/2024","4863","N337FR","PSP","17:02","16:53","-9","0","0","0","0","0"
"F9","12/15/2024","4917","N607FR","SJC","10:28","10:17","-11","0","0","0","0","0"
"F9","12/15/2024","4920","N343FR","MCO","19:21","19:20","-1","0","0","0","0","0"
"F9","12/15/2024","4927","N322FR","SAN","09:22","09:14","-8","0","0","0","0","0"
"F9","12/15/2024","4967","N322FR","LAS","19:38","19:32","-6","0","0","0","0","0"
"F9","12/15/2024","4989","N235FR","SAN","22:15","22:05","-10","0","0","0","0","0"
"F9","12/16/2024","0686","N354FR","DCA","06:43","06:33","-10","0","0","0","0","0"
"F9","12/16/2024","0688","N368FR","DCA","11:41","12:20","39","0","0","38","0","0"
"F9","12/16/2024","0690","N369FR","DCA","16:39","16:54","15","0","0","27","0","0"
"F9","12/16/2024","1093","N349FR","SFO","10:51","11:49","58","0","0","55","0","0"
"F9","12/16/2024","1114","N326FR","TPA","16:45","16:52","7","0","0","0","0","0"
"F9","12/16/2024","1162","N352FR","HOU","06:00","05:50","-10","0","0","0","0","0"
"F9","12/16/2024","1175","N361FR","SEA","11:24","11:34","10","10","0","16","0","0"
"F9","12/16/2024","1261","N363FR","ONT","16:04","15:57","-7","0","0","0","0","0"
"F9","12/16/2024","1280","N721FR","MIA","20:01","20:28","27","25","0","0","0","0"
"F9","12/16/2024","1292","N235FR","MSP","20:02","19:53","-9","0","0","0","0","0"
"F9","12/16/2024","1362","N376FR","CLT","13:02","12:58","-4","0","0","0","0","0"
"F9","12/16/2024","1375","N394FR","PHX","07:24","07:13","-11","0","0","0","0","0"
"F9","12/16/2024","1402","N394FR","BNA","13:49","13:47","-2","0","0","0","0","0"
"F9","12/16/2024","1450","N358FR","ATL","13:00","14:10","70","64","0","0","0","0"
"F9","12/16/2024","1499","N644FR","ONT","08:07","08:43","36","17","0","0","0","0"
"F9","12/16/2024","1520","N322FR","MIA","10:00","09:53","-7","0","0","0","0","0"
"F9","12/16/2024","1678","N613FR","DSM","13:23","13:20","-3","0","0","0","0","0"
"F9","12/16/2024","1734","N359FR","MCO","00:50","00:40","-10","0","0","0","0","0"
"F9","12/16/2024","1789","N606FR","PDX","09:03","08:59","-4","0","0","0","0","0"
"F9","12/16/2024","1816","N328FR","AUS","16:13","16:05","-8","0","0","0","0","0"
"F9","12/16/2024","1819","N650FR","PHX","11:06","11:27","21","0","0","0","0","0"
"F9","12/16/2024","1864","N337FR","OKC","16:10","15:58","-12","0","0","0","0","0"
"F9","12/16/2024","1874","N363FR","OMA","10:36","10:28","-8","0","0","0","0","0"
"F9","12/16/2024","1918","N366FR","CLE","08:51","09:45","54","48","0","0","0","0"
"F9","12/16/2024","1993","N369FR","LAS","09:52","09:56","4","0","0","0","0","0"
"F9","12/16/2024","2057","N606FR","PSP","17:02","16:55","-7","0","0","0","0","0"
"F9","12/16/2024","2105","N650FR","PHX","17:10","17:23","13","0","0","0","0","0"
"F9","12/16/2024","2108","N372FR","FSD","14:50","14:39","-11","0","0","0","0","0"
"F9","12/16/2024","2210","N308FR","MDW","20:55","20:51","-4","0","0","0","0","0"
"F9","12/16/2024","2261","N354FR","ELP","16:50","16:42","-8","0","0","0","0","0"
"F9","12/16/2024","2349","N704FR","LAS","13:20","13:21","1","0","0","0","0","0"
"F9","12/16/2024","2356","N609FR","SAT","08:43","08:37","-6","0","0","0","0","0"
"F9","12/16/2024","2440","N655FR","RDU","11:00","11:20","20","0","0","0","0","0"
"F9","12/16/2024","2632","N349FR","DFW","20:55","20:57","2","2","0","26","0","0"
"F9","12/16/2024","2746","N714FR","TPA","06:15","06:11","-4","0","0","0","0","0"
"F9","12/16/2024","3155","N644FR","LAX","16:05","16:00","-5","0","0","0","0","0"
"F9","12/16/2024","3162","N714FR","LGA","16:11","16:09","-2","0","0","0","0","0"
"F9","12/16/2024","3174","N386FR","ORD","10:26","10:36","10","0","0","0","0","0"
"F9","12/16/2024","3206","N360FR","IAH","08:43","08:46","3","0","0","0","0","0"
"F9","12/16/2024","3302","N654FR","STL","05:05","05:02","-3","0","0","0","0","0"
"F9","12/16/2024","3312","N383FR","MCO","06:00","05:49","-11","0","0","0","0","0"
"F9","12/16/2024","3376","N330FR","MCI","14:59","14:50","-9","0","0","0","0","0"
"F9","12/16/2024","3433","N352FR","EGE","13:45","13:45","0","0","0","0","0","0"
"F9","12/16/2024","3439","N622FR","SFO","22:15","22:08","-7","0","0","0","0","0"
"F9","12/16/2024","3467","N361FR","PHX","19:36","19:32","-4","0","0","0","0","0"
"F9","12/16/2024","3566","N609FR","DTW","15:20","15:28","8","0","0","0","0","0"
"F9","12/16/2024","3665","N723FR","SMF","09:34","10:00","26","11","0","6","0","15"
"F9","12/16/2024","3930","N387FR","PNS","14:25","14:21","-4","0","0","0","0","0"
"F9","12/16/2024","3981","N704FR","SLC","08:08","08:01","-7","0","0","0","0","0"
"F9","12/16/2024","4070","N360FR","DFW","15:53","16:30","37","37","0","31","0","0"
"F9","12/16/2024","4251","N337FR","SLC","22:15","22:04","-11","0","0","0","0","0"
"F9","12/16/2024","4345","N330FR","LAX","22:57","22:56","-1","0","0","0","0","0"
"F9","12/16/2024","4371","N330FR","SNA","08:07","07:54","-13","0","0","0","0","0"
"F9","12/16/2024","4464","N387FR","DFW","07:50","07:42","-8","0","0","0","0","0"
"F9","12/16/2024","4521","N308FR","BUR","13:20","13:07","-13","0","0","0","0","0"
"F9","12/16/2024","4584","N723FR","MCO","16:45","17:49","64","28","0","15","0","36"
"F9","12/16/2024","4626","N235FR","MEM","13:00","12:44","-16","0","0","0","0","0"
"F9","12/16/2024","4753","N363FR","PHX","22:18","22:10","-8","0","0","0","0","0"
"F9","12/16/2024","4794","N326FR","FAR","10:36","10:26","-10","0","0","0","0","0"
"F9","12/16/2024","4856","N352FR","IAH","20:01","19:57","-4","0","0","0","0","0"
"F9","12/16/2024","4917","N710FR","SJC","10:28","10:18","-10","0","0","0","0","0"
"F9","12/16/2024","4920","N656FR","MCO","19:21","19:13","-8","0","0","0","0","0"
"F9","12/16/2024","4927","N721FR","SAN","09:22","09:12","-10","0","0","0","0","0"
"F9","12/16/2024","4967","N704FR","LAS","19:39","19:33","-6","0","0","0","0","0"
"F9","12/16/2024","4989","N387FR","SAN","22:15","22:22","7","0","0","0","0","0"
"F9","12/17/2024","0686","N388FR","DCA","06:50","06:41","-9","0","0","0","0","0"
"F9","12/17/2024","0688","N387FR","DCA","11:41","11:31","-10","0","0","0","0","0"
"F9","12/17/2024","0690","N350FR","DCA","16:42","17:14","32","4","0","0","0","24"
"F9","12/17/2024","0777","N238FR","LAS","17:02","16:54","-8","0","0","0","0","0"
"F9","12/17/2024","1093","N328FR","SFO","13:00","12:54","-6","0","0","0","0","0"
"F9","12/17/2024","1114","N655FR","TPA","00:29","00:24","-5","0","0","0","0","0"
"F9","12/17/2024","1175","N369FR","SEA","11:00","10:59","-1","0","0","0","0","0"
"F9","12/17/2024","1261","N394FR","ONT","10:00","10:09","9","0","0","0","0","0"
"F9","12/17/2024","1280","N353FR","MIA","23:04","22:54","-10","0","0","0","0","0"
"F9","12/17/2024","1292","N337FR","MSP","21:00","20:57","-3","0","0","0","0","0"
"F9","12/17/2024","1362","N352FR","CLT","08:10","08:03","-7","0","0","0","0","0"
"F9","12/17/2024","1375","N328FR","PHX","05:30","05:29","-1","0","0","0","0","0"
"F9","12/17/2024","1450","N235FR","ATL","08:20","08:09","-11","0","0","0","0","0"
"F9","12/17/2024","1499","N385FR","ONT","22:29","22:19","-10","0","0","0","0","0"
"F9","12/17/2024","1560","N385FR","MSN","15:53","15:43","-10","0","0","0","0","0"
"F9","12/17/2024","1734","N606FR","MCO","18:10","18:31","21","0","0","0","0","0"
"F9","12/17/2024","1816","N379FR","AUS","18:26","18:14","-12","0","0","0","0","0"
"F9","12/17/2024","1819","N338FR","PHX","14:39","14:30","-9","0","0","0","0","0"
"F9","12/17/2024","1864","N352FR","OKC","16:59","16:59","0","0","0","0","0","0"
"F9","12/17/2024","1918","N649FR","CLE","06:00","05:59","-1","0","0","0","0","0"
"F9","12/17/2024","1993","N372FR","LAS","09:49","09:44","-5","0","0","0","0","0"
"F9","12/17/2024","2141","N307FR","PHX","12:39","12:39","0","0","0","0","0","0"
"F9","12/17/2024","2148","N709FR","DFW","08:46","09:15","29","0","0","0","0","15"
"F9","12/17/2024","2261","N362FR","ELP","16:39","16:33","-6","0","0","0","0","0"
"F9","12/17/2024","2341","N350FR","LAX","07:00","06:50","-10","0","0","0","0","0"
"F9","12/17/2024","2348","N394FR","IND","16:30","16:53","23","1","0","0","0","16"
"F9","12/17/2024","2356","N706FR","SAT","18:10","18:12","2","0","0","0","0","0"
"F9","12/17/2024","2440","N368FR","RDU","08:08","07:58","-10","0","0","0","0","0"
"F9","12/17/2024","2632","N331FR","DFW","18:50","19:21","31","1","0","0","0","14"
"F9","12/17/2024","2687","N622FR","PDX","13:43","13:34","-9","0","0","0","0","0"
"F9","12/17/2024","2746","N714FR","TPA","09:20","09:10","-10","0","0","0","0","0"
"F9","12/17/2024","2817","N354FR","SAN","09:15","09:06","-9","0","0","0","0","0"
"F9","12/17/2024","2996","N387FR","IAH","21:02","21:31","29","0","0","0","0","0"
"F9","12/17/2024","3155","N328FR","LAX","22:55","22:47","-8","0","0","0","0","0"
"F9","12/17/2024","3174","N720FR","ORD","09:16","09:12","-4","0","0","0","0","0"
"F9","12/17/2024","3206","N337FR","IAH","14:10","14:07","-3","0","0","0","0","0"
"F9","12/17/2024","3286","N377FR","CVG","08:49","08:44","-5","0","0","0","0","0"
"F9","12/17/2024","3294","N654FR","ATL","23:58","23:52","-6","0","0","0","0","0"
"F9","12/17/2024","3312","N376FR","MCO","06:00","05:57","-3","0","0","0","0","0"
"F9","12/17/2024","3340","N368FR","PHL","23:45","23:45","0","0","0","0","0","0"
"F9","12/17/2024","3439","N354FR","SFO","22:25","22:37","12","0","0","0","0","0"
"F9","12/17/2024","3467","N714FR","PHX","19:20","19:22","2","0","0","0","0","0"
"F9","12/17/2024","3566","N330FR","DTW","16:40","17:00","20","0","0","0","0","0"
"F9","12/17/2024","3930","N359FR","PNS","15:38","16:00","22","0","0","0","0","0"
"F9","12/17/2024","3981","N644FR","SLC","09:45","09:41","-4","0","0","0","0","0"
"F9","12/17/2024","4070","N354FR","DFW","15:58","16:10","12","0","0","0","0","0"
"F9","12/17/2024","4251","N613FR","SLC","22:20","22:43","23","0","0","0","0","0"
"F9","12/17/2024","4371","N238FR","SNA","10:05","10:09","4","0","0","0","0","0"
"F9","12/17/2024","4386","N330FR","CID","10:45","11:03","18","0","0","0","0","0"
"F9","12/17/2024","4464","N704FR","DFW","06:00","05:50","-10","0","0","0","0","0"
"F9","12/17/2024","4478","N368FR","STL","17:41","17:32","-9","0","0","0","0","0"
"F9","12/17/2024","4584","N710FR","MCO","00:50","00:48","-2","0","0","0","0","0"
"F9","12/17/2024","4611","N641FR","LAS","20:26","20:25","-1","0","0","0","0","0"
"F9","12/17/2024","4616","N388FR","MSP","16:05","16:38","33","27","0","0","0","0"
"F9","12/17/2024","4753","N352FR","PHX","22:20","22:35","15","0","0","0","0","0"
"F9","12/17/2024","4863","N351FR","PSP","10:00","10:00","0","0","0","0","0","0"
"F9","12/17/2024","4917","N385FR","SJC","08:40","08:32","-8","0","0","0","0","0"
"F9","12/17/2024","4920","N351FR","MCO","23:17","23:21","4","0","0","0","0","0"
"F9","12/17/2024","4967","N644FR","LAS","22:26","22:16","-10","0","0","0","0","0"
"F9","12/17/2024","4989","N362FR","SAN","22:20","22:27","7","0","0","0","0","0"
"F9","12/18/2024","0686","N388FR","DCA","06:50","06:42","-8","0","0","0","0","0"
"F9","12/18/2024","0688","N369FR","DCA","11:41","11:49","8","0","0","0","0","0"
"F9","12/18/2024","0690","N304FR","DCA","16:42","16:40","-2","0","0","0","0","0"
"F9","12/18/2024","1093","N385FR","SFO","06:00","05:56","-4","0","0","25","0","0"
"F9","12/18/2024","1114","N390FR","TPA","00:29","00:54","25","7","0","6","0","18"
"F9","12/18/2024","1162","N310FR","HOU","15:35","15:58","23","0","0","0","0","0"
"F9","12/18/2024","1175","N347FR","SEA","11:00","10:55","-5","0","0","0","0","0"
"F9","12/18/2024","1248","N350FR","GRR","10:10","10:20","10","0","0","0","0","0"
"F9","12/18/2024","1280","N310FR","MIA","23:04","23:19","15","0","0","0","0","0"
"F9","12/18/2024","1292","N232FR","MSP","21:00","21:03","3","0","0","0","0","0"
"F9","12/18/2024","1362","N361FR","CLT","08:30","08:32","2","0","0","0","0","0"
"F9","12/18/2024","1375","N706FR","PHX","05:30","05:39","9","0","0","0","0","0"
"F9","12/18/2024","1402","N652FR","BNA","09:00","09:05","5","0","0","0","0","0"
"F9","12/18/2024","1450","N387FR","ATL","08:20","08:23","3","0","0","0","0","0"
"F9","12/18/2024","1499","N361FR","ONT","22:29","22:29","0","0","0","0","0","0"
"F9","12/18/2024","1734","N633FR","MCO","18:10","18:06","-4","0","0","0","0","0"
"F9","12/18/2024","1816","N614FR","AUS","18:43","18:39","-4","0","0","0","0","0"
"F9","12/18/2024","1819","N354FR","PHX","10:36","10:28","-8","0","0","0","0","0"
"F9","12/18/2024","1864","N354FR","OKC","16:59","16:52","-7","0","0","0","0","0"
"F9","12/18/2024","1874","N361FR","OMA","17:20","17:11","-9","0","0","0","0","0"
"F9","12/18/2024","1918","N359FR","CLE","05:05","04:56","-9","0","0","0","0","0"
"F9","12/18/2024","2015","N365FR","LAS","09:49","09:42","-7","0","0","0","0","0"
"F9","12/18/2024","2098","N350FR","SAT","17:45","17:44","-1","0","0","22","0","0"
"F9","12/18/2024","2105","N373FR","PHX","19:05","19:01","-4","0","0","0","0","0"
"F9","12/18/2024","2108","N330FR","FSD","17:06","17:03","-3","0","0","0","0","0"
"F9","12/18/2024","2141","N331FR","PHX","13:05","13:01","-4","0","0","0","0","0"
"F9","12/18/2024","2148","N607FR","DFW","08:46","08:52","6","0","0","0","0","0"
"F9","12/18/2024","2210","N328FR","MDW","18:10","18:06","-4","0","0","0","0","0"
"F9","12/18/2024","2261","N388FR","ELP","16:39","16:33","-6","0","0","0","0","0"
"F9","12/18/2024","2341","N330FR","LAX","07:00","06:49","-11","0","0","0","0","0"
"F9","12/18/2024","2349","N313FR","LAS","13:52","13:58","6","0","0","0","0","0"
"F9","12/18/2024","2440","N706FR","RDU","12:00","11:50","-10","0","0","0","0","0"
"F9","12/18/2024","2632","N331FR","DFW","18:50","18:45","-5","0","0","0","0","0"
"F9","12/18/2024","2687","N359FR","PDX","13:43","13:33","-10","0","0","0","0","0"
"F9","12/18/2024","2746","N381FR","TPA","08:45","09:28","43","43","0","1","0","0"
"F9","12/18/2024","2817","N310FR","SAN","08:45","08:42","-3","0","0","0","0","0"
"F9","12/18/2024","2996","N613FR","IAH","21:15","21:43","28","17","0","0","0","0"
"F9","12/18/2024","3155","N330FR","LAX","22:55","22:45","-10","0","0","0","0","0"
"F9","12/18/2024","3172","N362FR","ORD","20:10","20:11","1","0","0","0","0","0"
"F9","12/18/2024","3286","N394FR","CVG","07:07","07:05","-2","0","0","18","0","0"
"F9","12/18/2024","3294","N644FR","ATL","23:59","00:10","11","0","0","0","0","0"
"F9","12/18/2024","3302","N622FR","STL","05:05","04:57","-8","0","0","0","0","0"
"F9","12/18/2024","3312","N713FR","MCO","06:00","05:57","-3","0","0","0","0","0"
"F9","12/18/2024","3340","N381FR","PHL","23:45","23:52","7","0","0","0","0","0"
"F9","12/18/2024","3376","N369FR","MCI","06:20","06:13","-7","0","0","0","0","0"
"F9","12/18/2024","3439","N354FR","SFO","22:25","22:21","-4","0","0","0","0","0"
"F9","12/18/2024","3566","N644FR","DTW","07:05","07:03","-2","0","0","0","0","0"
"F9","12/18/2024","3665","N387FR","SMF","16:59","16:44","-15","0","0","0","0","0"
"F9","12/18/2024","3930","N337FR","PNS","08:05","08:03","-2","0","0","0","0","0"
"F9","12/18/2024","3981","N374FR","SLC","09:45","09:38","-7","0","0","0","0","0"
"F9","12/18/2024","4070","N385FR","DFW","15:53","15:48","-5","0","0","0","0","0"
"F9","12/18/2024","4251","N369FR","SLC","22:20","22:56","36","20","0","0","0","0"
"F9","12/18/2024","4344","N362FR","XNA","11:00","10:51","-9","0","0","0","0","0"
"F9","12/18/2024","4371","N372FR","SNA","14:51","14:40","-11","0","0","0","0","0"
"F9","12/18/2024","4521","N353FR","BUR","10:00","10:51","51","25","0","0","0","0"
"F9","12/18/2024","4611","N702FR","LAS","22:21","22:16","-5","0","0","0","0","0"
"F9","12/18/2024","4616","N337FR","MSP","16:00","16:00","0","0","0","0","0","0"
"F9","12/18/2024","4753","N337FR","PHX","22:20","22:25","5","0","0","0","0","0"
"F9","12/18/2024","4794","N644FR","FAR","15:11","15:14","3","0","0","0","0","0"
"F9","12/18/2024","4856","N625FR","IAH","16:00","16:36","36","36","0","51","0","0"
"F9","12/18/2024","4917","N328FR","SJC","10:50","10:40","-10","0","0","0","0","0"
"F9","12/18/2024","4920","N649FR","MCO","23:12","23:32","20","0","0","0","0","0"
"F9","12/18/2024","4967","N332FR","LAS","19:37","19:38","1","0","0","0","0","0"
"F9","12/18/2024","4989","","SAN","22:20","00:00","0","0","0","0","0","0"
"F9","12/19/2024","0686","N349FR","DCA","06:50","06:44","-6","0","0","0","0","0"
"F9","12/19/2024","0688","N354FR","DCA","11:41","11:29","-12","0","0","0","0","0"
"F9","12/19/2024","0690","N330FR","DCA","16:42","16:43","1","0","0","0","0","0"
"F9","12/19/2024","1093","N350FR","SFO","13:00","12:50","-10","0","0","0","0","0"
"F9","12/19/2024","1114","N706FR","TPA","00:59","00:49","-10","0","0","0","0","0"
"F9","12/19/2024","1175","N371FR","SEA","11:00","10:45","-15","0","0","0","0","0"
"F9","12/19/2024","1261","N637FR","ONT","10:10","10:06","-4","0","0","0","0","0"
"F9","12/19/2024","1280","N369FR","MIA","23:04","22:58","-6","0","0","0","0","0"
"F9","12/19/2024","1292","N387FR","MSP","21:00","21:00","0","0","0","0","0","0"
"F9","12/19/2024","1362","N347FR","CLT","05:05","05:00","-5","0","0","0","0","0"
"F9","12/19/2024","1375","N350FR","PHX","05:30","05:25","-5","0","0","0","0","0"
"F9","12/19/2024","1402","N621FR","BNA","08:00","08:13","13","0","0","0","0","0"
"F9","12/19/2024","1450","N387FR","ATL","05:10","05:17","7","7","0","13","0","0"
"F9","12/19/2024","1499","N386FR","ONT","22:29","22:24","-5","0","0","0","0","0"
"F9","12/19/2024","1560","N353FR","MSN","07:45","07:37","-8","0","0","0","0","0"
"F9","12/19/2024","1734","N656FR","MCO","18:10","18:17","7","0","0","0","0","0"
"F9","12/19/2024","1816","N365FR","AUS","18:26","18:16","-10","0","0","0","0","0"
"F9","12/19/2024","1918","N625FR","CLE","06:00","06:01","1","0","0","0","0","0"
"F9","12/19/2024","1928","N386FR","OKC","17:05","17:12","7","0","0","0","0","0"
"F9","12/19/2024","2015","N232FR","LAS","08:00","08:58","58","0","0","0","0","40"
"F9","12/19/2024","2141","N338FR","PHX","13:16","13:11","-5","0","0","0","0","0"
"F9","12/19/2024","2261","N374FR","ELP","16:59","17:08","9","0","0","0","0","0"
"F9","12/19/2024","2341","N373FR","LAX","07:00","06:50","-10","0","0","0","0","0"
"F9","12/19/2024","2348","N361FR","IND","16:00","15:56","-4","0","0","0","0","0"
"F9","12/19/2024","2349","N379FR","LAS","14:00","14:01","1","0","0","0","0","0"
"F9","12/19/2024","2356","N324FR","SAT","10:14","10:02","-12","0","0","0","0","0"
"F9","12/19/2024","2360","N373FR","MSY","17:45","17:34","-11","0","0","0","0","0"
"F9","12/19/2024","2374","N369FR","TYS","14:15","14:09","-6","0","0","0","0","0"
"F9","12/19/2024","2440","N702FR","RDU","06:00","05:49","-11","0","0","0","0","0"
"F9","12/19/2024","2632","N232FR","DFW","18:50","19:03","13","0","0","0","0","0"
"F9","12/19/2024","2687","N359FR","PDX","14:00","13:50","-10","0","0","0","0","0"
"F9","12/19/2024","2746","N360FR","TPA","08:45","08:36","-9","0","0","0","0","0"
"F9","12/19/2024","2817","N613FR","SAN","09:05","09:03","-2","0","0","0","0","0"
"F9","12/19/2024","3155","N350FR","LAX","22:55","23:14","19","0","0","0","0","0"
"F9","12/19/2024","3162","N621FR","LGA","16:23","18:19","116","111","0","0","0","0"
"F9","12/19/2024","3174","N362FR","ORD","16:01","15:57","-4","0","0","22","0","0"
"F9","12/19/2024","3206","N387FR","IAH","13:55","13:43","-12","0","0","0","0","0"
"F9","12/19/2024","3286","N394FR","CVG","08:09","08:02","-7","0","0","0","0","0"
"F9","12/19/2024","3294","N609FR","ATL","23:59","23:56","-3","0","0","0","0","0"
"F9","12/19/2024","3312","N361FR","MCO","06:00","05:55","-5","0","0","0","0","0"
"F9","12/19/2024","3340","N352FR","PHL","23:45","23:34","-11","0","0","0","0","0"
"F9","12/19/2024","3376","N328FR","MCI","16:59","17:06","7","0","0","0","0","0"
"F9","12/19/2024","3433","N347FR","EGE","13:46","13:53","7","0","0","0","0","0"
"F9","12/19/2024","3439","N374FR","SFO","22:25","22:19","-6","0","0","0","0","0"
"F9","12/19/2024","3467","N347FR","PHX","17:50","17:46","-4","0","0","0","0","0"
"F9","12/19/2024","3566","N388FR","DTW","16:50","16:46","-4","0","0","0","0","0"
"F9","12/19/2024","3930","N359FR","PNS","06:05","05:55","-10","0","0","0","0","0"
"F9","12/19/2024","3981","N649FR","SLC","09:45","09:48","3","0","0","0","0","0"
"F9","12/19/2024","4070","N702FR","DFW","15:53","15:46","-7","0","0","0","0","0"
"F9","12/19/2024","4251","N702FR","SLC","22:20","22:18","-2","0","0","0","0","0"
"F9","12/19/2024","4371","N332FR","SNA","15:00","15:11","11","0","0","0","0","0"
"F9","12/19/2024","4374","N349FR","PIT","16:10","16:03","-7","0","0","0","0","0"
"F9","12/19/2024","4386","N330FR","CID","10:45","11:05","20","0","0","0","0","0"
"F9","12/19/2024","4464","N233FR","DFW","08:36","08:24","-12","0","0","0","0","0"
"F9","12/19/2024","4478","N360FR","STL","18:06","19:07","61","21","0","0","0","30"
"F9","12/19/2024","4576","N337FR","CMH","15:10","15:13","3","0","0","0","0","0"
"F9","12/19/2024","4611","N613FR","LAS","22:21","22:59","38","0","0","0","0","0"
"F9","12/19/2024","4616","N613FR","MSP","16:05","16:17","12","7","0","7","0","5"
"F9","12/19/2024","4626","N337FR","MEM","08:30","08:28","-2","0","0","0","0","0"
"F9","12/19/2024","4753","N649FR","PHX","22:20","22:12","-8","0","0","0","0","0"
"F9","12/19/2024","4776","N388FR","LIT","10:45","10:35","-10","0","0","0","0","0"
"F9","12/19/2024","4856","N354FR","IAH","21:00","20:47","-13","0","0","0","0","0"
"F9","12/19/2024","4863","N304FR","PSP","10:00","09:52","-8","0","0","0","0","0"
"F9","12/19/2024","4917","N386FR","SJC","10:10","10:01","-9","0","0","0","0","0"
"F9","12/19/2024","4920","N337FR","MCO","23:17","23:27","10","0","0","0","0","0"
"F9","12/19/2024","4967","N238FR","LAS","17:48","18:24","36","0","0","0","0","0"
"F9","12/19/2024","4982","N353FR","RSW","14:15","15:08","53","0","0","0","0","29"
"F9","12/19/2024","4989","N328FR","SAN","22:20","05:56","456","0","456","235","0","0"
"F9","12/20/2024","0686","N349FR","DCA","06:50","06:46","-4","0","0","0","0","0"
"F9","12/20/2024","0688","N342FR","DCA","11:41","12:51","70","1","0","0","0","58"
"F9","12/20/2024","0690","N328FR","DCA","16:42","17:12","30","30","0","14","0","0"
"F9","12/20/2024","1093","N304FR","SFO","06:00","05:52","-8","0","0","0","0","0"
"F9","12/20/2024","1114","N653FR","TPA","00:29","00:45","16","0","0","0","0","0"
"F9","12/20/2024","1162","N359FR","HOU","15:23","15:20","-3","0","0","0","0","0"
"F9","12/20/2024","1175","N347FR","SEA","11:00","11:01","1","0","0","0","0","0"
"F9","12/20/2024","1248","N387FR","GRR","08:10","08:03","-7","0","0","0","0","0"
"F9","12/20/2024","1280","N349FR","MIA","23:04","23:35","31","0","0","0","0","0"
"F9","12/20/2024","1292","N354FR","MSP","21:00","22:19","79","79","0","2","0","0"
"F9","12/20/2024","1362","N360FR","CLT","07:10","07:02","-8","0","0","0","0","0"
"F9","12/20/2024","1375","N373FR","PHX","05:30","05:29","-1","0","0","0","0","0"
"F9","12/20/2024","1402","N642FR","BNA","09:00","10:40","100","0","0","0","0","96"
"F9","12/20/2024","1450","N361FR","ATL","05:35","05:31","-4","0","0","0","0","0"
"F9","12/20/2024","1499","N603FR","ONT","22:29","22:23","-6","0","0","0","0","0"
"F9","12/20/2024","1678","N374FR","DSM","10:55","10:48","-7","0","0","0","0","0"
"F9","12/20/2024","1734","N394FR","MCO","18:10","18:33","23","0","0","0","0","0"
"F9","12/20/2024","1816","N336FR","AUS","18:26","19:48","82","1","0","0","0","73"
"F9","12/20/2024","1819","N352FR","PHX","10:36","10:35","-1","0","0","0","0","0"
"F9","12/20/2024","1864","N374FR","OKC","16:59","16:50","-9","0","0","0","0","0"
"F9","12/20/2024","1874","N360FR","OMA","16:00","16:06","6","0","0","0","0","0"
"F9","12/20/2024","1918","N622FR","CLE","05:05","05:48","43","42","0","0","0","0"
"F9","12/20/2024","2015","N637FR","LAS","08:35","08:49","14","0","0","0","0","0"
"F9","12/20/2024","2105","N371FR","PHX","17:56","18:21","25","0","0","0","0","0"
"F9","12/20/2024","2108","N330FR","FSD","17:10","17:38","28","11","0","3","0","17"
"F9","12/20/2024","2141","N395FR","PHX","12:54","12:50","-4","0","0","0","0","0"
"F9","12/20/2024","2148","N716FR","DFW","08:46","08:43","-3","0","0","0","0","0"
"F9","12/20/2024","2210","N352FR","MDW","16:15","16:41","26","3","0","0","0","20"
"F9","12/20/2024","2261","N337FR","ELP","16:39","17:55","76","6","0","0","0","52"
"F9","12/20/2024","2341","N388FR","LAX","07:00","06:49","-11","0","0","0","0","0"
"F9","12/20/2024","2349","N362FR","LAS","13:24","14:51","87","0","0","0","0","60"
"F9","12/20/2024","2356","N619FR","SAT","10:24","10:20","-4","0","0","0","0","0"
"F9","12/20/2024","2440","N353FR","RDU","15:35","15:32","-3","0","0","0","0","0"
"F9","12/20/2024","2444","N386FR","PNS","17:27","17:33","6","0","0","0","0","0"
"F9","12/20/2024","2632","N335FR","DFW","18:50","19:20","30","4","0","0","0","16"
"F9","12/20/2024","2687","N622FR","PDX","13:43","14:07","24","0","0","0","0","0"
"F9","12/20/2024","2706","N386FR","BWI","08:05","08:00","-5","0","0","0","0","0"
"F9","12/20/2024","2746","N615FR","TPA","08:30","08:29","-1","0","0","0","0","0"
"F9","12/20/2024","2817","","SAN","08:45","00:00","0","0","0","0","0","0"
"F9","12/20/2024","2907","N637FR","ONT","18:45","19:14","29","0","0","0","0","0"
"F9","12/20/2024","3155","N330FR","LAX","22:55","22:40","-15","0","0","0","0","0"
"F9","12/20/2024","3162","N304FR","LGA","16:23","16:29","6","0","0","0","0","0"
"F9","12/20/2024","3172","N230FR","ORD","20:10","20:45","35","7","0","0","0","22"
"F9","12/20/2024","3206","N349FR","IAH","16:05","16:22","17","17","0","5","0","0"
"F9","12/20/2024","3286","N364FR","CVG","07:21","07:15","-6","0","0","0","0","0"
"F9","12/20/2024","3294","N236FR","ATL","23:59","23:53","-6","0","0","0","0","0"
"F9","12/20/2024","3302","N613FR","STL","05:05","05:03","-2","0","0","0","0","0"
"F9","12/20/2024","3312","N353FR","MCO","06:00","05:51","-9","0","0","0","0","0"
"F9","12/20/2024","3340","N342FR","PHL","23:45","23:36","-9","0","0","0","0","0"
"F9","12/20/2024","3376","N354FR","MCI","11:15","11:45","30","11","0","0","0","13"
"F9","12/20/2024","3439","N374FR","SFO","22:25","22:28","3","0","0","0","0","0"
"F9","12/20/2024","3566","N350FR","DTW","16:30","16:35","5","0","0","0","0","0"
"F9","12/20/2024","3665","N388FR","SMF","16:59","17:04","5","0","0","0","0","0"
"F9","12/20/2024","3981","N702FR","SLC","09:45","09:38","-7","0","0","0","0","0"
"F9","12/20/2024","4070","N649FR","DFW","15:43","16:30","47","44","0","0","0","0"
"F9","12/20/2024","4251","N649FR","SLC","22:20","22:36","16","0","0","0","0","0"
"F9","12/20/2024","4344","N350FR","XNA","11:00","10:55","-5","0","0","0","0","0"
"F9","12/20/2024","4371","N365FR","SNA","15:21","16:21","60","0","0","43","0","0"
"F9","12/20/2024","4521","N309FR","BUR","10:00","09:51","-9","0","0","0","0","0"
"F9","12/20/2024","4562","N337FR","MSY","09:10","09:53","43","37","0","0","0","0"
"F9","12/20/2024","4611","N359FR","LAS","22:21","22:26","5","0","0","0","0","0"
"F9","12/20/2024","4616","N387FR","MSP","16:00","15:59","-1","0","0","0","0","0"
"F9","12/20/2024","4626","N649FR","MEM","08:40","08:34","-6","0","0","0","0","0"
"F9","12/20/2024","4721","N615FR","SLC","18:26","18:39","13","0","0","0","0","0"
"F9","12/20/2024","4753","N387FR","PHX","22:37","05:52","435","422","0","0","0","0"
"F9","12/20/2024","4794","N361FR","FAR","15:00","14:58","-2","0","0","0","0","0"
"F9","12/20/2024","4856","N360FR","IAH","21:00","20:56","-4","0","0","0","0","0"
"F9","12/20/2024","4917","N330FR","SJC","10:05","09:59","-6","0","0","0","0","0"
"F9","12/20/2024","4920","N352FR","MCO","23:17","23:35","18","0","0","0","0","0"
"F9","12/20/2024","4967","N639FR","LAS","19:37","19:42","5","0","0","0","0","0"
"F9","12/20/2024","4989","N337FR","SAN","22:20","22:52","32","0","0","0","0","0"
"F9","12/21/2024","0686","N350FR","DCA","06:50","06:50","0","0","0","0","0","0"
"F9","12/21/2024","0688","N308FR","DCA","11:41","11:36","-5","0","0","0","0","0"
"F9","12/21/2024","0690","N386FR","DCA","16:42","17:16","34","27","0","3","0","7"
"F9","12/21/2024","0777","N350FR","LAS","16:21","16:16","-5","0","0","0","0","0"
"F9","12/21/2024","1093","N603FR","SFO","06:10","06:07","-3","0","0","0","0","0"
"F9","12/21/2024","1114","N353FR","TPA","00:29","01:50","81","72","0","0","0","0"
"F9","12/21/2024","1162","N312FR","HOU","14:55","14:51","-4","0","0","0","0","0"
"F9","12/21/2024","1175","N305FR","SEA","11:00","11:00","0","0","0","0","0","0"
"F9","12/21/2024","1248","N304FR","GRR","16:38","16:29","-9","0","0","0","0","0"
"F9","12/21/2024","1280","N361FR","MIA","23:04","23:01","-3","0","0","0","0","0"
"F9","12/21/2024","1292","N348FR","MSP","21:00","20:54","-6","0","0","0","0","0"
"F9","12/21/2024","1362","N625FR","CLT","06:00","06:01","1","0","0","0","0","0"
"F9","12/21/2024","1375","N307FR","PHX","05:30","05:27","-3","0","0","0","0","0"
"F9","12/21/2024","1402","N382FR","BNA","16:35","17:17","42","12","0","0","0","25"
"F9","12/21/2024","1450","N312FR","ATL","06:30","06:25","-5","0","0","0","0","0"
"F9","12/21/2024","1499","N626FR","ONT","22:29","22:30","1","0","0","0","0","0"
"F9","12/21/2024","1734","N637FR","MCO","18:10","18:16","6","0","0","0","0","0"
"F9","12/21/2024","1816","N332FR","AUS","18:26","18:44","18","0","0","0","0","0"
"F9","12/21/2024","1819","N328FR","PHX","10:36","10:26","-10","0","0","0","0","0"
"F9","12/21/2024","1864","N337FR","OKC","16:59","16:57","-2","0","0","0","0","0"
"F9","12/21/2024","1918","N358FR","CLE","10:15","10:07","-8","0","0","0","0","0"
"F9","12/21/2024","2015","N304FR","LAS","06:30","06:24","-6","0","0","0","0","0"
"F9","12/21/2024","2105","N358FR","PHX","18:35","18:47","12","0","0","0","0","0"
"F9","12/21/2024","2108","N361FR","FSD","17:06","17:09","3","0","0","0","0","0"
"F9","12/21/2024","2141","N371FR","PHX","13:05","13:04","-1","0","0","0","0","0"
"F9","12/21/2024","2148","N704FR","DFW","08:46","08:49","3","3","0","13","0","0"
"F9","12/21/2024","2210","N354FR","MDW","09:50","10:03","13","0","0","0","0","0"
"F9","12/21/2024","2261","N328FR","ELP","16:39","16:33","-6","0","0","0","0","0"
"F9","12/21/2024","2341","N386FR","LAX","07:00","06:57","-3","0","0","0","0","0"
"F9","12/21/2024","2348","N638FR","IND","16:00","15:59","-1","0","0","0","0","0"
"F9","12/21/2024","2356","N651FR","SAT","11:23","11:10","-13","0","0","0","0","0"
"F9","12/21/2024","2440","N309FR","RDU","06:00","05:53","-7","0","0","0","0","0"
"F9","12/21/2024","2632","N371FR","DFW","18:50","19:03","13","0","0","0","0","0"
"F9","12/21/2024","2687","N603FR","PDX","13:43","14:12","29","0","0","0","0","0"
"F9","12/21/2024","2746","N649FR","TPA","09:00","08:58","-2","0","0","0","0","0"
"F9","12/21/2024","2817","N360FR","SAN","08:30","12:30","240","5","0","0","0","222"
"F9","12/21/2024","3155","N347FR","LAX","22:55","22:49","-6","0","0","0","0","0"
"F9","12/21/2024","3172","N642FR","ORD","19:18","19:19","1","0","0","0","0","0"
"F9","12/21/2024","3206","N625FR","IAH","15:10","15:13","3","0","0","0","0","0"
"F9","12/21/2024","3286","N331FR","CVG","08:19","08:45","26","0","0","0","0","20"
"F9","12/21/2024","3294","N388FR","ATL","23:59","23:53","-6","0","0","0","0","0"
"F9","12/21/2024","3302","N615FR","STL","05:05","04:59","-6","0","0","0","0","0"
"F9","12/21/2024","3312","N637FR","MCO","06:00","05:58","-2","0","0","0","0","0"
"F9","12/21/2024","3340","N350FR","PHL","23:45","23:40","-5","0","0","17","0","0"
"F9","12/21/2024","3439","N374FR","SFO","22:25","22:18","-7","0","0","0","0","0"
"F9","12/21/2024","3566","N622FR","DTW","16:08","17:49","101","24","0","0","0","73"
"F9","12/21/2024","3665","N388FR","SMF","16:11","16:05","-6","0","0","0","0","0"
"F9","12/21/2024","3930","N383FR","PNS","16:59","16:56","-3","0","0","0","0","0"
"F9","12/21/2024","3981","N348FR","SLC","09:45","09:36","-9","0","0","0","0","0"
"F9","12/21/2024","4070","N347FR","DFW","15:55","15:48","-7","0","0","0","0","0"
"F9","12/21/2024","4251","N337FR","SLC","22:20","22:08","-12","0","0","0","0","0"
"F9","12/21/2024","4344","N330FR","XNA","11:00","11:17","17","0","0","0","0","0"
"F9","12/21/2024","4371","N382FR","SNA","10:00","10:31","31","0","0","0","0","0"
"F9","12/21/2024","4386","N337FR","CID","10:45","10:59","14","0","0","0","0","0"
"F9","12/21/2024","4562","N307FR","MSY","15:30","15:19","-11","0","0","0","0","0"
"F9","12/21/2024","4611","N649FR","LAS","19:43","19:48","5","0","0","0","0","0"
"F9","12/21/2024","4616","N309FR","MSP","15:35","15:29","-6","0","0","0","0","0"
"F9","12/21/2024","4753","N309FR","PHX","22:20","22:10","-10","0","0","0","0","0"
"F9","12/21/2024","4856","N308FR","IAH","21:04","21:08","4","0","0","0","0","0"
"F9","12/21/2024","4917","N383FR","SJC","09:00","08:49","-11","0","0","0","0","0"
"F9","12/21/2024","4920","N307FR","MCO","23:17","23:08","-9","0","0","0","0","0"
"F9","12/21/2024","4967","N621FR","LAS","22:21","22:17","-4","0","0","0","0","0"
"F9","12/21/2024","4989","N328FR","SAN","22:20","22:07","-13","0","0","0","0","0"
"F9","12/22/2024","0686","N360FR","DCA","06:50","06:45","-5","0","0","0","0","0"
"F9","12/22/2024","0688","N369FR","DCA","11:41","11:27","-14","0","0","0","0","0"
"F9","12/22/2024","0690","N347FR","DCA","16:42","16:36","-6","0","0","0","0","0"
"F9","12/22/2024","1093","N386FR","SFO","13:00","12:51","-9","0","0","0","0","0"
"F9","12/22/2024","1114","N358FR","TPA","00:29","00:34","5","0","0","0","0","0"
"F9","12/22/2024","1175","N374FR","SEA","11:00","10:50","-10","0","0","0","0","0"
"F9","12/22/2024","1261","N638FR","ONT","10:10","10:12","2","0","0","0","0","0"
"F9","12/22/2024","1280","N364FR","MIA","23:04","23:00","-4","0","0","0","0","0"
"F9","12/22/2024","1292","N232FR","MSP","21:00","20:50","-10","0","0","0","0","0"
"F9","12/22/2024","1362","N383FR","CLT","05:05","04:58","-7","0","0","0","0","0"
"F9","12/22/2024","1375","N369FR","PHX","05:30","05:22","-8","0","0","0","0","0"
"F9","12/22/2024","1450","N702FR","ATL","05:01","04:58","-3","0","0","0","0","0"
"F9","12/22/2024","1499","N382FR","ONT","22:29","22:20","-9","0","0","0","0","0"
"F9","12/22/2024","1560","N304FR","MSN","07:45","07:32","-13","0","0","0","0","0"
"F9","12/22/2024","1734","N713FR","MCO","18:10","18:25","15","0","0","0","0","0"
"F9","12/22/2024","1816","N235FR","AUS","18:26","18:32","6","0","0","0","0","0"
"F9","12/22/2024","1918","N625FR","CLE","06:00","05:58","-2","0","0","0","0","0"
"F9","12/22/2024","1928","N330FR","OKC","17:04","17:27","23","19","0","0","0","0"
"F9","12/22/2024","2015","N348FR","LAS","08:00","07:54","-6","0","0","0","0","0"
"F9","12/22/2024","2141","N392FR","PHX","13:16","13:08","-8","0","0","0","0","0"
"F9","12/22/2024","2261","N382FR","ELP","16:59","17:00","1","0","0","0","0","0"
"F9","12/22/2024","2341","N382FR","LAX","07:00","06:44","-16","0","0","0","0","0"
"F9","12/22/2024","2348","N307FR","IND","16:00","15:59","-1","0","0","0","0","0"
"F9","12/22/2024","2349","N362FR","LAS","14:00","13:51","-9","0","0","0","0","0"
"F9","12/22/2024","2356","N336FR","SAT","10:14","10:09","-5","0","0","0","0","0"
"F9","12/22/2024","2360","N348FR","MSY","17:45","17:51","6","6","0","12","0","0"
"F9","12/22/2024","2374","N311FR","TYS","14:15","14:10","-5","0","0","18","0","0"
"F9","12/22/2024","2440","N626FR","RDU","06:00","06:00","0","0","0","0","0","0"
"F9","12/22/2024","2632","N337FR","DFW","18:50","19:06","16","0","0","0","0","0"
"F9","12/22/2024","2687","N702FR","PDX","13:43","13:56","13","0","0","0","0","0"
"F9","12/22/2024","2746","N235FR","TPA","08:45","08:39","-6","0","0","0","0","0"
"F9","12/22/2024","2817","N614FR","SAN","08:50","08:43","-7","0","0","0","0","0"
"F9","12/22/2024","3155","N386FR","LAX","22:55","22:47","-8","0","0","0","0","0"
"F9","12/22/2024","3162","N360FR","LGA","16:23","16:30","7","0","0","0","0","0"
"F9","12/22/2024","3174","N230FR","ORD","16:01","16:25","24","22","0","0","0","0"
"F9","12/22/2024","3206","N307FR","IAH","09:15","09:06","-9","0","0","0","0","0"
"F9","12/22/2024","3286","N372FR","CVG","08:09","08:39","30","0","0","0","0","19"
"F9","12/22/2024","3294","N626FR","ATL","23:59","23:51","-8","0","0","0","0","0"
"F9","12/22/2024","3312","N603FR","MCO","06:00","05:59","-1","0","0","0","0","0"
"F9","12/22/2024","3340","N305FR","PHL","23:45","23:40","-5","0","0","18","0","0"
"F9","12/22/2024","3376","N312FR","MCI","16:59","16:53","-6","0","0","0","0","0"
"F9","12/22/2024","3433","N383FR","EGE","13:46","14:19","33","0","0","21","0","33"
"F9","12/22/2024","3439","N311FR","SFO","22:25","22:15","-10","0","0","0","0","0"
"F9","12/22/2024","3467","N304FR","PHX","17:50","18:13","23","0","0","0","0","0"
"F9","12/22/2024","3566","N328FR","DTW","16:50","16:40","-10","0","0","0","0","0"
"F9","12/22/2024","3930","N626FR","PNS","15:32","15:41","9","0","0","0","0","0"
"F9","12/22/2024","3981","N309FR","SLC","09:45","09:41","-4","0","0","0","0","0"
"F9","12/22/2024","4070","N614FR","DFW","15:55","16:32","37","18","0","0","0","13"
"F9","12/22/2024","4251","N330FR","SLC","22:20","22:13","-7","0","0","0","0","0"
"F9","12/22/2024","4371","N238FR","SNA","15:00","14:51","-9","0","0","0","0","0"
"F9","12/22/2024","4374","N622FR","PIT","16:11","16:10","-1","0","0","0","0","0"
"F9","12/22/2024","4386","N347FR","CID","10:45","10:45","0","0","0","0","0","0"
"F9","12/22/2024","4464","N308FR","DFW","08:36","08:36","0","0","0","0","0","0"
"F9","12/22/2024","4478","N324FR","STL","18:06","18:31","25","0","0","0","0","0"
"F9","12/22/2024","4576","N364FR","CMH","15:10","15:02","-8","0","0","0","0","0"
"F9","12/22/2024","4611","N603FR","LAS","22:21","22:15","-6","0","0","0","0","0"
"F9","12/22/2024","4616","N603FR","MSP","16:00","15:58","-2","0","0","0","0","0"
"F9","12/22/2024","4626","N364FR","MEM","08:30","08:42","12","0","0","0","0","0"
"F9","12/22/2024","4753","N614FR","PHX","22:20","22:33","13","0","0","0","0","0"
"F9","12/22/2024","4776","N328FR","LIT","10:45","10:37","-8","0","0","0","0","0"
"F9","12/22/2024","4856","N309FR","IAH","21:00","20:55","-5","0","0","0","0","0"
"F9","12/22/2024","4863","N361FR","PSP","10:00","09:46","-14","0","0","0","0","0"
"F9","12/22/2024","4917","N312FR","SJC","10:01","10:01","0","0","0","0","0","0"
"F9","12/22/2024","4920","N638FR","MCO","23:12","23:07","-5","0","0","0","0","0"
"F9","12/22/2024","4967","N332FR","LAS","17:48","18:00","12","0","0","0","0","0"
"F9","12/22/2024","4982","N305FR","RSW","14:15","14:15","0","0","0","0","0","0"
"F9","12/22/2024","4989","N312FR","SAN","22:20","22:10","-10","0","0","0","0","0"
"F9","12/23/2024","0686","N328FR","DCA","06:50","06:48","-2","0","0","0","0","0"
"F9","12/23/2024","0688","N337FR","DCA","11:41","11:31","-10","0","0","0","0","0"
"F9","12/23/2024","0690","N311FR","DCA","16:42","16:39","-3","0","0","0","0","0"
"F9","12/23/2024","1093","N383FR","SFO","06:00","05:50","-10","0","0","0","0","0"
"F9","12/23/2024","1114","N622FR","TPA","00:29","00:39","10","0","0","0","0","0"
"F9","12/23/2024","1162","N380FR","HOU","15:35","15:29","-6","0","0","0","0","0"
"F9","12/23/2024","1175","N382FR","SEA","11:00","10:51","-9","0","0","0","0","0"
"F9","12/23/2024","1248","N614FR","GRR","08:45","08:52","7","0","0","0","0","0"
"F9","12/23/2024","1280","N361FR","MIA","23:04","23:10","6","0","0","0","0","0"
"F9","12/23/2024","1292","N702FR","MSP","21:00","23:56","176","18","0","0","0","150"
"F9","12/23/2024","1362","N374FR","CLT","07:10","06:57","-13","0","0","0","0","0"
"F9","12/23/2024","1375","N361FR","PHX","05:30","05:24","-6","0","0","0","0","0"
"F9","12/23/2024","1402","N720FR","BNA","09:00","09:11","11","0","0","0","0","0"
"F9","12/23/2024","1450","N348FR","ATL","05:35","05:26","-9","0","0","0","0","0"
"F9","12/23/2024","1499","N351FR","ONT","22:29","22:26","-3","0","0","0","0","0"
"F9","12/23/2024","1678","N386FR","DSM","10:55","10:53","-2","0","0","0","0","0"
"F9","12/23/2024","1734","N718FR","MCO","18:10","06:13","723","723","0","2","0","0"
"F9","12/23/2024","1816","N336FR","AUS","18:26","18:25","-1","0","0","0","0","0"
"F9","12/23/2024","1819","N347FR","PHX","10:36","10:24","-12","0","0","0","0","0"
"F9","12/23/2024","1864","N386FR","OKC","16:59","16:52","-7","0","0","0","0","0"
"F9","12/23/2024","1874","N374FR","OMA","16:00","15:49","-11","0","0","0","0","0"
"F9","12/23/2024","1918","N702FR","CLE","06:20","06:10","-10","0","0","0","0","0"
"F9","12/23/2024","2015","N232FR","LAS","08:05","07:58","-7","0","0","0","0","0"
"F9","12/23/2024","2105","N324FR","PHX","17:56","18:03","7","0","0","0","0","0"
"F9","12/23/2024","2108","N330FR","FSD","17:04","16:54","-10","0","0","0","0","0"
"F9","12/23/2024","2141","N334FR","PHX","12:54","12:44","-10","0","0","0","0","0"
"F9","12/23/2024","2148","N607FR","DFW","08:46","08:39","-7","0","0","0","0","0"
"F9","12/23/2024","2210","N232FR","MDW","17:51","17:45","-6","0","0","0","0","0"
"F9","12/23/2024","2261","N361FR","ELP","16:39","16:33","-6","0","0","0","0","0"
"F9","12/23/2024","2341","N653FR","LAX","07:00","06:51","-9","0","0","0","0","0"
"F9","12/23/2024","2349","N313FR","LAS","13:25","13:13","-12","0","0","0","0","0"
"F9","12/23/2024","2356","N714FR","SAT","10:14","10:04","-10","0","0","0","0","0"
"F9","12/23/2024","2440","N651FR","RDU","06:00","05:53","-7","0","0","0","0","0"
"F9","12/23/2024","2632","N335FR","DFW","18:50","18:47","-3","0","0","0","0","0"
"F9","12/23/2024","2687","N348FR","PDX","14:00","13:48","-12","0","0","0","0","0"
"F9","12/23/2024","2706","N309FR","BWI","08:05","07:56","-9","0","0","0","0","0"
"F9","12/23/2024","2746","N721FR","TPA","08:30","08:27","-3","0","0","0","0","0"
"F9","12/23/2024","2817","N307FR","SAN","08:45","08:30","-15","0","0","0","0","0"
"F9","12/23/2024","2907","N638FR","ONT","09:30","09:42","12","0","0","0","0","0"
"F9","12/23/2024","3155","N331FR","LAX","22:55","22:53","-2","0","0","0","0","0"
"F9","12/23/2024","3162","N307FR","LGA","16:23","16:16","-7","0","0","0","0","0"
"F9","12/23/2024","3172","N309FR","ORD","20:10","19:58","-12","0","0","0","0","0"
"F9","12/23/2024","3206","N651FR","IAH","15:50","15:52","2","0","0","0","0","0"
"F9","12/23/2024","3286","N352FR","CVG","07:07","06:58","-9","0","0","0","0","0"
"F9","12/23/2024","3294","N625FR","ATL","23:58","23:57","-1","0","0","0","0","0"
"F9","12/23/2024","3302","N634FR","STL","05:05","04:58","-7","0","0","0","0","0"
"F9","12/23/2024","3312","N304FR","MCO","06:00","05:55","-5","0","0","0","0","0"
"F9","12/23/2024","3340","N346FR","PHL","23:45","23:35","-10","0","0","0","0","0"
"F9","12/23/2024","3376","N311FR","MCI","11:00","10:50","-10","0","0","0","0","0"
"F9","12/23/2024","3439","N348FR","SFO","22:25","00:20","115","100","0","0","0","0"
"F9","12/23/2024","3566","N312FR","DTW","16:30","16:56","26","0","0","0","0","0"
"F9","12/23/2024","3665","N614FR","SMF","16:59","16:47","-12","0","0","0","0","0"
"F9","12/23/2024","3930","N383FR","PNS","17:27","17:20","-7","0","0","0","0","0"
"F9","12/23/2024","3981","N360FR","SLC","09:45","09:37","-8","0","0","0","0","0"
"F9","12/23/2024","4070","N328FR","DFW","16:05","15:54","-11","0","0","0","0","0"
"F9","12/23/2024","4251","N328FR","SLC","22:20","22:11","-9","0","0","0","0","0"
"F9","12/23/2024","4344","N312FR","XNA","11:00","11:34","34","24","0","0","0","0"
"F9","12/23/2024","4371","N359FR","SNA","15:21","15:13","-8","0","0","0","0","0"
"F9","12/23/2024","4521","N367FR","BUR","10:00","09:54","-6","0","0","0","0","0"
"F9","12/23/2024","4544","N653FR","CID","17:35","17:29","-6","0","0","0","0","0"
"F9","12/23/2024","4611","N638FR","LAS","22:21","22:14","-7","0","0","0","0","0"
"F9","12/23/2024","4616","N331FR","MSP","16:07","16:01","-6","0","0","0","0","0"
"F9","12/23/2024","4721","N721FR","SLC","18:26","18:54","28","0","0","0","0","0"
"F9","12/23/2024","4753","N367FR","PHX","22:37","22:31","-6","0","0","0","0","0"
"F9","12/23/2024","4794","N702FR","FAR","14:55","14:56","1","0","0","0","0","0"
"F9","12/23/2024","4856","N374FR","IAH","21:00","20:46","-14","0","0","0","0","0"
"F9","12/23/2024","4917","N330FR","SJC","10:00","09:52","-8","0","0","0","0","0"
"F9","12/23/2024","4920","N330FR","MCO","23:17","23:09","-8","0","0","0","0","0"
"F9","12/23/2024","4967","N235FR","LAS","19:32","19:28","-4","0","0","0","0","0"
"F9","12/23/2024","4989","N386FR","SAN","22:20","22:08","-12","0","0","0","0","0"
"F9","12/24/2024","0686","N382FR","DCA","06:50","06:51","1","0","0","0","0","0"
"F9","12/24/2024","0688","N348FR","DCA","11:41","11:36","-5","0","0","0","0","0"
"F9","12/24/2024","0690","N386FR","DCA","16:42","16:30","-12","0","0","0","0","0"
"F9","12/24/2024","0777","N389FR","LAS","17:02","16:54","-8","0","0","0","0","0"
"F9","12/24/2024","1093","N352FR","SFO","13:00","12:50","-10","0","0","0","0","0"
"F9","12/24/2024","1114","N653FR","TPA","00:29","00:24","-5","0","0","0","0","0"
"F9","12/24/2024","1175","N311FR","SEA","11:00","10:48","-12","0","0","0","0","0"
"F9","12/24/2024","1261","N337FR","ONT","10:00","10:03","3","0","0","0","0","0"
"F9","12/24/2024","1280","N328FR","MIA","23:04","22:57","-7","0","0","0","0","0"
"F9","12/24/2024","1292","N351FR","MSP","21:00","21:41","41","33","0","0","0","0"
"F9","12/24/2024","1362","N374FR","CLT","08:10","07:59","-11","0","0","0","0","0"
"F9","12/24/2024","1375","N638FR","PHX","05:30","05:30","0","0","0","0","0","0"
"F9","12/24/2024","1450","N369FR","ATL","08:20","08:15","-5","0","0","0","0","0"
"F9","12/24/2024","1499","N307FR","ONT","22:29","22:16","-13","0","0","0","0","0"
"F9","12/24/2024","1560","N307FR","MSN","15:53","15:49","-4","0","0","0","0","0"
"F9","12/24/2024","1734","N706FR","MCO","18:10","18:39","29","8","0","0","0","10"
"F9","12/24/2024","1735","N312FR","PHX","21:45","22:19","34","34","0","10","0","0"
"F9","12/24/2024","1816","N235FR","AUS","18:26","18:27","1","0","0","0","0","0"
"F9","12/24/2024","1864","N374FR","OKC","16:59","16:47","-12","0","0","0","0","0"
"F9","12/24/2024","1918","N651FR","CLE","06:00","05:49","-11","0","0","0","0","0"
"F9","12/24/2024","1993","N344FR","LAS","09:53","09:57","4","0","0","0","0","0"
"F9","12/24/2024","2141","N331FR","PHX","13:05","12:59","-6","0","0","0","0","0"
"F9","12/24/2024","2148","N639FR","DFW","08:46","15:37","411","0","0","319","0","123"
"F9","12/24/2024","2261","N369FR","ELP","16:39","16:32","-7","0","0","0","0","0"
"F9","12/24/2024","2341","N351FR","LAX","07:00","06:59","-1","0","0","0","0","0"
"F9","12/24/2024","2348","N337FR","IND","16:30","16:17","-13","0","0","0","0","0"
"F9","12/24/2024","2356","N614FR","SAT","18:10","18:00","-10","0","0","0","0","0"
"F9","12/24/2024","2440","N614FR","RDU","08:08","08:01","-7","0","0","0","0","0"
"F9","12/24/2024","2632","N349FR","DFW","18:50","18:48","-2","0","0","0","0","0"
"F9","12/24/2024","2687","N638FR","PDX","13:43","13:35","-8","0","0","0","0","0"
"F9","12/24/2024","2746","N721FR","TPA","09:20","09:12","-8","0","0","28","0","0"
"F9","12/24/2024","2817","N375FR","SAN","09:15","09:10","-5","0","0","0","0","0"
"F9","12/24/2024","2996","N360FR","IAH","21:02","21:00","-2","0","0","21","0","0"
"F9","12/24/2024","3155","N334FR","LAX","22:55","22:54","-1","0","0","0","0","0"
"F9","12/24/2024","3174","N702FR","ORD","09:47","09:44","-3","0","0","0","0","0"
"F9","12/24/2024","3206","N328FR","IAH","14:10","14:01","-9","0","0","0","0","0"
"F9","12/24/2024","3286","N380FR","CVG","08:49","08:53","4","0","0","0","0","0"
"F9","12/24/2024","3294","N605FR","ATL","23:58","23:54","-4","0","0","0","0","0"
"F9","12/24/2024","3312","N307FR","MCO","06:00","05:56","-4","0","0","0","0","0"
"F9","12/24/2024","3340","N337FR","PHL","23:45","23:42","-3","0","0","0","0","0"
"F9","12/24/2024","3439","N389FR","SFO","22:25","22:54","29","0","0","0","0","0"
"F9","12/24/2024","3566","N346FR","DTW","16:40","16:33","-7","0","0","0","0","0"
"F9","12/24/2024","3981","N720FR","SLC","09:45","09:42","-3","0","0","0","0","0"
"F9","12/24/2024","4070","N375FR","DFW","15:58","16:34","36","0","0","63","0","9"
"F9","12/24/2024","4251","N374FR","SLC","22:20","23:30","70","55","0","0","0","0"
"F9","12/24/2024","4371","N346FR","SNA","10:05","09:55","-10","0","0","0","0","0"
"F9","12/24/2024","4386","N386FR","CID","10:45","10:39","-6","0","0","0","0","0"
"F9","12/24/2024","4611","N721FR","LAS","20:05","20:24","19","0","0","0","0","0"
"F9","12/24/2024","4616","N382FR","MSP","16:05","15:55","-10","0","0","0","0","0"
"F9","12/24/2024","4753","N382FR","PHX","22:20","22:08","-12","0","0","0","0","0"
"F9","12/24/2024","4863","N360FR","PSP","10:00","09:54","-6","0","0","0","0","0"
"F9","12/24/2024","4917","N389FR","SJC","08:40","08:29","-11","0","0","0","0","0"
"F9","12/24/2024","4920","N232FR","MCO","23:17","23:15","-2","0","0","0","0","0"
"F9","12/24/2024","4967","N654FR","LAS","22:26","22:24","-2","0","0","0","0","0"
"F9","12/24/2024","4989","N369FR","SAN","22:20","22:07","-13","0","0","0","0","0"
"F9","12/25/2024","0686","N352FR","DCA","06:50","06:41","-9","0","0","0","0","0"
"F9","12/25/2024","0688","N337FR","DCA","11:41","11:49","8","0","0","0","0","0"
"F9","12/25/2024","0690","N360FR","DCA","16:42","16:47","5","0","0","0","0","0"
"F9","12/25/2024","1093","N307FR","SFO","06:00","05:50","-10","0","0","0","0","0"
"F9","12/25/2024","1114","N348FR","TPA","00:29","01:25","56","48","0","0","0","0"
"F9","12/25/2024","1162","N311FR","HOU","15:35","15:35","0","0","0","0","0","0"
"F9","12/25/2024","1175","N386FR","SEA","11:00","10:52","-8","0","0","0","0","0"
"F9","12/25/2024","1280","N311FR","MIA","23:04","23:15","11","0","0","0","0","0"
"F9","12/25/2024","1292","N338FR","MSP","21:00","21:02","2","0","0","0","0","0"
"F9","12/25/2024","1375","N720FR","PHX","05:30","05:29","-1","0","0","0","0","0"
"F9","12/25/2024","1402","N642FR","BNA","09:00","08:55","-5","0","0","0","0","0"
"F9","12/25/2024","1450","N360FR","ATL","08:20","08:16","-4","0","0","0","0","0"
"F9","12/25/2024","1499","N334FR","ONT","22:29","22:19","-10","0","0","0","0","0"
"F9","12/25/2024","1734","N714FR","MCO","18:10","18:09","-1","0","0","0","0","0"
"F9","12/25/2024","1816","N353FR","AUS","18:26","18:26","0","0","0","0","0","0"
"F9","12/25/2024","1819","N389FR","PHX","10:36","10:26","-10","0","0","0","0","0"
"F9","12/25/2024","1864","N367FR","OKC","16:59","16:50","-9","0","0","0","0","0"
"F9","12/25/2024","1874","N334FR","OMA","17:20","17:03","-17","0","0","0","0","0"
"F9","12/25/2024","1918","N654FR","CLE","05:05","05:00","-5","0","0","0","0","0"
"F9","12/25/2024","2098","N346FR","SAT","17:30","17:28","-2","0","0","18","0","0"
"F9","12/25/2024","2105","N328FR","PHX","19:05","19:39","34","0","0","0","0","0"
"F9","12/25/2024","2108","","FSD","17:06","00:00","0","0","0","0","0","0"
"F9","12/25/2024","2141","N373FR","PHX","13:05","12:54","-11","0","0","0","0","0"
"F9","12/25/2024","2210","N374FR","MDW","18:10","18:26","16","16","0","2","0","0"
"F9","12/25/2024","2261","N352FR","ELP","16:39","16:38","-1","0","0","0","0","0"
"F9","12/25/2024","2341","N346FR","LAX","07:00","06:59","-1","0","0","0","0","0"
"F9","12/25/2024","2349","N322FR","LAS","13:52","14:01","9","0","0","0","0","0"
"F9","12/25/2024","2440","N720FR","RDU","12:00","11:51","-9","0","0","0","0","0"
"F9","12/25/2024","2632","N373FR","DFW","18:50","18:58","8","0","0","22","0","8"
"F9","12/25/2024","2687","N654FR","PDX","13:43","13:35","-8","0","0","0","0","0"
"F9","12/25/2024","2746","N374FR","TPA","08:45","08:36","-9","0","0","0","0","0"
"F9","12/25/2024","2817","N311FR","SAN","08:45","08:38","-7","0","0","0","0","0"
"F9","12/25/2024","2996","N720FR","IAH","21:15","21:28","13","0","0","0","0","0"
"F9","12/25/2024","3155","N331FR","LAX","22:55","23:07","12","0","0","0","0","0"
"F9","12/25/2024","3172","N303FR","ORD","20:10","20:05","-5","0","0","0","0","0"
"F9","12/25/2024","3294","N710FR","ATL","23:59","23:54","-5","0","0","0","0","0"
"F9","12/25/2024","3302","N638FR","STL","05:05","04:57","-8","0","0","0","0","0"
"F9","12/25/2024","3312","N656FR","MCO","06:00","05:55","-5","0","0","0","0","0"
"F9","12/25/2024","3340","N232FR","PHL","23:45","23:47","2","0","0","0","0","0"
"F9","12/25/2024","3376","N334FR","MCI","11:00","11:12","12","0","0","0","0","0"
"F9","12/25/2024","3439","N367FR","SFO","22:25","22:27","2","0","0","0","0","0"
"F9","12/25/2024","3665","N369FR","SMF","16:59","16:57","-2","0","0","0","0","0"
"F9","12/25/2024","3930","N351FR","PNS","08:05","07:57","-8","0","0","0","0","0"
"F9","12/25/2024","3981","N338FR","SLC","09:45","09:33","-12","0","0","0","0","0"
"F9","12/25/2024","4070","N307FR","DFW","15:53","15:44","-9","0","0","0","0","0"
"F9","12/25/2024","4251","N337FR","SLC","22:20","22:18","-2","0","0","0","0","0"
"F9","12/25/2024","4344","N369FR","XNA","11:00","10:47","-13","0","0","0","0","0"
"F9","12/25/2024","4371","N235FR","SNA","14:38","14:30","-8","0","0","0","0","0"
"F9","12/25/2024","4521","N328FR","BUR","10:00","09:47","-13","0","0","0","0","0"
"F9","12/25/2024","4611","N614FR","LAS","22:21","22:21","0","0","0","0","0","0"
"F9","12/25/2024","4616","N351FR","MSP","16:00","16:49","49","36","0","0","0","0"
"F9","12/25/2024","4753","N351FR","PHX","22:20","22:46","26","0","0","0","0","0"
"F9","12/25/2024","4794","N710FR","FAR","15:11","15:03","-8","0","0","0","0","0"
"F9","12/25/2024","4856","N656FR","IAH","16:00","16:08","8","8","0","26","0","0"
"F9","12/25/2024","4917","N353FR","SJC","10:00","09:54","-6","0","0","0","0","0"
"F9","12/25/2024","4920","N656FR","MCO","23:12","23:56","44","7","0","0","0","23"
"F9","12/25/2024","4967","N657FR","LAS","19:37","20:39","62","42","0","0","0","0"
"F9","12/25/2024","4989","N352FR","SAN","22:20","22:28","8","0","0","0","0","0"
"F9","12/26/2024","0686","N307FR","DCA","06:50","06:42","-8","0","0","0","0","0"
"F9","12/26/2024","0688","N331FR","DCA","11:41","11:30","-11","0","0","0","0","0"
"F9","12/26/2024","0690","N367FR","DCA","16:42","16:42","0","0","0","0","0","0"
"F9","12/26/2024","1093","N374FR","SFO","13:00","13:23","23","0","0","0","0","0"
"F9","12/26/2024","1114","N317FR","TPA","00:29","00:14","-15","0","0","0","0","0"
"F9","12/26/2024","1175","N232FR","SEA","11:00","10:53","-7","0","0","0","0","0"
"F9","12/26/2024","1261","N605FR","ONT","10:10","10:04","-6","0","0","0","0","0"
"F9","12/26/2024","1280","N341FR","MIA","23:04","23:03","-1","0","0","0","0","0"
"F9","12/26/2024","1292","N651FR","MSP","21:00","21:22","22","0","0","0","0","0"
"F9","12/26/2024","1362","N346FR","CLT","05:05","04:58","-7","0","0","16","0","0"
"F9","12/26/2024","1375","N374FR","PHX","05:30","05:42","12","0","0","0","0","0"
"F9","12/26/2024","1402","N365FR","BNA","08:00","07:53","-7","0","0","0","0","0"
"F9","12/26/2024","1450","N651FR","ATL","05:10","05:05","-5","0","0","0","0","0"
"F9","12/26/2024","1499","N360FR","ONT","22:29","22:41","12","0","0","0","0","0"
"F9","12/26/2024","1560","N341FR","MSN","07:45","07:34","-11","0","0","0","0","0"
"F9","12/26/2024","1734","N637FR","MCO","18:10","18:54","44","0","0","0","0","28"
"F9","12/26/2024","1816","N336FR","AUS","18:26","19:12","46","0","0","0","0","40"
"F9","12/26/2024","1918","N609FR","CLE","06:00","05:58","-2","0","0","0","0","0"
"F9","12/26/2024","1928","N360FR","OKC","17:05","17:04","-1","0","0","0","0","0"
"F9","12/26/2024","2015","N614FR","LAS","08:00","07:52","-8","0","0","0","0","0"
"F9","12/26/2024","2141","N389FR","PHX","13:16","16:11","175","0","0","0","0","162"
"F9","12/26/2024","2261","N380FR","ELP","16:59","19:03","124","2","0","15","0","122"
"F9","12/26/2024","2341","N328FR","LAX","07:00","06:47","-13","0","0","18","0","0"
"F9","12/26/2024","2348","N334FR","IND","16:00","15:57","-3","0","0","0","0","0"
"F9","12/26/2024","2349","N313FR","LAS","14:00","13:51","-9","0","0","0","0","0"
"F9","12/26/2024","2356","N385FR","SAT","10:14","10:23","9","0","0","0","0","0"
"F9","12/26/2024","2360","N614FR","MSY","17:45","17:44","-1","0","0","0","0","0"
"F9","12/26/2024","2374","N341FR","TYS","14:15","14:05","-10","0","0","35","0","0"
"F9","12/26/2024","2440","N654FR","RDU","06:00","05:56","-4","0","0","20","0","0"
"F9","12/26/2024","2632","N370FR","DFW","18:50","18:48","-2","0","0","0","0","0"
"F9","12/26/2024","2687","N369FR","PDX","14:00","14:03","3","0","0","0","0","0"
"F9","12/26/2024","2746","N380FR","TPA","08:45","09:34","49","0","0","62","0","0"
"F9","12/26/2024","2817","N656FR","SAN","09:05","09:14","9","0","0","0","0","0"
"F9","12/26/2024","3155","N374FR","LAX","22:55","22:45","-10","0","0","0","0","0"
"F9","12/26/2024","3162","N303FR","LGA","16:23","16:20","-3","0","0","0","0","0"
"F9","12/26/2024","3174","N365FR","ORD","16:01","15:54","-7","0","0","0","0","0"
"F9","12/26/2024","3206","N651FR","IAH","13:55","13:52","-3","0","0","0","0","0"
"F9","12/26/2024","3286","N326FR","CVG","08:09","08:00","-9","0","0","0","0","0"
"F9","12/26/2024","3294","N720FR","ATL","23:59","23:50","-9","0","0","0","0","0"
"F9","12/26/2024","3312","N334FR","MCO","06:00","05:52","-8","0","0","21","0","0"
"F9","12/26/2024","3340","N346FR","PHL","23:45","00:01","16","16","0","4","0","0"
"F9","12/26/2024","3376","N383FR","MCI","16:59","17:04","5","0","0","0","0","0"
"F9","12/26/2024","3433","N346FR","EGE","13:46","14:44","58","0","0","59","0","0"
"F9","12/26/2024","3439","N331FR","SFO","22:25","22:15","-10","0","0","49","0","0"
"F9","12/26/2024","3467","N346FR","PHX","17:50","18:25","35","1","0","0","0","28"
"F9","12/26/2024","3566","N352FR","DTW","16:50","17:23","33","0","0","0","0","27"
"F9","12/26/2024","3930","N369FR","PNS","06:05","06:00","-5","0","0","18","0","0"
"F9","12/26/2024","3981","N720FR","SLC","09:45","11:24","99","0","0","6","0","99"
"F9","12/26/2024","4070","N654FR","DFW","15:53","15:53","0","0","0","0","0","0"
"F9","12/26/2024","4251","N654FR","SLC","22:20","22:14","-6","0","0","0","0","0"
"F9","12/26/2024","4371","N322FR","SNA","15:00","14:45","-15","0","0","0","0","0"
"F9","12/26/2024","4374","N307FR","PIT","16:10","15:59","-11","0","0","0","0","0"
"F9","12/26/2024","4386","","CID","10:45","00:00","0","0","0","0","0","0"
"F9","12/26/2024","4464","N308FR","DFW","08:36","08:45","9","0","0","0","0","0"
"F9","12/26/2024","4478","N328FR","STL","18:06","18:03","-3","0","0","0","0","0"
"F9","12/26/2024","4576","N338FR","CMH","15:10","16:33","83","74","0","0","0","0"
"F9","12/26/2024","4611","N638FR","LAS","22:21","22:16","-5","0","0","0","0","0"
"F9","12/26/2024","4616","N656FR","MSP","16:05","15:57","-8","0","0","0","0","0"
"F9","12/26/2024","4626","N349FR","MEM","08:30","08:18","-12","0","0","0","0","0"
"F9","12/26/2024","4753","N605FR","PHX","22:20","22:52","32","32","0","17","0","0"
"F9","12/26/2024","4776","N352FR","LIT","10:45","10:51","6","2","0","22","0","4"
"F9","12/26/2024","4856","N386FR","IAH","21:00","20:53","-7","0","0","0","0","0"
"F9","12/26/2024","4863","N386FR","PSP","10:00","09:51","-9","0","0","0","0","0"
"F9","12/26/2024","4917","N360FR","SJC","10:10","10:02","-8","0","0","0","0","0"
"F9","12/26/2024","4920","N375FR","MCO","23:17","23:34","17","0","0","0","0","0"
"F9","12/26/2024","4967","N238FR","LAS","17:48","18:51","63","0","0","0","0","51"
"F9","12/26/2024","4982","N337FR","RSW","14:15","14:17","2","2","0","24","0","0"
"F9","12/26/2024","4989","N383FR","SAN","22:20","22:33","13","0","0","0","0","0"
"F9","12/27/2024","0686","N369FR","DCA","06:50","06:48","-2","0","0","0","0","0"
"F9","12/27/2024","0688","N338FR","DCA","11:41","11:32","-9","0","0","0","0","0"
"F9","12/27/2024","0690","N337FR","DCA","16:42","16:55","13","0","0","0","0","0"
"F9","12/27/2024","1093","N360FR","SFO","06:00","05:50","-10","0","0","0","0","0"
"F9","12/27/2024","1114","N653FR","TPA","00:29","00:28","-1","0","0","0","0","0"
"F9","12/27/2024","1162","N232FR","HOU","15:23","15:43","20","0","0","0","0","0"
"F9","12/27/2024","1175","N346FR","SEA","11:00","11:10","10","0","0","0","0","0"
"F9","12/27/2024","1248","N656FR","GRR","08:10","08:05","-5","0","0","0","0","0"
"F9","12/27/2024","1280","N352FR","MIA","23:04","23:21","17","0","0","0","0","0"
"F9","12/27/2024","1292","N334FR","MSP","21:00","20:52","-8","0","0","0","0","0"
"F9","12/27/2024","1362","N303FR","CLT","07:10","07:00","-10","0","0","0","0","0"
"F9","12/27/2024","1375","N338FR","PHX","05:30","05:19","-11","0","0","0","0","0"
"F9","12/27/2024","1402","N644FR","BNA","09:00","08:51","-9","0","0","0","0","0"
"F9","12/27/2024","1450","N334FR","ATL","05:35","06:11","36","21","0","0","0","0"
"F9","12/27/2024","1499","N656FR","ONT","22:29","22:27","-2","0","0","0","0","0"
"F9","12/27/2024","1678","N374FR","DSM","10:55","11:11","16","0","0","0","0","0"
"F9","12/27/2024","1734","N375FR","MCO","18:10","18:41","31","0","0","0","0","0"
"F9","12/27/2024","1816","N385FR","AUS","18:26","19:16","50","0","0","0","0","43"
"F9","12/27/2024","1819","N387FR","PHX","10:36","10:26","-10","0","0","0","0","0"
"F9","12/27/2024","1864","N374FR","OKC","16:59","17:04","5","0","0","0","0","0"
"F9","12/27/2024","1874","N303FR","OMA","16:00","15:45","-15","0","0","0","0","0"
"F9","12/27/2024","1918","N638FR","CLE","05:05","04:56","-9","0","0","0","0","0"
"F9","12/27/2024","2015","N605FR","LAS","08:35","08:28","-7","0","0","0","0","0"
"F9","12/27/2024","2105","N328FR","PHX","17:56","17:49","-7","0","0","0","0","0"
"F9","12/27/2024","2108","N331FR","FSD","17:10","17:03","-7","0","0","0","0","0"
"F9","12/27/2024","2141","N356FR","PHX","12:54","13:15","21","0","0","0","0","0"
"F9","12/27/2024","2148","N709FR","DFW","08:46","08:54","8","0","0","0","0","0"
"F9","12/27/2024","2210","N370FR","MDW","16:15","16:09","-6","0","0","0","0","0"
"F9","12/27/2024","2261","N372FR","ELP","16:39","16:29","-10","0","0","0","0","0"
"F9","12/27/2024","2341","N380FR","LAX","07:00","06:54","-6","0","0","0","0","0"
"F9","12/27/2024","2349","N371FR","LAS","13:24","13:16","-8","0","0","0","0","0"
"F9","12/27/2024","2356","N651FR","SAT","10:24","10:16","-8","0","0","0","0","0"
"F9","12/27/2024","2440","N307FR","RDU","15:35","15:36","1","1","0","21","0","0"
"F9","12/27/2024","2444","N386FR","PNS","17:27","17:15","-12","0","0","0","0","0"
"F9","12/27/2024","2632","N312FR","DFW","18:50","19:00","10","0","0","0","0","0"
"F9","12/27/2024","2687","N638FR","PDX","13:43","13:35","-8","0","0","0","0","0"
"F9","12/27/2024","2706","N386FR","BWI","08:05","08:01","-4","0","0","0","0","0"
"F9","12/27/2024","2746","N626FR","TPA","08:30","09:38","68","0","0","71","0","0"
"F9","12/27/2024","2817","N232FR","SAN","08:45","08:40","-5","0","0","0","0","0"
"F9","12/27/2024","2907","N605FR","ONT","18:45","18:44","-1","0","0","0","0","0"
"F9","12/27/2024","3155","N369FR","LAX","22:55","23:30","35","6","0","0","0","9"
"F9","12/27/2024","3162","N360FR","LGA","16:23","16:15","-8","0","0","0","0","0"
"F9","12/27/2024","3172","N367FR","ORD","20:10","20:22","12","0","0","0","0","0"
"F9","12/27/2024","3206","N369FR","IAH","16:05","15:53","-12","0","0","32","0","0"
"F9","12/27/2024","3286","N329FR","CVG","07:21","07:11","-10","0","0","0","0","0"
"F9","12/27/2024","3294","N349FR","ATL","23:59","00:19","20","0","0","0","0","0"
"F9","12/27/2024","3302","N614FR","STL","05:05","04:56","-9","0","0","0","0","0"
"F9","12/27/2024","3312","N307FR","MCO","06:00","05:53","-7","0","0","0","0","0"
"F9","12/27/2024","3340","N328FR","PHL","23:45","23:38","-7","0","0","18","0","0"
"F9","12/27/2024","3376","N337FR","MCI","11:15","11:10","-5","0","0","0","0","0"
"F9","12/27/2024","3439","N372FR","SFO","22:25","22:17","-8","0","0","0","0","0"
"F9","12/27/2024","3566","N383FR","DTW","16:30","16:30","0","0","0","0","0","0"
"F9","12/27/2024","3665","N380FR","SMF","16:59","17:02","3","0","0","0","0","0"
"F9","12/27/2024","3981","N607FR","SLC","09:45","09:50","5","0","0","12","0","5"
"F9","12/27/2024","4070","N654FR","DFW","15:43","15:35","-8","0","0","0","0","0"
"F9","12/27/2024","4251","N654FR","SLC","22:20","22:13","-7","0","0","0","0","0"
"F9","12/27/2024","4344","N383FR","XNA","11:00","10:48","-12","0","0","0","0","0"
"F9","12/27/2024","4371","N336FR","SNA","15:21","15:17","-4","0","0","0","0","0"
"F9","12/27/2024","4521","N367FR","BUR","10:00","09:50","-10","0","0","0","0","0"
"F9","12/27/2024","4562","N372FR","MSY","09:10","09:01","-9","0","0","0","0","0"
"F9","12/27/2024","4611","N323FR","LAS","22:21","22:08","-13","0","0","0","0","0"
"F9","12/27/2024","4616","N656FR","MSP","16:00","15:53","-7","0","0","0","0","0"
"F9","12/27/2024","4626","N654FR","MEM","08:40","08:51","11","0","0","0","0","0"
"F9","12/27/2024","4721","N626FR","SLC","18:26","19:22","56","0","0","0","0","48"
"F9","12/27/2024","4753","N607FR","PHX","22:37","22:27","-10","0","0","0","0","0"
"F9","12/27/2024","4794","N334FR","FAR","15:00","14:48","-12","0","0","0","0","0"
"F9","12/27/2024","4856","N303FR","IAH","21:00","20:53","-7","0","0","0","0","0"
"F9","12/27/2024","4917","N331FR","SJC","10:05","10:00","-5","0","0","0","0","0"
"F9","12/27/2024","4920","N232FR","MCO","23:17","23:11","-6","0","0","0","0","0"
"F9","12/27/2024","4967","N646FR","LAS","19:37","19:38","1","0","0","0","0","0"
"F9","12/27/2024","4989","N338FR","SAN","22:20","22:07","-13","0","0","0","0","0"
"F9","12/28/2024","0686","N383FR","DCA","06:50","06:40","-10","0","0","0","0","0"
"F9","12/28/2024","0688","N384FR","DCA","11:41","11:36","-5","0","0","0","0","0"
"F9","12/28/2024","0690","N337FR","DCA","16:42","16:41","-1","0","0","0","0","0"
"F9","12/28/2024","0777","N383FR","LAS","16:21","16:20","-1","0","0","0","0","0"
"F9","12/28/2024","1093","N656FR","SFO","06:10","06:00","-10","0","0","0","0","0"
"F9","12/28/2024","1114","N348FR","TPA","00:29","00:12","-17","0","0","0","0","0"
"F9","12/28/2024","1162","N380FR","HOU","14:55","14:48","-7","0","0","0","0","0"
"F9","12/28/2024","1175","N386FR","SEA","11:00","10:54","-6","0","0","0","0","0"
"F9","12/28/2024","1248","N360FR","GRR","16:38","16:32","-6","0","0","16","0","0"
"F9","12/28/2024","1280","N380FR","MIA","23:04","22:53","-11","0","0","0","0","0"
"F9","12/28/2024","1292","N232FR","MSP","21:00","20:48","-12","0","0","0","0","0"
"F9","12/28/2024","1362","N609FR","CLT","06:00","05:50","-10","0","0","0","0","0"
"F9","12/28/2024","1375","N384FR","PHX","05:30","05:18","-12","0","0","0","0","0"
"F9","12/28/2024","1402","N328FR","BNA","16:35","16:28","-7","0","0","0","0","0"
"F9","12/28/2024","1450","N380FR","ATL","06:30","06:22","-8","0","0","0","0","0"
"F9","12/28/2024","1499","N609FR","ONT","22:29","22:26","-3","0","0","0","0","0"
"F9","12/28/2024","1734","N630FR","MCO","18:10","18:03","-7","0","0","0","0","0"
"F9","12/28/2024","1816","N322FR","AUS","18:26","18:46","20","20","0","1","0","0"
"F9","12/28/2024","1819","N329FR","PHX","10:36","10:26","-10","0","0","0","0","0"
"F9","12/28/2024","1864","N369FR","OKC","16:59","16:50","-9","0","0","0","0","0"
"F9","12/28/2024","1918","N352FR","CLE","10:15","12:27","132","4","0","6","0","128"
"F9","12/28/2024","2015","N360FR","LAS","06:30","06:25","-5","0","0","0","0","0"
"F9","12/28/2024","2105","N614FR","PHX","18:35","21:02","147","0","0","0","0","117"
"F9","12/28/2024","2108","N341FR","FSD","17:06","16:52","-14","0","0","0","0","0"
"F9","12/28/2024","2141","N324FR","PHX","13:05","12:58","-7","0","0","0","0","0"
"F9","12/28/2024","2148","N704FR","DFW","08:46","08:46","0","0","0","32","0","0"
"F9","12/28/2024","2210","N307FR","MDW","09:50","09:52","2","0","0","0","0","0"
"F9","12/28/2024","2261","N329FR","ELP","16:39","16:34","-5","0","0","0","0","0"
"F9","12/28/2024","2341","N374FR","LAX","07:00","07:46","46","42","0","0","0","0"
"F9","12/28/2024","2348","N605FR","IND","16:00","16:02","2","0","0","0","0","0"
"F9","12/28/2024","2356","N649FR","SAT","11:23","11:21","-2","0","0","0","0","0"
"F9","12/28/2024","2440","N346FR","RDU","06:00","05:52","-8","0","0","0","0","0"
"F9","12/28/2024","2632","N324FR","DFW","18:50","18:52","2","0","0","0","0","0"
"F9","12/28/2024","2687","N656FR","PDX","13:43","13:31","-12","0","0","0","0","0"
"F9","12/28/2024","2746","N654FR","TPA","09:00","11:08","128","0","0","152","0","0"
"F9","12/28/2024","2817","N303FR","SAN","08:30","08:20","-10","0","0","0","0","0"
"F9","12/28/2024","3155","N352FR","LAX","22:55","22:47","-8","0","0","0","0","0"
"F9","12/28/2024","3172","N705FR","ORD","19:18","19:04","-14","0","0","0","0","0"
"F9","12/28/2024","3206","N609FR","IAH","15:10","15:35","25","0","0","0","0","0"
"F9","12/28/2024","3286","N334FR","CVG","08:19","08:09","-10","0","0","0","0","0"
"F9","12/28/2024","3294","N303FR","ATL","23:59","23:45","-14","0","0","0","0","0"
"F9","12/28/2024","3302","N626FR","STL","05:05","04:57","-8","0","0","0","0","0"
"F9","12/28/2024","3312","N605FR","MCO","06:00","05:55","-5","0","0","16","0","0"
"F9","12/28/2024","3340","N235FR","PHL","23:45","23:35","-10","0","0","0","0","0"
"F9","12/28/2024","3439","N369FR","SFO","22:25","22:15","-10","0","0","0","0","0"
"F9","12/28/2024","3566","N638FR","DTW","16:08","16:41","33","4","0","0","0","16"
"F9","12/28/2024","3665","N235FR","SMF","16:11","16:35","24","2","0","0","0","18"
"F9","12/28/2024","3930","N374FR","PNS","16:59","17:20","21","0","0","18","0","21"
"F9","12/28/2024","3981","N232FR","SLC","09:45","09:38","-7","0","0","0","0","0"
"F9","12/28/2024","4070","N338FR","DFW","15:55","18:05","130","114","0","0","0","0"
"F9","12/28/2024","4251","N233FR","SLC","22:20","00:30","130","1","0","0","0","126"
"F9","12/28/2024","4344","N337FR","XNA","11:00","11:24","24","22","0","0","0","0"
"F9","12/28/2024","4371","N341FR","SNA","10:00","09:57","-3","0","0","0","0","0"
"F9","12/28/2024","4386","N369FR","CID","10:45","10:39","-6","0","0","0","0","0"
"F9","12/28/2024","4562","N303FR","MSY","15:30","15:22","-8","0","0","0","0","0"
"F9","12/28/2024","4611","N646FR","LAS","19:43","19:36","-7","0","0","0","0","0"
"F9","12/28/2024","4616","N346FR","MSP","15:35","15:25","-10","0","0","0","0","0"
"F9","12/28/2024","4753","N341FR","PHX","22:20","22:06","-14","0","0","0","0","0"
"F9","12/28/2024","4856","N384FR","IAH","21:04","20:59","-5","0","0","0","0","0"
"F9","12/28/2024","4917","N236FR","SJC","09:00","08:47","-13","0","0","0","0","0"
"F9","12/28/2024","4920","N383FR","MCO","23:17","23:06","-11","0","0","0","0","0"
"F9","12/28/2024","4967","N654FR","LAS","22:21","22:06","-15","0","0","0","0","0"
"F9","12/28/2024","4989","N329FR","SAN","22:20","22:20","0","0","0","0","0","0"
"F9","12/29/2024","0686","N372FR","DCA","06:50","06:42","-8","0","0","0","0","0"
"F9","12/29/2024","0688","N328FR","DCA","11:41","11:27","-14","0","0","0","0","0"
"F9","12/29/2024","0690","N352FR","DCA","16:42","16:33","-9","0","0","0","0","0"
"F9","12/29/2024","1093","N337FR","SFO","13:00","13:18","18","0","0","41","0","0"
"F9","12/29/2024","1114","N360FR","TPA","00:29","00:32","3","0","0","19","0","3"
"F9","12/29/2024","1175","N391FR","SEA","11:00","10:51","-9","0","0","0","0","0"
"F9","12/29/2024","1261","N605FR","ONT","10:10","10:02","-8","0","0","0","0","0"
"F9","12/29/2024","1280","N233FR","MIA","23:04","22:58","-6","0","0","0","0","0"
"F9","12/29/2024","1292","N380FR","MSP","21:00","20:50","-10","0","0","0","0","0"
"F9","12/29/2024","1362","N386FR","CLT","05:05","04:55","-10","0","0","0","0","0"
"F9","12/29/2024","1375","N328FR","PHX","05:30","05:20","-10","0","0","0","0","0"
"F9","12/29/2024","1450","N607FR","ATL","05:01","04:56","-5","0","0","19","0","0"
"F9","12/29/2024","1499","N328FR","ONT","22:29","22:15","-14","0","0","0","0","0"
"F9","12/29/2024","1560","N338FR","MSN","07:45","07:35","-10","0","0","0","0","0"
"F9","12/29/2024","1734","N715FR","MCO","18:10","09:00","890","0","0","0","0","852"
"F9","12/29/2024","1816","N341FR","AUS","18:26","18:14","-12","0","0","0","0","0"
"F9","12/29/2024","1918","N614FR","CLE","06:00","05:50","-10","0","0","0","0","0"
"F9","12/29/2024","1928","N346FR","OKC","17:04","17:07","3","0","0","0","0","0"
"F9","12/29/2024","2015","N232FR","LAS","08:00","07:47","-13","0","0","0","0","0"
"F9","12/29/2024","2141","N386FR","PHX","13:16","15:19","123","84","0","0","0","25"
"F9","12/29/2024","2261","N374FR","ELP","16:59","16:49","-10","0","0","0","0","0"
"F9","12/29/2024","2341","N374FR","LAX","07:00","06:50","-10","0","0","0","0","0"
"F9","12/29/2024","2348","N383FR","IND","16:00","15:51","-9","0","0","0","0","0"
"F9","12/29/2024","2349","N332FR","LAS","14:00","23:02","542","7","0","3","0","535"
"F9","12/29/2024","2356","N323FR","SAT","10:14","10:09","-5","0","0","0","0","0"
"F9","12/29/2024","2360","N232FR","MSY","17:45","17:48","3","0","0","0","0","0"
"F9","12/29/2024","2374","N233FR","TYS","14:15","14:04","-11","0","0","0","0","0"
"F9","12/29/2024","2440","N656FR","RDU","06:00","05:53","-7","0","0","0","0","0"
"F9","12/29/2024","2632","N382FR","DFW","18:50","19:44","54","0","0","0","0","31"
"F9","12/29/2024","2687","N607FR","PDX","13:43","13:43","0","0","0","0","0","0"
"F9","12/29/2024","2746","N230FR","TPA","08:45","11:34","169","0","0","166","0","0"
"F9","12/29/2024","2817","N609FR","SAN","08:50","09:35","45","0","0","41","0","0"
"F9","12/29/2024","3155","N337FR","LAX","22:55","22:57","2","0","0","0","0","0"
"F9","12/29/2024","3162","N372FR","LGA","16:23","16:13","-10","0","0","0","0","0"
"F9","12/29/2024","3174","N378FR","ORD","16:01","16:41","40","0","18","0","0","17"
"F9","12/29/2024","3206","N383FR","IAH","09:15","09:28","13","0","0","0","0","0"
"F9","12/29/2024","3286","N384FR","CVG","08:09","08:25","16","0","0","0","0","0"
"F9","12/29/2024","3294","N638FR","ATL","23:59","00:32","33","0","0","0","0","0"
"F9","12/29/2024","3312","N654FR","MCO","06:00","07:57","117","0","0","154","0","0"
"F9","12/29/2024","3340","N383FR","PHL","23:45","23:35","-10","0","0","25","0","0"
"F9","12/29/2024","3376","N369FR","MCI","16:59","16:59","0","0","0","0","0","0"
"F9","12/29/2024","3433","N371FR","EGE","13:46","14:08","22","0","0","27","0","0"
"F9","12/29/2024","3439","N374FR","SFO","22:25","22:17","-8","0","0","0","0","0"
"F9","12/29/2024","3467","N371FR","PHX","17:50","17:45","-5","0","0","0","0","0"
"F9","12/29/2024","3566","N329FR","DTW","16:50","16:58","8","0","0","0","0","0"
"F9","12/29/2024","3930","N638FR","PNS","15:32","16:22","50","0","0","0","0","37"
"F9","12/29/2024","3981","N347FR","SLC","09:45","09:33","-12","0","0","0","0","0"
"F9","12/29/2024","4070","N609FR","DFW","15:55","16:45","50","0","0","0","0","39"
"F9","12/29/2024","4251","N346FR","SLC","22:20","22:47","27","18","0","0","0","0"
"F9","12/29/2024","4371","N304FR","SNA","15:00","14:53","-7","0","0","0","0","0"
"F9","12/29/2024","4374","N656FR","PIT","16:11","22:50","399","4","0","29","0","395"
"F9","12/29/2024","4386","N352FR","CID","10:45","10:46","1","0","0","0","0","0"
"F9","12/29/2024","4464","N308FR","DFW","08:36","08:35","-1","0","0","0","0","0"
"F9","12/29/2024","4478","N626FR","STL","18:06","23:33","327","58","0","0","0","248"
"F9","12/29/2024","4576","N332FR","CMH","15:10","15:07","-3","0","0","0","0","0"
"F9","12/29/2024","4611","N639FR","LAS","22:21","23:30","69","0","0","0","0","63"
"F9","12/29/2024","4616","N656FR","MSP","16:00","15:58","-2","0","0","0","0","0"
"F9","12/29/2024","4626","N332FR","MEM","08:30","08:14","-16","0","0","0","0","0"
"F9","12/29/2024","4753","N607FR","PHX","22:20","00:16","116","0","0","12","0","116"
"F9","12/29/2024","4776","N329FR","LIT","10:45","10:38","-7","0","0","0","0","0"
"F9","12/29/2024","4856","N347FR","IAH","21:00","23:00","120","19","0","0","0","84"
"F9","12/29/2024","4863","N380FR","PSP","10:00","09:42","-18","0","0","0","0","0"
"F9","12/29/2024","4917","N369FR","SJC","10:01","09:48","-13","0","0","0","0","0"
"F9","12/29/2024","4920","N605FR","MCO","23:12","23:23","11","0","0","0","0","0"
"F9","12/29/2024","4967","N336FR","LAS","17:48","18:14","26","24","0","6","0","2"
"F9","12/29/2024","4982","N338FR","RSW","14:15","14:11","-4","0","0","0","0","0"
"F9","12/29/2024","4989","N369FR","SAN","22:20","22:13","-7","0","0","0","0","0"
"F9","12/30/2024","0686","N338FR","DCA","06:50","06:46","-4","0","0","0","0","0"
"F9","12/30/2024","0688","N328FR","DCA","11:41","11:49","8","0","0","0","0","0"
"F9","12/30/2024","0690","N383FR","DCA","16:42","17:07","25","0","0","0","0","0"
"F9","12/30/2024","1093","N371FR","SFO","06:00","05:50","-10","0","0","0","0","0"
"F9","12/30/2024","1114","N653FR","TPA","00:29","02:04","95","0","0","0","0","66"
"F9","12/30/2024","1162","N330FR","HOU","15:35","17:07","92","23","0","0","0","43"
"F9","12/30/2024","1175","N337FR","SEA","11:00","10:59","-1","0","0","0","0","0"
"F9","12/30/2024","1248","N656FR","GRR","08:45","08:30","-15","0","0","0","0","0"
"F9","12/30/2024","1280","N346FR","MIA","23:04","23:01","-3","0","0","0","0","0"
"F9","12/30/2024","1292","N662FR","MSP","21:00","20:57","-3","0","0","0","0","0"
"F9","12/30/2024","1362","N391FR","CLT","07:10","06:59","-11","0","0","0","0","0"
"F9","12/30/2024","1375","N328FR","PHX","05:30","05:20","-10","0","0","0","0","0"
"F9","12/30/2024","1402","N702FR","BNA","09:00","08:52","-8","0","0","0","0","0"
"F9","12/30/2024","1450","N372FR","ATL","05:35","05:30","-5","0","0","0","0","0"
"F9","12/30/2024","1499","N379FR","ONT","22:29","22:20","-9","0","0","0","0","0"
"F9","12/30/2024","1678","N330FR","DSM","10:55","11:14","19","16","0","0","0","0"
"F9","12/30/2024","1734","N607FR","MCO","18:10","18:46","36","0","0","0","0","0"
"F9","12/30/2024","1816","N336FR","AUS","18:26","18:31","5","0","0","0","0","0"
"F9","12/30/2024","1819","N374FR","PHX","10:36","10:26","-10","0","0","0","0","0"
"F9","12/30/2024","1864","N720FR","OKC","16:59","18:01","62","62","0","21","0","0"
"F9","12/30/2024","1874","N391FR","OMA","16:00","15:58","-2","0","0","0","0","0"
"F9","12/30/2024","1918","N662FR","CLE","06:20","06:09","-11","0","0","0","0","0"
"F9","12/30/2024","2015","N380FR","LAS","08:05","08:06","1","0","0","0","0","0"
"F9","12/30/2024","2105","N329FR","PHX","17:56","19:03","67","36","0","0","0","30"
"F9","12/30/2024","2108","N346FR","FSD","17:04","16:59","-5","0","0","0","0","0"
"F9","12/30/2024","2141","N339FR","PHX","12:54","14:54","120","114","0","0","0","0"
"F9","12/30/2024","2148","N609FR","DFW","08:46","08:58","12","0","0","0","0","0"
"F9","12/30/2024","2210","N380FR","MDW","17:51","17:50","-1","0","0","0","0","0"
"F9","12/30/2024","2261","N374FR","ELP","16:39","19:01","142","8","0","20","0","134"
"F9","12/30/2024","2341","N639FR","LAX","07:00","06:53","-7","0","0","0","0","0"
"F9","12/30/2024","2349","N317FR","LAS","13:25","13:19","-6","0","0","0","0","0"
"F9","12/30/2024","2356","N651FR","SAT","10:14","10:26","12","0","0","0","0","0"
"F9","12/30/2024","2440","N654FR","RDU","06:00","06:00","0","0","0","0","0","0"
"F9","12/30/2024","2632","N313FR","DFW","18:50","19:06","16","0","0","0","0","0"
"F9","12/30/2024","2687","N351FR","PDX","14:00","13:57","-3","0","0","0","0","0"
"F9","12/30/2024","2706","N347FR","BWI","08:05","09:29","84","0","0","0","0","70"
"F9","12/30/2024","2746","N607FR","TPA","08:30","08:30","0","0","0","0","0","0"
"F9","12/30/2024","2817","N230FR","SAN","08:45","08:38","-7","0","0","0","0","0"
"F9","12/30/2024","2907","N633FR","ONT","09:30","09:51","21","21","0","2","0","0"
"F9","12/30/2024","3155","N328FR","LAX","22:55","23:03","8","0","0","0","0","0"
"F9","12/30/2024","3162","N371FR","LGA","16:23","16:17","-6","0","0","0","0","0"
"F9","12/30/2024","3172","N341FR","ORD","20:10","19:58","-12","0","0","0","0","0"
"F9","12/30/2024","3206","N654FR","IAH","15:50","15:49","-1","0","0","27","0","0"
"F9","12/30/2024","3286","N331FR","CVG","07:07","07:15","8","0","0","0","0","0"
"F9","12/30/2024","3294","N720FR","ATL","23:58","00:24","26","0","0","0","0","0"
"F9","12/30/2024","3302","N626FR","STL","05:05","05:21","16","0","0","0","0","0"
"F9","12/30/2024","3312","N232FR","MCO","06:00","05:55","-5","0","0","0","0","0"
"F9","12/30/2024","3340","N654FR","PHL","23:45","23:43","-2","0","0","15","0","0"
"F9","12/30/2024","3376","N383FR","MCI","11:00","10:50","-10","0","0","0","0","0"
"F9","12/30/2024","3439","N352FR","SFO","22:25","23:07","42","42","0","24","0","0"
"F9","12/30/2024","3566","N369FR","DTW","16:30","16:34","4","0","0","0","0","0"
"F9","12/30/2024","3665","N656FR","SMF","16:59","16:58","-1","0","0","0","0","0"
"F9","12/30/2024","3930","N363FR","PNS","17:27","19:00","93","93","0","26","0","0"
"F9","12/30/2024","3981","N352FR","SLC","09:45","09:57","12","0","0","0","0","0"
"F9","12/30/2024","4070","N338FR","DFW","16:05","15:55","-10","0","0","0","0","0"
"F9","12/30/2024","4251","N338FR","SLC","22:20","22:08","-12","0","0","0","0","0"
"F9","12/30/2024","4344","N369FR","XNA","11:00","10:51","-9","0","0","0","0","0"
"F9","12/30/2024","4371","N322FR","SNA","15:21","15:10","-11","0","0","0","0","0"
"F9","12/30/2024","4521","N379FR","BUR","10:00","09:53","-7","0","0","0","0","0"
"F9","12/30/2024","4544","N639FR","CID","17:35","17:41","6","6","0","19","0","0"
"F9","12/30/2024","4611","N633FR","LAS","22:21","22:18","-3","0","0","0","0","0"
"F9","12/30/2024","4616","N372FR","MSP","16:07","15:56","-11","0","0","0","0","0"
"F9","12/30/2024","4721","N705FR","SLC","18:26","18:30","4","0","0","0","0","0"
"F9","12/30/2024","4753","N330FR","PHX","22:37","00:16","99","33","0","14","0","66"
"F9","12/30/2024","4794","N662FR","FAR","14:55","14:44","-11","0","0","29","0","0"
"F9","12/30/2024","4856","N391FR","IAH","21:00","20:58","-2","0","0","0","0","0"
"F9","12/30/2024","4917","N346FR","SJC","10:00","09:50","-10","0","0","0","0","0"
"F9","12/30/2024","4920","N329FR","MCO","23:17","00:57","100","0","0","0","0","56"
"F9","12/30/2024","4967","N347FR","LAS","19:32","19:45","13","13","0","6","0","0"
"F9","12/30/2024","4989","N326FR","SAN","22:20","22:21","1","0","0","0","0","0"
"F9","12/31/2024","0686","N371FR","DCA","06:50","06:40","-10","0","0","0","0","0"
"F9","12/31/2024","0688","N383FR","DCA","11:41","11:38","-3","0","0","0","0","0"
"F9","12/31/2024","0690","N328FR","DCA","16:42","16:32","-10","0","0","0","0","0"
"F9","12/31/2024","0777","N369FR","LAS","17:02","18:56","114","62","0","0","0","38"
"F9","12/31/2024","1093","N337FR","SFO","13:00","12:55","-5","0","0","0","0","0"
"F9","12/31/2024","1114","N614FR","TPA","00:29","00:27","-2","0","0","0","0","0"
"F9","12/31/2024","1175","N326FR","SEA","11:00","10:56","-4","0","0","0","0","0"
"F9","12/31/2024","1261","N336FR","ONT","10:00","09:49","-11","0","0","0","0","0"
"F9","12/31/2024","1280","N372FR","MIA","23:04","23:06","2","0","0","0","0","0"
"F9","12/31/2024","1292","N338FR","MSP","21:00","21:58","58","0","13","6","0","45"
"F9","12/31/2024","1362","N391FR","CLT","08:10","08:35","25","0","0","0","0","0"
"F9","12/31/2024","1375","N656FR","PHX","05:30","05:23","-7","0","0","0","0","0"
"F9","12/31/2024","1450","N380FR","ATL","08:20","08:13","-7","0","0","0","0","0"
"F9","12/31/2024","1499","N351FR","ONT","22:29","22:42","13","0","13","45","0","0"
"F9","12/31/2024","1560","N351FR","MSN","15:53","15:45","-8","0","0","0","0","0"
"F9","12/31/2024","1734","N712FR","MCO","18:10","19:31","81","44","0","0","0","0"
"F9","12/31/2024","1816","N335FR","AUS","18:26","19:55","89","0","0","0","0","75"
"F9","12/31/2024","1864","N389FR","OKC","16:59","17:48","49","40","0","0","0","0"
"F9","12/31/2024","1918","N705FR","CLE","06:00","05:53","-7","0","0","0","0","0"
"F9","12/31/2024","1993","N309FR","LAS","09:53","09:49","-4","0","0","0","0","0"
"F9","12/31/2024","2141","N352FR","PHX","13:05","13:13","8","0","0","0","0","0"
"F9","12/31/2024","2148","N610FR","DFW","08:46","08:50","4","0","0","0","0","0"
"F9","12/31/2024","2261","N372FR","ELP","16:39","16:20","-19","0","0","0","0","0"
"F9","12/31/2024","2341","N369FR","LAX","07:00","06:56","-4","0","0","29","0","0"
"F9","12/31/2024","2348","N336FR","IND","16:30","16:30","0","0","0","0","0","0"
"F9","12/31/2024","2356","N639FR","SAT","18:10","17:56","-14","0","0","0","0","0"
"F9","12/31/2024","2440","N714FR","RDU","08:08","10:55","167","2","0","0","0","146"
"F9","12/31/2024","2632","N352FR","DFW","18:50","18:58","8","0","0","0","0","0"
"F9","12/31/2024","2687","N656FR","PDX","13:43","13:37","-6","0","0","0","0","0"
"F9","12/31/2024","2746","N654FR","TPA","09:20","10:04","44","0","0","0","0","29"
"F9","12/31/2024","2817","N230FR","SAN","09:15","09:09","-6","0","0","0","0","0"
"F9","12/31/2024","2996","N374FR","IAH","21:02","20:54","-8","0","0","0","0","0"
"F9","12/31/2024","3155","N369FR","LAX","22:55","00:09","74","0","1","7","0","73"
"F9","12/31/2024","3174","N702FR","ORD","09:47","09:56","9","0","0","0","0","0"
"F9","12/31/2024","3206","N338FR","IAH","14:10","14:00","-10","0","0","55","0","0"
"F9","12/31/2024","3286","N387FR","CVG","08:49","09:28","39","21","0","3","0","18"
"F9","12/31/2024","3294","N714FR","ATL","23:58","23:53","-5","0","0","0","0","0"
"F9","12/31/2024","3312","N351FR","MCO","06:00","06:02","2","0","0","0","0","0"
"F9","12/31/2024","3340","N389FR","PHL","23:45","23:35","-10","0","0","0","0","0"
"F9","12/31/2024","3439","N383FR","SFO","22:25","22:34","9","0","9","12","0","0"
"F9","12/31/2024","3566","N367FR","DTW","16:40","16:28","-12","0","0","0","0","0"
"F9","12/31/2024","3981","N662FR","SLC","09:45","09:39","-6","0","0","0","0","0"
"F9","12/31/2024","4070","N230FR","DFW","15:58","15:58","0","0","0","0","0","0"
"F9","12/31/2024","4251","N379FR","SLC","22:20","22:12","-8","0","0","29","0","0"
"F9","12/31/2024","4371","N367FR","SNA","10:05","10:05","0","0","0","0","0","0"
"F9","12/31/2024","4386","N328FR","CID","10:45","10:43","-2","0","0","0","0","0"
"F9","12/31/2024","4611","N654FR","LAS","20:05","21:21","76","76","0","26","0","0"
"F9","12/31/2024","4616","N371FR","MSP","16:05","15:51","-14","0","0","0","0","0"
"F9","12/31/2024","4753","N230FR","PHX","22:20","22:38","18","0","18","35","0","0"
"F9","12/31/2024","4863","N374FR","PSP","10:00","10:18","18","18","0","19","0","0"
"F9","12/31/2024","4917","N389FR","SJC","08:40","08:37","-3","0","0","0","0","0"
"F9","12/31/2024","4920","N337FR","MCO","23:17","23:15","-2","0","0","0","0","0"
"F9","12/31/2024","4967","N629FR","LAS","22:26","22:31","5","5","0","33","0","0"
"F9","12/31/2024","4989","N371FR","SAN","22:20","22:28","8","0","0","0","0","0"